0
1.51164340715075e-09
5.26886795325552e-07
5.21828028885996e-06
2.85790052780822e-06
3.63178532455224e-05
1.28630987663537e-05
0.000425216348683111
0.000296020074086708
0.000969223920059679
0.0143561386247969
0.0202412884110193
0.0235201663492805
0.032935008864533
0.0326389269196925
0.0361468934122157
0.0309589685327773
0.0304850896093247
0.0276839737239478
0.028234041864772
0.0292984642607837
0.0284182850161095
0.0282194479630787
0.0338933189976246
0.0381877524797753
0.0384512559111179
0.0374950423755387
0.0422012667788828
0.0353805604914839
0.0344846834676836
