-1.5
-0.956667562280357
-1.14612559011253
-1.26539633410418
-1.32469328592418
-1.32379306137581
-1.28602024066817
-1.32717630577441
-1.38259726490414
-1.40888277798486
-1.41579314965691
-1.44841459643245
-1.48963065928270
-1.56375105076704
-1.50669256064187
-1.44375204082424
-1.51706560112660
-1.51061971133863
-1.54452573489978
-1.52975851300657
-1.48760571970925
-1.55748990042837
-1.51088933985015
-1.59112893280008
-1.56657302331608
-1.44395919983316
-1.47857405443789
-1.58016622209817
-1.58656140309422
-1.58253073987686
-1.65247130720437
-1.5675529217
-1.66151846430486
-1.580813468989
-1.57347456619911
-1.66451641683044
-1.65713294707801
-1.65058308070641
-1.65420691904131
-1.58739864386540
-1.53330642504549
-1.57245377479772
-1.60992413570338
-1.59575329491153
-1.56677085818988
-1.57054235468235
-1.52038951042056
-1.52806567699892
-1.49247620453035
-1.53112202844223
