0.17
0.167128320177764
0.140058060858062
0.134429269905889
0.132971434562924
0.112668356966344
0.106032720889231
0.115939256940944
0.172471090508048
0.163255194994232
0.145650974542634
0.1205541602551
0.122079964385676
0.127857715422614
0.136468218911879
0.130520266128659
0.132568474412964
0.130957618094572
0.164843512158279
0.168417399924705
0.163482820999175
0.154720317252265
0.153966226486401
0.156452071104877
0.14707984082225
0.165758103573401
0.148232326730272
0.159474451180558
0.160836424678611
0.167208607680352
