0.17
0.123241218579064
0.122965253212114
0.119553549230867
0.111865714068387
0.110294001145518
0.138474485283277
0.11031971246447
0.101777647030115
0.0931223647881786
0.0876985010225248
0.0931364632910159
0.108456698469456
0.118304439335005
0.137648133554135
0.126077009355026
0.169320501405615
0.11836503147334
0.114951384777811
0.128050236322053
0.109096274109571
0.147726816486989
0.194384289702441
0.205382597919591
0.213292929854701
0.203321933406063
0.21502143047982
0.22039496274351
0.224608255854125
0.218172677245934
