0.17
0.169161550845646
0.1782670015302
0.178162068946599
0.205175255457842
0.187080355287438
0.159398896653998
0.148063147681987
0.178220936498924
0.176353040922909
0.181700677070887
0.157056167209691
0.192218696179919
0.193427232770945
0.172893650292968
0.201170306422211
0.176110560286372
0.192752337758387
0.193403711740085
0.247857767292718
0.208399751187883
0.215713148430225
0.193467948288009
0.178078260991938
0.174141301575766
0.196221650985433
0.200124667644579
0.15871747746278
0.148976741686549
0.141154351761434
