0.17
0.117962721765757
0.117491306542442
0.152509758643742
0.152836461385906
0.163729958612018
0.165567500056478
0.135801248691792
0.15091831239952
0.154995899900242
0.183180954583462
0.194927970096772
0.139066848268828
0.134114963808531
0.145475641529425
0.146787639659522
0.148335120276839
0.178043429573445
0.145376219444848
0.165902032796999
0.202283654057979
0.223230281186741
0.232946697824573
0.21415192072627
0.243121553545127
0.246922423325027
0.208129121669421
0.163641637479525
0.126815879729025
0.144312679217512
