0.17
0.160946271929260
0.152520936645641
0.165913559762943
0.16351741330048
0.167244476415405
0.184272966030216
0.191301527295631
0.175136674554813
0.123568581381098
0.122590208491663
0.0927846283421268
0.0941039091124903
0.132386226392720
0.136499073149188
0.154890700676721
0.216646313292810
0.203652854618195
0.174626234899308
0.172127666271404
0.140274331708151
0.153763308091499
0.134001789192360
0.130912833778161
0.095459291926186
0.0942795314635687
0.111583213938224
0.113790506014543
0.118660809011518
0.138125768382776
0.137032870303552
0.202551301779505
0.21985053128245
0.217293756916455
0.235586846902093
0.245288386653405
0.165872108568842
0.199378519409088
0.162234208833302
0.12595142302644
0.112460925852485
0.126717222397468
0.149220175910724
0.151974976617616
0.134990248850903
0.191566116593597
0.189756898928702
0.154314291275807
0.126676185662831
0.107269171842834
