0.17
0.162748009140431
0.143346629568206
0.125264764417889
0.119151890381089
0.122160293496961
0.139726955389230
0.148325756111677
0.188689249067420
0.181329376502116
0.167266651717145
0.168792487515256
0.140261577111672
0.138504872996502
0.137851225327874
0.110964243961907
0.129808186590419
0.115921126245977
0.146256934111749
0.123523638563516
0.100872247587123
0.111089407559027
0.105157495068869
0.103462440580614
0.108257868367645
0.0982246150047975
0.0981670363806672
0.0968267465777724
0.113691872323256
0.117809179778152
0.121574316188182
0.123165194727358
0.132990622314831
0.129441607235121
0.132518184835609
0.113729492568457
0.117801505454432
0.129524055861070
0.120809298589647
0.0959885807073
0.0825516367658463
0.0843436803205632
0.0849276376187742
0.0860584145901317
0.0975103911150413
0.114872000415359
0.111137303670769
0.109498398469174
0.134786935713220
0.0919510263595383
