0.17
0.162287714978384
0.168043695587795
0.143821761135176
0.141940099542133
0.144289383151657
0.156295908354420
0.157561085066369
0.147469163187839
0.137032379894841
0.168409671529348
0.131251837868437
0.172511964952854
0.130372726886513
0.154393698205989
0.138262272348444
0.175386348283046
0.144523152700920
0.151722156713398
0.140319463731182
0.151923506845635
0.148006296519275
0.123198168539046
0.106202872073202
0.114867283607166
0.113103691246396
0.149425725110589
0.142026353179745
0.158013456343652
0.148390282207381
0.173276024626237
0.206891024601106
0.209996798104666
0.242088637716942
0.247389835497220
0.224040249068865
0.190106235543604
0.20205948789101
0.214805992669761
0.213550670492573
0.151520297391601
0.148416803695698
0.141895858780680
0.156200608645771
0.166392907987100
0.128688095933482
0.128491052534133
0.109831893746799
0.111064710223972
0.116375620186888
