0.17
0.156008827773583
0.154843584339809
0.142432617943292
0.143057858909182
0.183081726346294
0.117794878465932
0.145311634047541
0.202664048906738
0.202696394054905
0.198288051282689
0.197306059269314
0.188809913256441
0.240978971864096
0.224587388543997
0.19109551168986
0.157289263679351
0.153615988011249
0.133021223464847
0.109673894078041
0.116537335068479
0.117041032404709
0.119294954954803
0.0954838541136334
0.132979285416824
0.168278119940134
0.133863651637068
0.123939936312251
0.0977815063679055
0.099908901082749
