0.17
0.165580008335637
0.163241407269237
0.157458924273947
0.156790228979467
0.133782185002079
0.109755660690462
0.10114576716999
0.126191587117895
0.121127641982664
0.131484583149145
0.116064597493587
0.129405724452964
0.128801568163624
0.112996036121962
0.100458967636701
0.0996471540702192
0.107013839470013
0.0979554212811717
0.0982846987260129
0.103635146646819
0.108230596989893
0.119165962136994
0.121277691808142
0.133362735660873
0.106283768796104
0.0955826826207363
0.111384112352278
0.107182537182722
0.107197102525122
0.105619628151251
0.109372972463422
0.137925431585623
0.134105614505057
0.144840309995344
0.140886725996700
0.122432071673783
0.122987272773882
0.119271353721582
0.118059317497634
0.112546995582095
0.116351036161445
0.127237581850766
0.164061975438128
0.171977433942436
0.114850895256518
0.127827202027344
0.134563784681864
0.125918575575028
0.133651927544207
