0.17
0.189900980382267
0.189495409373473
0.193849967929538
0.219099890524555
0.223182370642705
0.232370780299574
0.239569385443243
0.241259329224934
0.243770970714601
0.206655276205248
0.20044086818867
0.259251399910417
0.258226562065261
0.2278598375342
0.211190915953928
0.161886183374424
0.176168009383388
0.182861521713685
0.176130818784565
0.180961187684243
0.179217257437691
0.210668204504216
0.196334386854114
0.206430684789510
0.193811235157607
0.199901524699263
0.20349947988391
0.169981239453975
0.216889194345382
0.189052046502936
0.186119498605371
0.20275872404491
0.191991295199497
0.149864243682301
0.190545588394198
0.214161323981126
0.170086447725263
0.156472632757791
0.157898117308179
0.171347255940929
0.190188188192427
0.181315694224836
0.170595106137417
0.178280427761251
0.222994822314864
0.194929811796847
0.170925585842377
0.165768831158331
0.262400388646395
