0.17
0.155379392359265
0.158169862837481
0.158707906260625
0.158269764197772
0.142152743524260
0.146359300619888
0.119523189807084
0.135468601646203
0.123776990917233
0.138923312200750
0.125600442798060
0.125028877066405
0.124702017748817
0.130882384063294
0.123879373483116
0.146546285837266
0.132708852141620
0.148349303595129
0.162240702494145
0.135105599012783
0.132102217642005
0.143135190766670
0.131907758692391
0.147561177944510
0.141308209212467
0.141151269455980
0.132141189427313
0.126313225938937
0.127072552924155
0.158285244998696
0.135735464086767
0.126748361125714
0.112995429874068
0.103166232167237
0.100710384274907
0.108943236328044
0.113817516979109
0.121161094070732
0.118408427290545
0.123395686485882
0.100985178633965
0.109122831538302
0.104882345465577
0.106543070902994
0.0991432163274458
0.125099531900492
0.128731459103673
0.117652745735532
0.115708152501893
