0.17
0.176046640293004
0.202139843592142
0.197300416718952
0.192373678171572
0.20794045906646
0.202879234659016
0.167270750838724
0.195988277180274
0.159707842835109
0.172665194560561
0.165361609508397
0.177368144111192
0.184578454488045
0.186510676975699
0.157186247426091
0.154336946827069
0.156726685079827
0.154942000046372
0.152632344691344
0.164049935222372
0.143804944266534
0.135183008029430
0.151160875004870
0.146267079785222
0.134163793737938
0.105378491649333
0.117773070397639
0.0901466981377538
0.0850248202605143
0.120976387835218
0.125156476852228
0.127329414641584
0.144102442520009
0.159313355742132
0.126094815585785
0.151260209908866
0.140686368662141
0.166734340051590
0.19278612791796
0.185159855818859
0.168503484515137
0.155275538554024
0.180668585546338
0.171897399643265
0.157450043495447
0.156596786402253
0.138857129476038
0.147611855309101
0.148278850197246
