0.17
0.169049465861666
0.161013157850529
0.140560261387213
0.138140031838047
0.131135876400730
0.161072674598639
0.155318599004484
0.121605075514728
0.119252990078871
0.102284090796885
0.112297836224612
0.121450068001959
0.156329078546222
0.162431733678301
0.218218170540241
0.239754818727897
0.197655082069618
0.215868779126074
0.222764886935569
0.225787039587266
0.197121398525561
0.134115242822771
0.130790395962298
0.160425316220720
0.173987357515487
0.216644697612667
0.194806805282950
0.188220345160027
0.124109012782693
0.174907599043356
0.153626112901477
0.157657302644850
0.191576176771051
0.161552584158772
0.163330068616254
0.139264641062181
0.133662068933642
0.112940811124985
0.149255055710508
0.129200432451275
0.143090603266856
0.198688004521694
0.198134415728663
0.207983988684301
0.193499445435859
0.176892954781705
0.162405643493707
0.225737788149639
0.219607572005232
