0.17
0.161072898305614
0.217650255917047
0.216675420641547
0.168366153287600
0.172914152465953
0.172558100635094
0.129021128973708
0.133794769562130
0.143123721220412
0.146449536195508
0.141398225542492
0.139634487213691
0.125277354598841
0.130297001516033
0.126287833630921
0.109611680849567
0.0931028752424396
0.105783984058173
0.0933262607276478
0.102669960045942
0.0982385077920297
0.104562639866821
0.105681426545176
0.100519069535668
0.100782534612267
0.102132917546089
0.103984518245435
0.0996948140702068
0.0939109743960232
0.0896024665472629
0.0872629301787898
0.0776069069310795
0.0834793481213177
0.112653202761564
0.0991895014484406
0.0912323375828132
0.0931724250769498
0.104036551441666
0.104539969952349
0.101010117092825
0.0969492182852468
0.097448270512453
0.0965506245527057
0.091753431868176
0.107096155217623
0.106713043727034
0.107640856585244
0.128097168122281
0.161490280886357
