0.17
0.16916477798853
0.166178850046935
0.172535220156002
0.173275970605789
0.169697811785253
0.187506687061118
0.168967236492663
0.193709780477851
0.169273514125848
0.193335966768148
0.139492756959787
0.145942671321632
0.141762997245646
0.141009846316392
0.142848368656444
0.135162918058243
0.125463781859482
0.123682551978993
0.109160553868874
0.112043091203243
0.114023993683446
0.112545796817358
0.112492259415912
0.123257252808859
0.121456057366412
0.101095616122869
0.0955165362189313
0.08253696767342
0.0829072563817501
0.0874636376018029
0.0899532767394647
0.0935209306410156
0.100653977544424
0.0982490725396317
0.0967656952510552
0.107342889033811
0.106258249345336
0.117377027734496
0.118404839161135
0.141574873102956
0.118422210223647
0.0894686962182259
0.0864099545462692
0.0848421664408224
0.0967808651216816
0.109963115828789
0.0932066847981523
0.105096160760643
0.105268242925252
