0.17
0.168030426848077
0.164084290308712
0.169462634225071
0.195471630925835
0.20951887503316
0.218330608444826
0.209329159121667
0.19610384893362
0.150639181795518
0.186794730719211
0.204652020609526
0.157964085099152
0.163199629916697
0.145295719344309
0.126814925197195
0.128338515422579
0.123858812996067
0.152748462003144
0.15200183382219
0.120626046155
0.127385038958338
0.136058781867816
0.204338645051281
0.251906170497867
0.232287160606568
0.185381328853219
0.188240361386793
0.171867829765598
0.121802040577158
