0.17
0.160437698995456
0.164369202437348
0.174878053114630
0.166135440074417
0.169052030392383
0.178131399441367
0.184847919599125
0.143738351956618
0.161618974421679
0.148273599784693
0.180972975881126
0.211293962430435
0.215923136560849
0.193678320643876
0.187507831541126
0.146225008075171
0.156755077128559
0.191601404677536
0.182811380029073
0.178565301461115
0.182481489589592
0.164204452509447
0.171765776051710
0.142648531861173
0.146882430286059
0.147926459678379
0.153434856252792
0.157328478143624
0.163179443102241
0.176702633921538
0.182658384601614
0.181195353994214
0.186672717428798
0.197688592486434
0.167529942747767
0.169716049552121
0.179921057855392
0.169533666624857
0.18877917873869
0.152119797776707
0.143759734179976
0.144045273022407
0.145832609913975
0.175183773116119
0.170570819994227
0.140815391957782
0.141042128128492
0.129120227368016
0.157136241560327
