0.17
0.178330682794003
0.203799579258427
0.207503382520022
0.199349140352156
0.207249735851057
0.198398918731441
0.207884728510355
0.210181907255166
0.234738944451373
0.220003328869242
0.217510318993682
0.220373100082392
0.216518303071817
0.20618509858198
0.18331705819005
0.1923627956275
0.184899202302351
0.177610899717624
0.145275063898333
0.149777146846671
0.150712502618847
0.227310033771139
0.248256372111146
0.229105069449349
0.218471937875753
0.244272171156056
0.273155374714439
0.235749855404557
0.249968599487557
