0.17
0.159385449329163
0.158014867354048
0.148882108650988
0.140073661304562
0.146642417087161
0.113719609667093
0.144186617347357
0.116615945218648
0.119793841408411
0.143556094544847
0.173677807038289
0.162237617938509
0.247476413334509
0.216102044444809
0.263154956998733
0.265400510287551
0.248131130160689
0.170292756302299
0.16820471176556
0.141147378745932
0.119871998503741
0.130416995160309
0.152045587020789
0.120964341682669
0.0863101224468481
0.0888227611339734
0.0902132590000154
0.0839007133902251
0.0877073543999807
