0.17
0.133233818649886
0.130839454155958
0.108745712558349
0.0968447521965408
0.098324287696299
0.0955521538932384
0.0986267028749472
0.109989876418410
0.097113793233601
0.0996718674156806
0.089622231195384
0.085512529883611
0.0848626457288829
0.087023285403985
0.090011748564977
0.094454853649369
0.087304308538095
0.0879776193226244
0.0830440011425245
0.0741541862356496
0.0768912514321358
0.0826578094432278
0.108728344503801
0.105453695289738
0.084412714634109
0.091704376041286
0.0854534779744592
0.090702853272473
0.106859414578819
0.107089830551362
0.0804728034450492
0.084133279503347
0.114855264303571
0.133653997378698
0.149917511844773
0.152456331519161
0.145261174329879
0.153198214420392
0.150604613644794
0.154073168120627
0.156818340278223
0.129684545127149
0.124493869890594
0.123712851881460
0.104501729316867
0.0905825072234521
0.0765252511116201
0.09027701110688
0.0866205140376139
