0.17
0.16094627192926
0.15329013598017
0.12180156268983
0.1249929817528
0.137340174963822
0.0973633349349402
0.0915390975013718
0.099777048717525
0.104097982900735
0.0898825681293248
0.0938814481972017
0.0874862912240032
0.0851041796491356
0.0779360261662382
0.0782440666154699
0.0755104607026002
0.0741516762517862
0.076014547326534
0.0857774578106173
0.119771648665576
0.133159815076444
0.155809185558953
0.20626508904374
0.217410650831935
0.302698558770193
0.295786200207256
0.239142055510057
0.254814891297564
0.253761727955034
