0.17
0.166821173677055
0.155681887619237
0.151883354644361
0.165125278142333
0.134976022862047
0.1383969035286
0.140875822512321
0.127412260629907
0.0957208696739198
0.117524337175279
0.155281594675643
0.142060487525429
0.131359355142175
0.1331771835616
0.12203973819463
0.112733082122802
0.113711388383043
0.151472233412393
0.154966918873233
0.147433075207104
0.147418229502904
0.148627946312644
0.130932408924786
0.144010997761306
0.156918985560263
0.158630493379371
0.175380258748814
0.123150724620404
0.178232291851784
