0.17
0.169371949784201
0.127511805246225
0.105514309982767
0.113972990425686
0.108929148557521
0.106150062024892
0.147806332938089
0.15531684562866
0.182620580875997
0.189496413299618
0.19053470500071
0.175767812969631
0.170664257586077
0.129140691672842
0.124281230867076
0.124338663164902
0.137721113760082
0.151634955965428
0.150845981641363
0.13531154081346
0.154129948423398
0.124891199061518
0.127635478137772
0.124926286049656
0.115026840906457
0.101839605385659
0.109264883604557
0.1047368567386
0.137000378829326
