0.17
0.160791606894558
0.149314963841124
0.138410356571941
0.140338367769283
0.137573700210262
0.142166371377838
0.13856241932173
0.155666344184183
0.147690544772512
0.135976233545593
0.123887586037010
0.128776302045929
0.112076319916221
0.122710126613865
0.126524015782178
0.131347107159671
0.134620858537059
0.0997957505383048
0.112091277330579
0.101308917728235
0.102012301789945
0.0962425620974439
0.0924894031758466
0.0880783274826111
0.091110349036259
0.0968595269912426
0.0962394346701535
0.092646772092206
0.110298613565727
0.12064772981618
0.133759043735445
0.133014938509582
0.132568269109393
0.132502530099023
0.126709077855804
0.120764395378507
0.111831863292986
0.133771135278886
0.118042157527473
0.124455477729939
0.110421221485834
0.125183091766735
0.145235554923998
0.174964397571311
0.170243620565275
0.153793431862795
0.141232187166889
0.135782837506636
0.117093135157718
