0.17
0.155239890744829
0.146339177208135
0.138312773167708
0.147857373291991
0.165508033591321
0.199243760727649
0.205029691128835
0.227351017215965
0.220321528051644
0.220472640469442
0.192266050836276
0.192637227195146
0.179767977797296
0.225010151736362
0.276251774679533
0.278647269876972
0.284303660230495
0.296617084291568
0.257434941911527
0.197704357940801
0.208790723158102
0.217705561432153
0.253180478570125
0.242685105681509
0.213200636828651
0.141425350225773
0.13555138946025
0.167945445763483
0.179863592982131
