0.17
0.132058188738137
0.113907672641969
0.104833862773457
0.134325098405926
0.206268571268644
0.180475771982703
0.186143797161038
0.216226461443783
0.186116193030323
0.124792316453002
0.157189355243799
0.132529159504653
0.137276003003305
0.111424936252054
0.117466671465659
0.102559044058263
0.095660897357938
0.136192094036753
0.208933627220614
0.181505402245593
0.158853401918952
0.132748711978912
0.126072604166634
0.131249838151687
0.110168632272722
0.133430346747296
0.115385650889247
0.127049586101968
0.126240741044121
0.0990349365219488
0.104512809201427
0.128559625008591
0.134211055625869
0.181568297927248
0.185993984276991
0.174312663532675
0.121485333506501
0.157547697169187
0.157540866378541
0.144059502040418
0.150521136443617
0.121132300296426
0.116399155812118
0.136257083198537
0.140915048736581
0.179332803561538
0.225404456835225
0.251459327465375
0.232928731506854
