0.17
0.166307579618873
0.150440661089737
0.14543037414842
0.151499294276303
0.140117891222877
0.147883004159579
0.138458175468338
0.114512421599499
0.130404650161098
0.151405759126219
0.124290086281151
0.168929454123733
0.173602458938857
0.145286859108758
0.131335249296171
0.131218301436937
0.128833663698489
0.188971651546498
0.175770084683125
0.183727177910264
0.185099729258633
0.149670920324397
0.163241741786279
0.135201444968023
0.127025467538926
0.150207739236144
0.159913796837945
0.163807346866217
0.141130917487063
0.125678358546021
0.124213460424828
0.125168419678879
0.131387112322644
0.123978346012937
0.117472453090820
0.120469308326245
0.115513935016449
0.134989255375198
0.141814523845147
0.154888493969655
0.129352834775317
0.151781888487237
0.146828119772459
0.146021083534203
0.118817388672235
0.123615259686201
0.126756532898617
0.118963117079698
0.150855596894468
