0.17
0.141963799318196
0.121703803618582
0.108720188101326
0.09647230031203
0.0964598311593245
0.0757924855468722
0.0911258315415874
0.0894950058977163
0.089619511907129
0.0799798195999401
0.0782236970273454
0.0715935640390263
0.076346932413865
0.0710808653225414
0.0702203215756326
0.0704984249182335
0.0790393682352394
0.0752003003209214
0.073882002613072
0.0924585313490562
0.119498712236903
0.103158613036791
0.100627502614709
0.138157812402875
0.122060581405285
0.139097288111761
0.157908919352616
0.136027379843831
0.107912048045653
