0.17
0.161065319922534
0.116276586135792
0.124406507016758
0.1205642081166
0.125352570201590
0.138768882937411
0.130611389171038
0.137471677985361
0.146372486016629
0.148567204841253
0.16382597745477
0.159846430458365
0.150562841125575
0.107370769654785
0.123687735595705
0.102642041591206
0.102213311521566
0.103474779042005
0.143571042221375
0.134049598390074
0.116978277812077
0.149535467249626
0.132950118850778
0.118577403998184
0.142294130230736
0.134115235043422
0.112336748684643
0.105099270710156
0.110180192704449
0.137665851564593
0.145114879361603
0.168461225568766
0.132110469785892
0.132559426907531
0.144547800494015
0.148127317526855
0.116521506351881
0.117834726473827
0.156298403403042
0.137681290873975
0.154706804537019
0.120390875861897
0.132062104497825
0.124897581427881
0.127614894272503
0.129468706988964
0.150478267937211
0.144342896445182
0.132920786396402
