0.17
0.149155655265654
0.149596041866655
0.139724716303385
0.145740440691159
0.125954019292068
0.161320288703233
0.137266827380828
0.138279247112544
0.105525367293431
0.105730435892077
0.115278868006453
0.103137220476369
0.0846312679594732
0.0849854705629476
0.0926347897851616
0.0866485403738562
0.0882612094007001
0.0845399642605617
0.0859603239843491
0.100328252995251
0.105528831834619
0.0852901465295614
0.090473440852576
0.0749280911500183
0.0742938345806043
0.0741043041279555
0.0751870700965877
0.0810860670489078
0.0843544451823962
