0.17
0.11921472692735
0.10986384949982
0.132154471669852
0.131035213045823
0.107211052027657
0.100843494782475
0.102417809288148
0.111621308339395
0.108977605583905
0.115559994031725
0.11541230670419
0.0947612830627881
0.0800458564719097
0.0784206625389609
0.086052317720267
0.0878133036521393
0.108933313740876
0.115685193799106
0.119692287579107
0.123845896024353
0.127026462951409
0.111373037772823
0.106582868562015
0.125115716836225
0.126073969348227
0.112204700562938
0.141944056242142
0.12147836497638
0.098045582491836
