0.17
0.18695003322695
0.209444629130974
0.266738496471109
0.267508423817308
0.209643117508875
0.212578453037407
0.25073415008243
0.218380078079533
0.23083426967384
0.186011027274993
0.143696451847812
0.194996077901513
0.195242315966085
0.190363466889291
0.198200265578531
0.179630469636311
0.131005155500281
0.13864026686432
0.144135319449903
0.150885866980538
0.17520975610197
0.185450889531667
0.148511369655534
0.163986452368687
0.24757896178277
0.2250387737951
0.223748127095986
0.192808851281809
0.138264376014894
