0.17
0.144556095373059
0.129054379028746
0.124658657536533
0.117869573255215
0.107204550006820
0.0914530687876678
0.0904548881422526
0.0936577799855481
0.0933561791945369
0.0883380727061008
0.133463213678197
0.121080881620531
0.124694019509748
0.118402439472663
0.0872567990147911
0.0863027155447453
0.084039602994284
0.0860846120216763
0.102700690859104
0.0925592035821315
0.0947007096595247
0.0971294948561058
0.135767244072754
0.151766296996417
0.180299018743659
0.147319670335894
0.137162038686146
0.118855936015369
0.0890090570844397
0.120573361651421
0.135607750451561
0.114251366846304
0.0976605988470927
0.0943478169486881
0.108662285540917
0.121865315919490
0.129462275143191
0.0985511180486844
0.118733893811780
0.135095985369574
0.110853243729594
0.109627232168332
0.109164772417216
0.127759966198155
0.108108476516760
0.0993726073923062
0.121106962073323
0.120808303310155
0.0919643767825735
