0.17
0.164705187053714
0.141938221008908
0.118486753580921
0.122663792357034
0.130263173793394
0.152207626422760
0.128734837775813
0.124584926057821
0.0952749475203778
0.0848748023543444
0.0849124534145406
0.082980244266395
0.0876077441993331
0.0938020114518715
0.0976159161188056
0.105757819241911
0.110201309631269
0.0961359898466967
0.101936971072250
0.120406903486803
0.115995441021655
0.134413675424410
0.152105509848208
0.102376719169054
0.113044588915362
0.108660144219251
0.100177760741671
0.0927392094404954
0.0930563211521685
0.0942646495928578
0.095006833697925
0.11504793254853
0.127977539642474
0.122612480686080
0.0974796732834362
0.0869250076884434
0.0876440070015425
0.0769651805923346
0.0778893009216763
0.0974659506519157
0.123811998748643
0.109633105818937
0.114191229803807
0.112364251347976
0.107062567754469
0.0987417764815815
0.0948840205333304
0.143133720152846
0.151115351470582
