0.17
0.163841720798400
0.142552049401523
0.139894476359960
0.147343327059731
0.128748800134714
0.131304590157831
0.150444832342551
0.141660053046652
0.152610852688076
0.153988061500107
0.164063843772229
0.168540992856100
0.165897868147834
0.173784272897391
0.181321046549324
0.173036470173891
0.144749151206733
0.124116694340153
0.123738249799893
0.108731958938527
0.105400884896320
0.114130369233292
0.140050057502431
0.153540017665036
0.159584963303386
0.124466257114186
0.146307934084685
0.125394898900142
0.136595269409949
0.138232612027663
0.126389274612391
0.113547321792130
0.126853942844754
0.128445568178631
0.118139302651187
0.114181262215380
0.112537299832158
0.0852623205593544
0.0921510561651508
0.0921585180493895
0.0923543553298898
0.0997199422897819
0.113538874882935
0.110828107570068
0.101513888580200
0.0987870317452017
0.113911504258418
0.126241599600831
0.10612616220984
