0.17
0.170567229513060
0.139542874869726
0.130996201775728
0.145673059993481
0.153251840431627
0.163397978571074
0.140587744168034
0.145878191727873
0.132812644176836
0.145642927065550
0.159101887031414
0.128666700245447
0.154891288119711
0.165725451766519
0.142532056088771
0.103509799113546
0.100273107238388
0.0955765887229146
0.101240791142267
0.0950219445936348
0.116660758293220
0.118490344667202
0.120196817446766
0.139299939245565
0.184942126016951
0.151024286688222
0.162566572384290
0.166121528752803
0.133198405900457
0.129507164881515
0.116501164546874
0.116464668564237
0.131374597975122
0.144668788335698
0.143869323929947
0.144458164582603
0.134597009009384
0.139797418575345
0.131379003427860
0.134181346064320
0.13137312497557
0.131534131352252
0.131946993166984
0.131425648998520
0.112672172865805
0.116863813140535
0.132396884867075
0.199082735642841
0.158683974143062
