0.17
0.112067604402288
0.0931944649715216
0.0874131339720095
0.0981601664443389
0.138145403705034
0.133805626770146
0.120412777507733
0.13180771358936
0.14296754928295
0.116389192923903
0.133145015418794
0.128537763423301
0.128123393521583
0.117240839598746
0.12839192119362
0.127487061927264
0.153187758059084
0.125540940010706
0.125899923907308
0.131700166660581
0.126951632929703
0.18862805520701
0.181777364974483
0.176917747848556
0.162948169817951
0.104495865297972
0.100886238936199
0.0979084990241751
0.0861537081766429
