0.17
0.135109494373096
0.130259524881622
0.131916912431107
0.14924543632836
0.118379945165408
0.151025884494807
0.141891186101715
0.136966784391652
0.138452214630013
0.138745868603103
0.135352101038462
0.115982542795474
0.112676049018418
0.108030138126985
0.144327051649809
0.123995575821541
0.116218264600319
0.137230181372796
0.16423848398943
0.165876399078589
0.132445522035244
0.147383211234154
0.137413041636552
0.158540357983926
0.15977326757851
0.15249665092573
0.154056183260895
0.13531733761906
0.136677492930578
