0.17
0.121733342818747
0.110384399309808
0.111958548230940
0.116932717115522
0.117602682740681
0.104990218862302
0.126424642227789
0.135394062815226
0.0944407832700584
0.0907999967895095
0.086659363864986
0.090260424917245
0.0864476824393906
0.0832564979923098
0.0862743438892007
0.134285216117551
0.116875666745667
0.108332180060461
0.109731701250582
0.123149430217797
0.133209517346830
0.137104296808466
0.127798623853475
0.10747233794072
0.129019917329549
0.131270535491418
0.142510979121066
0.139582871158756
0.124413338797645
0.0917382287794565
0.0926285854598612
0.104778478016472
0.132429427781060
0.138791260162883
0.130009997246218
0.108000806609628
0.0994491564091396
0.120721978170229
0.130473154722604
0.118070652421928
0.122881055482913
0.118635133184080
0.130235577875932
0.135199547013039
0.120384655329804
0.145529588110902
0.109491174197248
0.101703583924223
0.0910670965319352
