0.17
0.136284589313307
0.120491540907445
0.113773522775
0.114471830058609
0.101340533681444
0.115590079495758
0.116833666952136
0.14563300877951
0.144179989104157
0.151143977070833
0.12093905960077
0.127342405920579
0.128951234960221
0.122246522771036
0.095710684978457
0.0728123014887403
0.0703631094338968
0.0733661374112781
0.0789941740161731
0.0657519384954103
0.0716071002897021
0.0790654812088716
0.0989943420847269
0.0926904706914364
0.0897160159358041
0.0887291528079291
0.0833013564316462
0.0830057194675632
0.082298050087969
