0.17
0.165746676160421
0.152666440406394
0.141326797732145
0.131450234926685
0.128678556762961
0.129123657419227
0.122995334654993
0.117944202494989
0.125229717265355
0.117081723900755
0.124487295600005
0.121852198671276
0.167238319523468
0.155402553134161
0.122769136292185
0.122472747441100
0.141260839419151
0.141406018428458
0.124593170283717
0.111801865952292
0.121459759393189
0.168448417020602
0.123353869237295
0.122943558710008
0.129192493733232
0.117151311006104
0.132050768021934
0.165313063320547
0.171507779715365
0.138164030456554
0.156518334942954
0.167712440654631
0.159558082825345
0.169418334190456
0.168680568021016
0.130711768592027
0.147025516760601
0.138811502469145
0.131008338090762
0.131266165712567
0.134121395059662
0.138794438989643
0.137266974001356
0.147556239080578
0.144904033224328
0.161788828814174
0.147738201147145
0.159711012032747
0.157698470655262
