0.17
0.189295434903371
0.21437370278398
0.21550595388469
0.254600512177796
0.29138132025782
0.315278068417247
0.314580663396003
0.312576496982162
0.32141040723017
0.318045287913045
0.279058968872949
0.291690218454226
0.308099049000292
0.309553880929786
0.277652437784832
0.27862291930997
0.276325541489102
0.303652701652566
0.301928009257032
0.300229757453348
0.304948456930272
0.291967679049926
0.268503005514505
0.291744187989762
0.271567489273143
0.224127399767646
0.239183159047583
0.272357116860304
0.247797569956107
