0.17
0.126239561716037
0.087002358118622
0.0766241616741325
0.0776288987290409
0.0851656886110048
0.080018500244326
0.0667476433200916
0.0658581864935219
0.0699748678112621
0.0924445266530433
0.0785686858133175
0.0759774946419189
0.0699606388295271
0.0801925578572596
0.0759512406943946
0.0733498283971071
0.073099261433811
0.0751440703807641
0.100396754076623
0.0981600055316586
0.0909690419908387
0.0921955348649024
0.089732500561831
0.110583494805091
0.111566891803633
0.120317485375334
0.121294050246637
0.113358719604536
0.0858664681720998
