0.17
0.186374290101534
0.199240176163574
0.195491917207473
0.179911497941726
0.188369184325871
0.189565071770835
0.145204722859463
0.144193558156894
0.162786207286663
0.159013935868673
0.149083388041784
0.159448007245856
0.155339611839430
0.121395629846391
0.141787848177552
0.163674343571195
0.238495922656431
0.247403184102879
0.210476657815479
0.140847583058367
0.171184884422818
0.157551043393792
0.190687104015075
0.174688487894150
0.149459247371712
0.156465521019205
0.207840611143152
0.162256146922584
0.111197860392662
0.115215484898251
0.160940421146914
0.152638053526951
0.147661257794732
0.149378376539342
0.149373194991221
0.146326238029620
0.139224789175253
0.149990948705667
0.125121939355165
0.113381540831930
0.116452519389508
0.128600650102497
0.137250507698065
0.136378526812358
0.125463288259546
0.109925288332770
0.0943799599821124
0.0970157978019865
0.0978738981580828
