0.17
0.158948555113731
0.151756666433044
0.117279414715231
0.143351529082463
0.145189171443809
0.112904842007546
0.115976312559238
0.0875124323276226
0.0807724105485929
0.0837681759797742
0.0825248638682407
0.081229899489463
0.0832731732486972
0.0752763672269363
0.0831196793752619
0.0816530451277696
0.0789658258604393
0.0943598526733817
0.108687065576346
0.0784949221400123
0.0874512091502416
0.0824659553329632
0.0790967940937193
0.0970429273936853
0.0980596667407335
0.132434871819542
0.116377808613313
0.131626690168975
0.127794990995339
