0.17
0.135145104154002
0.133895264084039
0.145821361833573
0.13041125103722
0.116665240512501
0.1050194016905
0.1022205923274
0.092882743668953
0.0965133400144382
0.102654367673427
0.10760730604219
0.103323177282458
0.0787512925006725
0.0773620041180383
0.0789803127834395
0.0836744978937937
0.0787546306841187
0.0674226056578524
0.0728622949193324
0.0671020731556122
0.0665046449630121
0.0668145933916073
0.0709131498671502
0.0658322421703317
0.0660188604866645
0.0767008398051796
0.0711881445133928
0.0826235284725958
0.0762385334165666
