0.17
0.164532538568088
0.157295191116525
0.167463219062637
0.185037039985083
0.186982572232871
0.175288805855894
0.161175512274186
0.135851479098614
0.141401426293944
0.156422415176951
0.139099389170203
0.156518847598308
0.188082852615884
0.172498637564897
0.134353169005812
0.13901183172003
0.165837398733252
0.174328367834923
0.186301002223914
0.199085013149186
0.210141558508444
0.173257878405289
0.112386388185242
0.134266312158160
0.150900622142814
0.182131504672355
0.164446528130254
0.182490486709944
0.183557797292404
0.191847100865411
0.155165102526286
0.184860895434947
0.155927692568461
0.161637633311159
0.165363775899388
0.184757789646732
0.153231020084607
0.169177251974078
0.176361268853766
0.154131659631367
0.166150767904194
0.13678526726079
0.124688344113196
0.147011026446130
0.138480054412098
0.126592490785272
0.160941346686376
0.145789077604576
0.147512688323557
