0.17
0.17812004572329
0.201206906516467
0.21127223566348
0.222569927445206
0.243678354432192
0.267837987295244
0.268575420277477
0.212560559092396
0.167195810459194
0.195221117325923
0.177107880427543
0.203339716958286
0.188249070146027
0.2665676938518
0.181593079675416
0.221896242278663
0.164765613221784
0.18562682228908
0.204382948901249
0.173416658133913
0.134967188690821
0.140065043742441
0.11748739488187
0.110094765282789
0.116166010420676
0.109023979965776
0.110575274280801
0.0916756391708829
0.0799484169569523
