0.17
0.112352109936065
0.111997770858248
0.104576796573276
0.092149901419421
0.0905454644633269
0.102262964117074
0.0910701752921105
0.106876045566869
0.109101737821797
0.0984315335956467
0.100139190035568
0.122208487786458
0.11891669751653
0.0915063702794813
0.0872843137062558
0.0894471182793561
0.114277568682426
0.091436601606435
0.0917459410008096
0.0881221472728116
0.0954048195426533
0.12118367113817
0.110319818078524
0.120894755710329
0.0957454054692892
0.0963084252050354
0.0956465619900655
0.0828161056326357
0.0890272362221602
