0.17
0.164329311552068
0.146663220704984
0.144340432165947
0.10933818995278
0.0940707606711785
0.0971798305437784
0.102299831908522
0.0924445016357577
0.0943819975134599
0.0892708142070894
0.0977371757504748
0.087156358507192
0.0785340603554363
0.0801899153023166
0.0826281456301646
0.0724193132418036
0.0711251489581572
0.0611405773666713
0.0645720357955553
0.06119078263048
0.0573633298661713
0.0579802169938656
0.0687116146717539
0.0649170202446179
0.0662334357843556
0.0731469240613669
0.0725803440355802
0.0680124610546778
0.0675939699556835
