0.17
0.164015950562617
0.142650453657331
0.134297615542376
0.119656684179783
0.0835619096712912
0.0925296306780362
0.0839620615686887
0.0896716589393562
0.0892521128035657
0.0871743789021673
0.0878630059929047
0.082161078707835
0.101802048947659
0.102272405281916
0.0831191827379991
0.0876557336791676
0.0866701576356924
0.0954584581370903
0.108988448118647
0.0843556309318027
0.084179001222794
0.118061005295658
0.0951361363011685
0.115818025307137
0.156886953592517
0.146434219368901
0.145720603939609
0.122780896741374
0.10621658453615
