0.17
0.169926381843051
0.146907729733611
0.157053909529926
0.190672832532794
0.197999104654809
0.208783732819196
0.164332158098216
0.161236561945009
0.11136692924688
0.121157002621481
0.119173335587887
0.0895229359317325
0.0845362359637189
0.11289358822583
0.116199199530319
0.121019239386521
0.127421685128786
0.137081507693313
0.139599172782808
0.172156394987592
0.138862473296821
0.148008953735803
0.181708164296726
0.174008322793846
0.214844903342582
0.14244632175883
0.161165633553038
0.162967777271109
0.156318531061104
