0.17
0.162004516771403
0.157712774895118
0.155086744836109
0.10976588276287
0.0925113896592631
0.0933785828438547
0.0923943410883666
0.0896482749310659
0.0967599535116507
0.096053287053006
0.0873701390511837
0.0867129960656269
0.0874088322024527
0.0797705613764617
0.0746245099716805
0.0782964359073139
0.0754781955494268
0.0867336004109271
0.0716373709388753
0.062427014288068
0.0600655605796572
0.0592821003665865
0.0589101900833431
0.0710723624610125
0.072068887149382
0.0772874517053076
0.0775870052100953
0.0789385814228448
0.0842153422074746
