0.8
4.57283005967288
5.26195007402842
5.47399686264076
5.02464216844345
5.12104777379142
4.70224183024611
5.07203047927216
5.22107513756371
5.06968460526093
5.25286369537956
5.38746885606272
5.01583430459253
4.95000764356540
5.32612187750746
4.73221448635263
4.84769207821612
5.23062998628409
5.09983966403068
5.47821828291481
5.25900738942573
5.09957546607272
4.90373339294507
5.13722434391971
4.93546099385202
5.34715710856963
4.89989153199638
5.77690984651178
5.76000596030279
5.20123257893687
5.18115538981409
5.31933998652191
5.36034963323246
5.16859161001004
5.10777262269794
5.36972335396482
5.38581628684731
5.53218447991599
5.42925948091227
4.88538575019
5.05126849124068
5.86932020985356
5.62580769751201
5.18401742012584
5.88632351614152
5.74330117181167
5.3471135360481
5.19463047891738
4.98510714626485
5.37622616978106
