1 1 1
1 1 1
1.33201094835379 -1.04064803604082 1.62774740332084
1.33201094835379 -1.04064803604082 1.62774740332084
-0.264847805321293 -0.591069131764509 0.509013994883118
-0.784429111100156 -0.148874607887097 0.648712864903002
0.0706021930029717 1.50212332364968 0.719483029091201
0.0706021930029717 1.50212332364968 0.719483029091201
-0.501707865590281 0.526064445666598 0.575039749785835
-0.501707865590281 0.526064445666598 0.575039749785835
1.40454379567457 0.526668364624959 0.819234129399566
0.461600954448261 1.26713541294387 0.811809887063102
1.05524691348114 1.52501494527513 0.818505715201415
0.867221380346629 1.79461016251239 0.649828706748281
0.867221380346629 1.79461016251239 0.649828706748281
0.867221380346629 1.79461016251239 0.649828706748281
0.582701112442786 0.403433695267531 0.32905789315389
1.06882267010691 0.248259154393917 0.457072095893171
0.627120411447562 -0.0442328251582037 0.456073099486177
0.627120411447562 -0.0442328251582037 0.456073099486177
0.627120411447562 -0.0442328251582037 0.456073099486177
0.567751165796773 1.06452513143487 0.615053860823673
0.567751165796773 1.06452513143487 0.615053860823673
0.567751165796773 1.06452513143487 0.615053860823673
0.567751165796773 1.06452513143487 0.615053860823673
0.567751165796773 1.06452513143487 0.615053860823673
0.567751165796773 1.06452513143487 0.615053860823673
0.567751165796773 1.06452513143487 0.615053860823673
0.567751165796773 1.06452513143487 0.615053860823673
0.567751165796773 1.06452513143487 0.615053860823673
1.25869858331815 1.66368181413693 1.47148288361956
0.0370591269190523 1.40418761853134 1.67325605623853
0.0370591269190523 1.40418761853134 1.67325605623853
0.0370591269190523 1.40418761853134 1.67325605623853
0.0370591269190523 1.40418761853134 1.67325605623853
-0.397975947341317 1.15511944805688 2.10120776635776
0.316900247482397 0.612926290897818 2.35118443904607
0.316900247482397 0.612926290897818 2.35118443904607
0.316900247482397 0.612926290897818 2.35118443904607
0.316900247482397 0.612926290897818 2.35118443904607
0.316900247482397 0.612926290897818 2.35118443904607
0.618522829612275 0.834850084172138 2.40855976589878
2.34212206820700 0.918699303518182 2.56524381403561
1.92157936867828 0.949188818899085 2.63678437798182
2.39187881007984 0.412918188366804 2.70059120648682
1.93168549174562 0.288240307612688 2.76335211855295
1.93168549174562 0.288240307612688 2.76335211855295
1.86723721281868 1.07775920201577 2.47224357352833
0.748513228253722 1.70156469583346 2.67964762184152
0.748513228253722 1.70156469583346 2.67964762184152
