1 1 1
1 1 1
1 1 1
0.77808958413882 0.825608913685826 1.48518237392145
1.53684215850121 0.526912286493322 1.66233223295186
1.53684215850121 0.526912286493322 1.66233223295186
1.53684215850121 0.526912286493322 1.66233223295186
0.863052923632095 0.534245172244283 2.29729874130235
0.863052923632095 0.534245172244283 2.29729874130235
0.863052923632095 0.534245172244283 2.29729874130235
0.863052923632095 0.534245172244283 2.29729874130235
0.863052923632095 0.534245172244283 2.29729874130235
0.863052923632095 0.534245172244283 2.29729874130235
0.1151270254077 1.57919897949838 1.69984790293814
0.177522690325225 1.27269970463396 1.94391355841629
-0.93798017993423 0.43936232776062 1.01130076033203
-0.93798017993423 0.43936232776062 1.01130076033203
-0.93798017993423 0.43936232776062 1.01130076033203
0.321564520670834 0.165396928833852 0.43042233291363
1.26534137744578 0.262764561429036 0.511315315328008
1.07541168059943 0.59959419254537 0.250261266590703
1.07541168059943 0.59959419254537 0.250261266590703
0.55690443518378 1.33909426310916 1.42235552630358
0.55690443518378 1.33909426310916 1.42235552630358
0.25777591459347 1.96683814523282 1.96128337895919
-0.163141752194023 -0.00197406875139472 1.91916209170632
-0.163141752194023 -0.00197406875139472 1.91916209170632
-0.677772723647123 0.906246244231166 2.23005854648945
-0.677772723647123 0.906246244231166 2.23005854648945
-0.677772723647123 0.906246244231166 2.23005854648945
