1 1 1
0.866848591832653 1.15098168868945 0.676405021159684
0.866848591832653 1.15098168868945 0.676405021159684
0.938273824002394 1.63362914470905 0.662640447054678
0.375592701494709 1.24808606618628 0.618727392207429
-0.0308844329327989 0.924405241251007 1.71382862136789
-0.41174300056023 0.638747351244982 1.69327310055733
-1.10280237159315 0.147463774826363 0.882787805380888
-1.10280237159315 0.147463774826363 0.882787805380888
-1.10280237159315 0.147463774826363 0.882787805380888
-0.916776686203707 0.471148309118137 1.28988984965095
-0.916776686203707 0.471148309118137 1.28988984965095
-1.62860155812637 0.492909079477152 1.24785753037515
-1.54782521392266 1.60211663294058 1.98351009808088
-1.54782521392266 1.60211663294058 1.98351009808088
-1.54782521392266 1.60211663294058 1.98351009808088
-1.54782521392266 1.60211663294058 1.98351009808088
-1.2726573724996 2.00564585929161 2.0711393367114
-1.63601218784807 1.83343789387992 2.02785359553924
-1.63601218784807 1.83343789387992 2.02785359553924
-1.63601218784807 1.83343789387992 2.02785359553924
-1.63601218784807 1.83343789387992 2.02785359553924
-1.63601218784807 1.83343789387992 2.02785359553924
-1.51156382136342 1.97518004800159 2.20440689470582
-1.51156382136342 1.97518004800159 2.20440689470582
-1.19267516225331 2.02807639120735 1.59944052595287
-1.19267516225331 2.02807639120735 1.59944052595287
-1.19267516225331 2.02807639120735 1.59944052595287
-1.19267516225331 2.02807639120735 1.59944052595287
-0.955670196166609 1.44880635371182 1.72674557572872
