1 1 1
1.33901895421852 1.37966712335759 0.896921657968471
2.00079579089286 0.956889603743498 1.16582591723627
2.00079579089286 0.956889603743498 1.16582591723627
1.96707040814623 1.40641187122746 1.36109181817349
1.8921441780728 1.11689732532393 0.805611284046312
1.53854112990653 1.12573273120179 1.14276337099437
1.53854112990653 1.12573273120179 1.14276337099437
1.48708808752673 0.631987654501115 1.2895127500735
1.48708808752673 0.631987654501115 1.2895127500735
1.48708808752673 0.631987654501115 1.2895127500735
1.49769352050303 0.000706625902756497 1.47918264761411
1.49769352050303 0.000706625902756497 1.47918264761411
1.49769352050303 0.000706625902756497 1.47918264761411
1.49769352050303 0.000706625902756497 1.47918264761411
1.49769352050303 0.000706625902756497 1.47918264761411
0.547162029682898 -0.0634298183098765 1.54373750940511
0.547162029682898 -0.0634298183098765 1.54373750940511
0.547162029682898 -0.0634298183098765 1.54373750940511
0.547162029682898 -0.0634298183098765 1.54373750940511
0.812627117354423 0.247956851717474 1.78085442624225
1.48569055774864 0.27651067119409 2.13486964261327
1.48569055774864 0.27651067119409 2.13486964261327
1.48569055774864 0.27651067119409 2.13486964261327
1.48569055774864 0.27651067119409 2.13486964261327
1.48569055774864 0.27651067119409 2.13486964261327
0.794833106445481 0.786252500104631 2.1591231065907
1.38608744782276 0.848947664133752 1.7768024920075
1.38608744782276 0.848947664133752 1.7768024920075
1.38608744782276 0.848947664133752 1.7768024920075
