1 1 1
1 1 1
1.72428976632758 0.817140866149157 -0.847115062846934
1.62698891222762 0.355685247852739 0.0447625708517549
1.1435194184081 -0.198093600102033 -0.283403241373575
1.04537957487084 -0.126280290988672 1.45007017305554
1.04537957487084 -0.126280290988672 1.45007017305554
1.04537957487084 -0.126280290988672 1.45007017305554
0.836485173730694 0.111915636045532 1.90886173114278
0.836485173730694 0.111915636045532 1.90886173114278
0.836485173730694 0.111915636045532 1.90886173114278
-0.551131822146325 0.342818355987528 3.04449516666254
0.811051997754514 0.313705406980914 1.94444924535339
1.33837104466082 0.188656046951013 2.07338608525275
0.570985618442299 0.212292461395708 1.78699431093202
0.570985618442299 0.212292461395708 1.78699431093202
0.594989004975596 1.09965645786131 2.02033190506996
0.326514512226636 0.339942089767195 1.75371134798224
0.326514512226636 0.339942089767195 1.75371134798224
0.326514512226636 0.339942089767195 1.75371134798224
0.378499775225523 0.736194241769311 2.31213579688124
0.0570253422972319 1.01822254472309 2.15162724863705
0.0570253422972319 1.01822254472309 2.15162724863705
0.0570253422972319 1.01822254472309 2.15162724863705
0.0570253422972319 1.01822254472309 2.15162724863705
-0.509850140468144 1.54747477949476 3.60805588129205
-0.272034266840079 1.0887556726946 2.76621204386455
-0.545219673851251 0.0317732715082368 2.0168992117306
-0.545219673851251 0.0317732715082368 2.0168992117306
-0.545219673851251 0.0317732715082368 2.0168992117306
