1 1 1
1 1 1
-0.0806273519015266 -0.45402867155745 -0.0171427842042262
-0.0806273519015266 -0.45402867155745 -0.0171427842042262
-0.947551648409012 -1.23450081746991 0.222219744961054
-0.947551648409012 -1.23450081746991 0.222219744961054
-0.947551648409012 -1.23450081746991 0.222219744961054
-0.947551648409012 -1.23450081746991 0.222219744961054
-0.947551648409012 -1.23450081746991 0.222219744961054
-0.947551648409012 -1.23450081746991 0.222219744961054
-0.947551648409012 -1.23450081746991 0.222219744961054
-1.95417561472878 1.13699153381289 0.994455625056358
-1.95417561472878 1.13699153381289 0.994455625056358
-1.95417561472878 1.13699153381289 0.994455625056358
-1.95417561472878 1.13699153381289 0.994455625056358
-1.95417561472878 1.13699153381289 0.994455625056358
-1.29639459033373 1.26834721057527 1.51527986516923
-1.29639459033373 1.26834721057527 1.51527986516923
-1.29639459033373 1.26834721057527 1.51527986516923
-1.29639459033373 1.26834721057527 1.51527986516923
-1.29639459033373 1.26834721057527 1.51527986516923
-1.29639459033373 1.26834721057527 1.51527986516923
-1.29639459033373 1.26834721057527 1.51527986516923
-1.29639459033373 1.26834721057527 1.51527986516923
-1.29639459033373 1.26834721057527 1.51527986516923
-1.29639459033373 1.26834721057527 1.51527986516923
-1.29639459033373 1.26834721057527 1.51527986516923
-2.56615438649564 -0.302970877542797 2.10448996811788
-2.56615438649564 -0.302970877542797 2.10448996811788
-2.56615438649564 -0.302970877542797 2.10448996811788
