1 1 1
1 1 1
-2.86000063797698 0.374151372068428 2.32849816000793
-2.86000063797698 0.374151372068428 2.32849816000793
-2.86000063797698 0.374151372068428 2.32849816000793
-2.86000063797698 0.374151372068428 2.32849816000793
-2.02763978135994 0.71450596089539 1.72512775602761
-2.02763978135994 0.71450596089539 1.72512775602761
-2.02763978135994 0.71450596089539 1.72512775602761
-2.02763978135994 0.71450596089539 1.72512775602761
-1.05633464761801 1.00881829304797 2.61259994274046
-1.05633464761801 1.00881829304797 2.61259994274046
-1.05633464761801 1.00881829304797 2.61259994274046
-1.05633464761801 1.00881829304797 2.61259994274046
-1.05633464761801 1.00881829304797 2.61259994274046
-1.05633464761801 1.00881829304797 2.61259994274046
-1.05633464761801 1.00881829304797 2.61259994274046
-1.05633464761801 1.00881829304797 2.61259994274046
-0.939960000069017 2.03843298670018 0.917859566142861
-0.939960000069017 2.03843298670018 0.917859566142861
-0.939960000069017 2.03843298670018 0.917859566142861
-0.939960000069017 2.03843298670018 0.917859566142861
-0.939960000069017 2.03843298670018 0.917859566142861
-0.939960000069017 2.03843298670018 0.917859566142861
-0.939960000069017 2.03843298670018 0.917859566142861
-0.939960000069017 2.03843298670018 0.917859566142861
-0.939960000069017 2.03843298670018 0.917859566142861
-0.939960000069017 2.03843298670018 0.917859566142861
-0.939960000069017 2.03843298670018 0.917859566142861
-0.60313761687573 1.93873768435773 1.1312175877036
