1 1 1
2.53355973066711 1.26156332902051 0.395752739782226
2.53355973066711 1.26156332902051 0.395752739782226
2.53355973066711 1.26156332902051 0.395752739782226
2.53355973066711 1.26156332902051 0.395752739782226
2.53355973066711 1.26156332902051 0.395752739782226
2.53355973066711 1.26156332902051 0.395752739782226
2.53355973066711 1.26156332902051 0.395752739782226
2.53355973066711 1.26156332902051 0.395752739782226
1.09888008784503 -0.00441559521786417 0.428927439290347
-0.903918979457061 -1.03060532288933 0.939637065672024
0.727816529366039 -0.583509560823825 1.009394051926
1.00655240174182 -0.393578927747216 1.97829056354875
1.00655240174182 -0.393578927747216 1.97829056354875
-1.08253121104328 -1.41260048622171 1.97597843663828
0.211125017810823 -0.236361254029194 1.5975578868399
0.211125017810823 -0.236361254029194 1.5975578868399
0.211125017810823 -0.236361254029194 1.5975578868399
0.211125017810823 -0.236361254029194 1.5975578868399
0.211125017810823 -0.236361254029194 1.5975578868399
0.211125017810823 -0.236361254029194 1.5975578868399
0.211125017810823 -0.236361254029194 1.5975578868399
-0.628195532703058 0.00442549661050057 0.219193210378082
-0.130565693705246 -0.122558865147375 0.648803132780472
-0.130565693705246 -0.122558865147375 0.648803132780472
-0.130565693705246 -0.122558865147375 0.648803132780472
-0.130565693705246 -0.122558865147375 0.648803132780472
-0.130565693705246 -0.122558865147375 0.648803132780472
-0.130565693705246 -0.122558865147375 0.648803132780472
-0.130565693705246 -0.122558865147375 0.648803132780472
