1 1 1
1 1 1
1.19751297042574 0.61753775082417 1.29353471853681
1.19751297042574 0.61753775082417 1.29353471853681
0.658499350195648 0.715404497990623 0.803922824140879
0.658499350195648 0.715404497990623 0.803922824140879
0.658499350195648 0.715404497990623 0.803922824140879
0.658499350195648 0.715404497990623 0.803922824140879
0.658499350195648 0.715404497990623 0.803922824140879
0.725138155755822 0.571375917683052 1.73945179874275
0.725138155755822 0.571375917683052 1.73945179874275
0.899144487137931 0.691843740939803 2.01059738174694
1.21336360117989 0.76760969254746 2.34151786465814
1.21336360117989 0.76760969254746 2.34151786465814
0.635897708920815 -0.0931421722480664 1.65301343329691
0.454665980854796 -0.0810178927315263 1.31993630561564
0.454665980854796 -0.0810178927315263 1.31993630561564
0.339951783512447 0.99300488049449 1.04820640189887
0.339951783512447 0.99300488049449 1.04820640189887
0.101092548174709 1.96567165572349 0.799254235437664
0.101092548174709 1.96567165572349 0.799254235437664
0.101092548174709 1.96567165572349 0.799254235437664
0.101092548174709 1.96567165572349 0.799254235437664
0.29057205048919 1.75935997690230 0.568208301156197
0.92092518585977 1.40904169297101 1.14596768408459
0.659467479678542 0.532184111345649 0.567434625916171
0.659467479678542 0.532184111345649 0.567434625916171
0.257223221229084 0.186681631403826 1.41095163635330
0.899004033928717 0.61503633061789 2.17383740476983
1.55138841759126 0.320513984010428 1.77861352852240
1.55138841759126 0.320513984010428 1.77861352852240
1.56178408930598 1.42730369415424 2.06169516491372
1.5503051494535 1.37858773859536 1.64824470206410
1.41624842461536 1.73417441204163 0.874356064347127
1.41624842461536 1.73417441204163 0.874356064347127
1.16083387858204 0.948030040215613 0.539450445651265
1.16083387858204 0.948030040215613 0.539450445651265
1.66746098499528 0.811501623868768 1.27310400582202
1.66746098499528 0.811501623868768 1.27310400582202
1.66746098499528 0.811501623868768 1.27310400582202
1.17635177951424 0.100610640244949 2.01865367127361
1.17635177951424 0.100610640244949 2.01865367127361
1.17635177951424 0.100610640244949 2.01865367127361
1.83524874750227 1.15692368860448 1.91884902112969
1.61144022946054 0.228587136024055 2.2501257296253
1.29677586715249 -0.246481535872158 1.90338652559143
1.38835502520744 -0.621641160455131 2.01642256725044
1.38835502520744 -0.621641160455131 2.01642256725044
1.38835502520744 -0.621641160455131 2.01642256725044
0.949065682865616 -0.270265187838029 1.47958453021169
