1 1 1
-0.224355963640838 0.554156170309618 1.73578428929391
-0.224355963640838 0.554156170309618 1.73578428929391
-0.224355963640838 0.554156170309618 1.73578428929391
-0.224355963640838 0.554156170309618 1.73578428929391
-0.224355963640838 0.554156170309618 1.73578428929391
-0.386681925749324 0.585484284215024 1.23452357565172
-1.12874501609652 0.716855681430661 2.14138271477209
-1.12874501609652 0.716855681430661 2.14138271477209
-0.80502683276746 0.591864816850846 1.55004720841988
-0.80502683276746 0.591864816850846 1.55004720841988
-0.434576129881719 0.61800073731998 1.71029646543747
-0.434576129881719 0.61800073731998 1.71029646543747
-0.434576129881719 0.61800073731998 1.71029646543747
-0.434576129881719 0.61800073731998 1.71029646543747
-0.434576129881719 0.61800073731998 1.71029646543747
-0.78272991642805 0.442081760914395 1.69777561121566
-0.660538591488455 0.111796489502966 1.66339344358578
-0.660538591488455 0.111796489502966 1.66339344358578
-0.660538591488455 0.111796489502966 1.66339344358578
-0.660538591488455 0.111796489502966 1.66339344358578
-0.700497410457678 0.203024368187463 1.40778826874925
-0.700497410457678 0.203024368187463 1.40778826874925
-0.700497410457678 0.203024368187463 1.40778826874925
-0.700497410457678 0.203024368187463 1.40778826874925
-0.700497410457678 0.203024368187463 1.40778826874925
-0.549233750813463 0.759581911437948 1.59858451611918
-0.0721229093088399 0.683411964116761 2.32299145624497
0.104914881581258 1.14956996646489 1.55196486375716
0.104914881581258 1.14956996646489 1.55196486375716
-0.442011534045642 0.84984354567538 1.13108092637857
-0.42861047548085 0.396621089236296 1.53849388308149
0.488165777796068 0.608887874353231 1.67768528081483
-0.0916730319103196 0.320577397205116 1.30168833798243
-0.0916730319103196 0.320577397205116 1.30168833798243
0.312508089788525 0.19589346631169 1.30992204475341
0.312508089788525 0.19589346631169 1.30992204475341
0.57333769225201 0.482673864070954 1.66509601636397
-0.399847642549275 0.152398541341760 1.24192902909746
-0.399847642549275 0.152398541341760 1.24192902909746
-0.385610686216020 0.425280735572743 1.13859880307108
-0.385610686216020 0.425280735572743 1.13859880307108
-0.385610686216020 0.425280735572743 1.13859880307108
-0.385610686216020 0.425280735572743 1.13859880307108
-0.466440657579002 0.900106097798127 1.75273349451850
0.111080145369285 0.982538989788598 2.19507199865681
0.111080145369285 0.982538989788598 2.19507199865681
0.111080145369285 0.982538989788598 2.19507199865681
0.565361889226218 1.60461830782657 2.11306680027929
0.565361889226218 1.60461830782657 2.11306680027929
