1 1 1
1 1 1
1 1 1
1 1 1
1 1 1
1 1 1
1 1 1
1 1 1
1.15322571268495 1.10066319017085 1.09393470085959
1.15322571268495 1.10066319017085 1.09393470085959
1.15322571268495 1.10066319017085 1.09393470085959
1.15322571268495 1.10066319017085 1.09393470085959
1.15322571268495 1.10066319017085 1.09393470085959
1.46939778707838 0.704808295890122 1.61220067276528
0.493454840258582 -0.189991816600366 1.32951126807284
0.493454840258582 -0.189991816600366 1.32951126807284
1.33997586653342 0.290247488679696 2.07584036714464
1.74727040937233 0.589942357436875 1.84247800662373
1.74727040937233 0.589942357436875 1.84247800662373
1.74727040937233 0.589942357436875 1.84247800662373
1.74727040937233 0.589942357436875 1.84247800662373
2.76526748758999 1.19369686530142 2.07113582228930
2.76526748758999 1.19369686530142 2.07113582228930
2.76526748758999 1.19369686530142 2.07113582228930
2.71096770546541 1.03263524139222 1.95319058478597
1.54874847993648 -0.00744903076801906 1.66358429996245
1.41634611309843 -0.159811958575112 1.21802686222232
1.36041718942849 0.205566010739818 1.11137789334102
0.914460939153535 0.373832467801095 1.86346960188511
0.57415965435323 1.03222734221149 1.86972595476516
0.57415965435323 1.03222734221149 1.86972595476516
0.57415965435323 1.03222734221149 1.86972595476516
0.958246532331703 1.3816842623893 1.13299978025843
0.113582082882717 0.919091537581878 1.17782001281112
-0.336984928971782 0.87558600586211 1.02887042531454
-0.336984928971782 0.87558600586211 1.02887042531454
-0.714579841129825 0.789014408831315 1.52658433752612
0.312970481591161 1.10610219603118 2.39817081406965
0.206200688522097 0.320004121492216 2.01483511474634
0.206200688522097 0.320004121492216 2.01483511474634
0.206200688522097 0.320004121492216 2.01483511474634
0.206200688522097 0.320004121492216 2.01483511474634
0.206200688522097 0.320004121492216 2.01483511474634
0.206200688522097 0.320004121492216 2.01483511474634
0.206200688522097 0.320004121492216 2.01483511474634
0.206200688522097 0.320004121492216 2.01483511474634
0.521984211292202 -0.0312148977607218 2.23217909822511
0.521984211292202 -0.0312148977607218 2.23217909822511
0.521984211292202 -0.0312148977607218 2.23217909822511
0.97807036073299 0.445033708888759 2.65861744623895
