1 1 1
1.39322294829610 0.994145080325881 1.67327049603432
1.39322294829610 0.994145080325881 1.67327049603432
1.39322294829610 0.994145080325881 1.67327049603432
1.39322294829610 0.994145080325881 1.67327049603432
1.39322294829610 0.994145080325881 1.67327049603432
1.20614500443173 2.08352466336749 1.70109272063311
-0.502428612640042 1.61422805980684 0.670390774900254
-0.502428612640042 1.61422805980684 0.670390774900254
-0.502428612640042 1.61422805980684 0.670390774900254
-0.502428612640042 1.61422805980684 0.670390774900254
-0.502428612640042 1.61422805980684 0.670390774900254
0.256320250126098 2.60550905365265 0.93623831775355
-0.00987536423782204 2.54902530862023 0.62137898082602
0.665195113650835 2.11681283871146 0.630814716642528
-0.457786065144294 1.40343313732323 0.360349920713158
-0.252089295762504 2.51487929042016 0.445056257756719
-0.252089295762504 2.51487929042016 0.445056257756719
-0.609734190258035 2.33810414489574 0.700337784148482
-0.602712012591199 1.72760238974083 2.11454384883761
-0.897933756237675 1.18525976594020 0.697851821499298
-0.897933756237675 1.18525976594020 0.697851821499298
-0.913327125744688 0.175566340525728 1.71392254894288
-0.913327125744688 0.175566340525728 1.71392254894288
-0.913327125744688 0.175566340525728 1.71392254894288
-1.59345175982586 0.120862928784901 1.16927582421507
-1.59345175982586 0.120862928784901 1.16927582421507
-1.59345175982586 0.120862928784901 1.16927582421507
-1.11260723709102 0.726071386670431 1.61732995417287
0.242537940098002 -0.116671505426554 1.35794648002940
0.242537940098002 -0.116671505426554 1.35794648002940
0.242537940098002 -0.116671505426554 1.35794648002940
0.242537940098002 -0.116671505426554 1.35794648002940
0.242537940098002 -0.116671505426554 1.35794648002940
-0.265445022686998 -0.591072728993505 1.63981153909065
-0.189037277702452 0.176838358994698 2.48289678127014
-0.189037277702452 0.176838358994698 2.48289678127014
0.957182599351956 0.770879050024381 2.62969734151355
0.957182599351956 0.770879050024381 2.62969734151355
0.957182599351956 0.770879050024381 2.62969734151355
0.957182599351956 0.770879050024381 2.62969734151355
0.957182599351956 0.770879050024381 2.62969734151355
1.87999523079217 1.12448937615893 3.11968898521310
1.87999523079217 1.12448937615893 3.11968898521310
1.87999523079217 1.12448937615893 3.11968898521310
1.87999523079217 1.12448937615893 3.11968898521310
1.67474296122998 0.5951393971753 2.79650414795756
1.67474296122998 0.5951393971753 2.79650414795756
1.41734453292487 -0.287124625769548 2.83209005532388
1.03047375772065 -0.782128163293388 2.91502920021299
