1 1 1
1 1 1
1 1 1
1 1 1
3.07547954898542 1.98404750740008 0.384600634846935
2.60671707776845 1.59126541136553 0.281983946783486
3.33453160008894 1.98402143325879 -0.688617876615382
3.33453160008894 1.98402143325879 -0.688617876615382
3.33453160008894 1.98402143325879 -0.688617876615382
3.00630026352994 2.24202760164131 0.180702324442708
3.74612989306141 1.20357616487697 0.77888102455756
3.44077421523205 1.59171973889582 0.170361601488312
3.44077421523205 1.59171973889582 0.170361601488312
3.44077421523205 1.59171973889582 0.170361601488312
2.75420056394198 2.08713266791219 0.646489880199224
2.75420056394198 2.08713266791219 0.646489880199224
2.75420056394198 2.08713266791219 0.646489880199224
2.75420056394198 2.08713266791219 0.646489880199224
1.39709389687490 2.14095784603128 0.110353346509371
0.105865234047499 1.32727248215073 1.07947253948555
1.09450110560512 0.676734243272915 1.32417119238357
1.09450110560512 0.676734243272915 1.32417119238357
1.09450110560512 0.676734243272915 1.32417119238357
1.09450110560512 0.676734243272915 1.32417119238357
1.09450110560512 0.676734243272915 1.32417119238357
0.874677638767084 0.510399728823216 1.56157149325060
-0.134453730058956 0.235887542220428 2.82839942172766
-0.134453730058956 0.235887542220428 2.82839942172766
0.771807232775436 1.10774612891529 2.3568450353016
0.771807232775436 1.10774612891529 2.3568450353016
0.603401202687958 0.916500191839997 2.13273288888549
0.603401202687958 0.916500191839997 2.13273288888549
0.603401202687958 0.916500191839997 2.13273288888549
-1.08580366113125 0.236267021367409 3.47410936365918
-1.08580366113125 0.236267021367409 3.47410936365918
-0.519943423127880 -0.162477962960207 3.11733408992036
-0.994727375456475 0.186965405892574 2.14656063404053
-0.994727375456475 0.186965405892574 2.14656063404053
-0.994727375456475 0.186965405892574 2.14656063404053
-0.994727375456475 0.186965405892574 2.14656063404053
-1.17443808389369 0.180322958602475 2.07068112362777
-1.00198829478702 0.265502171056088 1.82105184942463
-1.00198829478702 0.265502171056088 1.82105184942463
-1.00198829478702 0.265502171056088 1.82105184942463
-0.203712072037511 0.185232035216204 2.49355324452124
-0.203712072037511 0.185232035216204 2.49355324452124
-0.203712072037511 0.185232035216204 2.49355324452124
-0.203712072037511 0.185232035216204 2.49355324452124
-0.203712072037511 0.185232035216204 2.49355324452124
-0.203712072037511 0.185232035216204 2.49355324452124
