1 1 1
1 1 1
1 1 1
1 1 1
0.799535657224336 0.81324199174066 0.724784797808368
0.799535657224336 0.81324199174066 0.724784797808368
0.604939404117053 0.402518394982096 1.55355778487198
0.604939404117053 0.402518394982096 1.55355778487198
0.3805604477364 0.551147207064021 1.74097744014452
0.3805604477364 0.551147207064021 1.74097744014452
0.3805604477364 0.551147207064021 1.74097744014452
0.3805604477364 0.551147207064021 1.74097744014452
0.0518635193441045 0.804863290050592 1.38808458415331
1.06384504668968 0.620113379986558 0.903932079946317
1.06384504668968 0.620113379986558 0.903932079946317
1.06384504668968 0.620113379986558 0.903932079946317
1.06384504668968 0.620113379986558 0.903932079946317
0.710671385570518 -0.0517700655263509 1.02089433147617
1.05039680270513 0.89830697757793 0.986824389883478
1.05039680270513 0.89830697757793 0.986824389883478
1.05039680270513 0.89830697757793 0.986824389883478
1.23077436735746 1.59787919701528 1.47529693216742
0.72257180309496 0.692447346641104 1.46674704829022
-0.66321372994502 0.24094965355607 1.36884001674983
-0.885748688883965 -0.852157828511733 2.16073973580352
-2.03343066504338 1.06498463036672 2.24703191104429
-2.36176255637648 1.34203801183766 2.07280570448494
-2.36176255637648 1.34203801183766 2.07280570448494
-2.36176255637648 1.34203801183766 2.07280570448494
-2.3645333453906 1.64857464270245 1.92497001322247
