1 1 1
1 1 1
1 1 1
1 1 1
1 1 1
0.320769093597694 1.348223048776 0.473715074016804
0.320769093597694 1.348223048776 0.473715074016804
-0.68821618236608 2.48475479978224 1.4054029006661
-0.68821618236608 2.48475479978224 1.4054029006661
-0.68821618236608 2.48475479978224 1.4054029006661
-0.68821618236608 2.48475479978224 1.4054029006661
-0.68821618236608 2.48475479978224 1.4054029006661
-0.698441432667002 1.11380403873875 0.493188790930973
-0.698441432667002 1.11380403873875 0.493188790930973
-0.163223190519281 1.26339238953811 1.39695510947812
-0.163223190519281 1.26339238953811 1.39695510947812
0.376406654728787 1.57804574226941 1.9072667896415
1.02901036656563 0.379817422846011 1.81718775799566
1.65032541659163 1.34898757426624 1.49671615702547
1.65032541659163 1.34898757426624 1.49671615702547
0.953741366266915 0.485227393491983 1.5501670933445
1.20879536379094 1.59725861741466 1.72477102217258
0.796209482477054 1.73193058995769 1.42767762004972
0.796209482477054 1.73193058995769 1.42767762004972
0.796209482477054 1.73193058995769 1.42767762004972
-0.217167514685395 1.64869066754382 0.712128854044127
-0.217167514685395 1.64869066754382 0.712128854044127
0.432574460919339 -0.252624905085945 0.400783007967101
-0.222237821834824 -0.907446263480777 1.3319483494597
-0.222237821834824 -0.907446263480777 1.3319483494597
