1 1 1
-1.65035336349787 0.631669407870266 1.42316571092312
-2.14901917690378 0.848404524224276 1.13226563003704
-2.14901917690378 0.848404524224276 1.13226563003704
-2.05185570381988 0.755442320955499 1.23066793146081
-2.05185570381988 0.755442320955499 1.23066793146081
-2.05185570381988 0.755442320955499 1.23066793146081
-0.365588965852638 0.738295822170606 1.40488938324424
-0.365588965852638 0.738295822170606 1.40488938324424
0.493317909861121 1.55242278724422 1.30244836845303
-0.468970706492049 1.09183447902435 1.01780486531414
-0.475535863965182 1.21814920548702 1.69167990004128
-0.475535863965182 1.21814920548702 1.69167990004128
-0.268803232390026 1.67755806070309 1.78905911472937
-0.268803232390026 1.67755806070309 1.78905911472937
-0.268803232390026 1.67755806070309 1.78905911472937
-0.268803232390026 1.67755806070309 1.78905911472937
-0.268803232390026 1.67755806070309 1.78905911472937
-0.268803232390026 1.67755806070309 1.78905911472937
-0.268803232390026 1.67755806070309 1.78905911472937
-0.459913640727795 1.57979385104303 2.16444039422938
-0.459913640727795 1.57979385104303 2.16444039422938
-0.459913640727795 1.57979385104303 2.16444039422938
-0.459913640727795 1.57979385104303 2.16444039422938
-0.24208208874209 1.53383611205762 1.97538321260722
-0.24208208874209 1.53383611205762 1.97538321260722
-0.24208208874209 1.53383611205762 1.97538321260722
-0.367969769171243 1.78973176566879 1.99621439204567
-0.367969769171243 1.78973176566879 1.99621439204567
-0.814233950530424 1.23986812863084 2.05113249906229
