1 1 1
1 1 1
1 1 1
-0.132074825573606 0.615559804192043 1.10182659346665
-0.132074825573606 0.615559804192043 1.10182659346665
-0.132074825573606 0.615559804192043 1.10182659346665
-0.132074825573606 0.615559804192043 1.10182659346665
-0.132074825573606 0.615559804192043 1.10182659346665
-0.132074825573606 0.615559804192043 1.10182659346665
-0.132074825573606 0.615559804192043 1.10182659346665
-0.132074825573606 0.615559804192043 1.10182659346665
-0.132074825573606 0.615559804192043 1.10182659346665
-0.132074825573606 0.615559804192043 1.10182659346665
0.651666604571675 -0.0947809270872506 1.33832749953088
1.32795614431737 -0.490075098634932 1.27035200267474
0.688653631569356 0.387814958890519 1.68722903933851
0.688653631569356 0.387814958890519 1.68722903933851
0.0361654447569087 0.104862201677767 1.910787905566
0.0361654447569087 0.104862201677767 1.910787905566
-0.239405366648179 0.657067155564339 2.75961073375078
-0.239405366648179 0.657067155564339 2.75961073375078
-0.239405366648179 0.657067155564339 2.75961073375078
-1.03392086723482 1.47591701614512 2.30011457930422
-1.1267979975338 0.461885341011931 1.05265451159426
-0.0741635099131415 1.37007083899437 2.92812914783814
-0.0741635099131415 1.37007083899437 2.92812914783814
-0.0741635099131415 1.37007083899437 2.92812914783814
-0.0741635099131415 1.37007083899437 2.92812914783814
-0.0741635099131415 1.37007083899437 2.92812914783814
1.00200799168529 0.545203688498634 3.01506580264545
1.00200799168529 0.545203688498634 3.01506580264545
1.00200799168529 0.545203688498634 3.01506580264545
1.00200799168529 0.545203688498634 3.01506580264545
1.20720337099005 0.326266277768299 3.16749898093643
2.43826104698447 -0.0439540918555804 3.55601602112208
1.57887670625529 -0.196768866007109 1.99576205070622
1.57887670625529 -0.196768866007109 1.99576205070622
1.57887670625529 -0.196768866007109 1.99576205070622
1.57887670625529 -0.196768866007109 1.99576205070622
1.12547917259212 -0.422318265512469 1.65601765760064
-0.298966309893840 0.0609987004444763 1.99582473878384
-0.298966309893840 0.0609987004444763 1.99582473878384
-0.298966309893840 0.0609987004444763 1.99582473878384
-0.298966309893840 0.0609987004444763 1.99582473878384
-0.298966309893840 0.0609987004444763 1.99582473878384
0.385951323499910 0.795574077494166 2.41284358107827
0.303745308437833 0.237706695201727 2.11464659383852
0.303745308437833 0.237706695201727 2.11464659383852
0.198947385534960 1.54380853711302 2.69730621866988
0.198947385534960 1.54380853711302 2.69730621866988
