1 1 1
1 1 1
1.15676432985215 1.09356941221847 1.65777497631322
1.15676432985215 1.09356941221847 1.65777497631322
-1.40885275261866 1.47219412066915 0.806684121518956
-1.40885275261866 1.47219412066915 0.806684121518956
-2.12093356674417 1.49202194287321 0.923558202975166
-1.94866094307149 1.16948187777373 1.26747148224085
-1.94866094307149 1.16948187777373 1.26747148224085
-1.44247256011891 0.993926663172052 1.64247958556494
-1.2136391438564 -0.23692208840703 0.820148149746614
-1.37252930196164 0.30900223616193 1.11616007643863
-1.80384134385434 0.604072494239527 0.0246803619525928
-1.80384134385434 0.604072494239527 0.0246803619525928
-1.42547470007585 2.58003771400656 0.283073328859776
-1.03984542071685 2.88737018009379 0.528914057516511
-0.577237339631455 2.36964619046624 0.589403394160094
-0.577237339631455 2.36964619046624 0.589403394160094
-0.577237339631455 2.36964619046624 0.589403394160094
-0.577237339631455 2.36964619046624 0.589403394160094
0.298856236020595 1.82537685894123 0.703038057206852
0.298856236020595 1.82537685894123 0.703038057206852
0.298856236020595 1.82537685894123 0.703038057206852
0.41450385000127 1.25116433594982 0.407441390146745
-0.108102350797818 1.93100942520605 0.130963175546806
-0.438203766075987 2.52660377128707 1.19793851520976
-0.438203766075987 2.52660377128707 1.19793851520976
-0.438203766075987 2.52660377128707 1.19793851520976
0.024878544337249 2.66417127183498 1.80124182711939
0.0439994964936965 1.77356905220106 1.79875353201769
