1 1 1
1 1 1
1 1 1
1 1 1
1 1 1
1.31763217079522 1.37423258189453 1.81108355648288
1.31763217079522 1.37423258189453 1.81108355648288
0.716890863582793 1.73949559553722 2.41075014323948
0.219181686060274 1.91618731289263 1.90740948519928
1.21189785197218 1.333808819217 1.96695613980327
1.21189785197218 1.333808819217 1.96695613980327
1.21189785197218 1.333808819217 1.96695613980327
1.21189785197218 1.333808819217 1.96695613980327
1.21189785197218 1.333808819217 1.96695613980327
0.26521443309356 1.83552913693796 1.70356827705767
0.26521443309356 1.83552913693796 1.70356827705767
0.274642812024851 1.38388902834888 0.931834826220268
0.738327935047243 0.640883541735911 0.751053278926918
0.738327935047243 0.640883541735911 0.751053278926918
0.738327935047243 0.640883541735911 0.751053278926918
0.383149560104151 0.958033009398062 1.53884799767645
0.383149560104151 0.958033009398062 1.53884799767645
0.383149560104151 0.958033009398062 1.53884799767645
0.181430119718578 1.08526476857396 2.05300082779387
-0.542977002417374 1.80599806824835 2.48845735857601
-0.542977002417374 1.80599806824835 2.48845735857601
-0.542977002417374 1.80599806824835 2.48845735857601
-0.542977002417374 1.80599806824835 2.48845735857601
-0.542977002417374 1.80599806824835 2.48845735857601
-0.697383104098088 1.95082189529491 1.48346850797966
