1 1 1
1.15820521178116 0.339632508270019 1.79701776617574
1.15820521178116 0.339632508270019 1.79701776617574
1.15820521178116 0.339632508270019 1.79701776617574
1.15820521178116 0.339632508270019 1.79701776617574
-0.93623203961822 1.41603357453454 1.55811069607664
-0.93623203961822 1.41603357453454 1.55811069607664
-0.499832920034652 2.02076030972194 2.16776800833678
-0.499832920034652 2.02076030972194 2.16776800833678
-0.499832920034652 2.02076030972194 2.16776800833678
0.997018753699094 1.90150066090085 2.76739861365221
0.997018753699094 1.90150066090085 2.76739861365221
0.997018753699094 1.90150066090085 2.76739861365221
0.997018753699094 1.90150066090085 2.76739861365221
0.997018753699094 1.90150066090085 2.76739861365221
0.997018753699094 1.90150066090085 2.76739861365221
0.997018753699094 1.90150066090085 2.76739861365221
0.708337162967437 1.36544854211989 2.88083198682513
0.708337162967437 1.36544854211989 2.88083198682513
0.708337162967437 1.36544854211989 2.88083198682513
0.708337162967437 1.36544854211989 2.88083198682513
0.708337162967437 1.36544854211989 2.88083198682513
0.708337162967437 1.36544854211989 2.88083198682513
0.206220151020859 1.44074329685827 2.52586179645433
0.079122307473365 0.876595084221634 1.93347094354320
0.079122307473365 0.876595084221634 1.93347094354320
0.079122307473365 0.876595084221634 1.93347094354320
1.35416189634885 1.49182439502416 2.48149968772713
0.844777646885659 1.36142655863580 1.66179788828611
0.844777646885659 1.36142655863580 1.66179788828611
0.844777646885659 1.36142655863580 1.66179788828611
0.330723329925409 0.679366418193448 1.35352897328025
0.330723329925409 0.679366418193448 1.35352897328025
0.330723329925409 0.679366418193448 1.35352897328025
-0.328126983087973 0.596119511294831 2.07061446269096
-0.328126983087973 0.596119511294831 2.07061446269096
-0.328126983087973 0.596119511294831 2.07061446269096
0.694856366202343 0.811981096964087 2.27826635333567
0.694856366202343 0.811981096964087 2.27826635333567
0.694856366202343 0.811981096964087 2.27826635333567
-0.200769691346610 0.921829741541742 2.76269416630375
-1.19821756460815 1.4792764404166 2.71712979186144
-1.40168155609457 0.942456220503968 2.40183489406163
-1.40168155609457 0.942456220503968 2.40183489406163
-1.18697417388754 0.554830220994518 1.93728325610400
-1.18697417388754 0.554830220994518 1.93728325610400
-0.752904075056541 1.08433611336979 2.338326197403
-0.752904075056541 1.08433611336979 2.338326197403
-0.752904075056541 1.08433611336979 2.338326197403
-0.938266136864274 1.02145759196993 2.35268841042677
