1 1 1
1 1 1
1 1 1
1 1 1
1 1 1
1 1 1
1 1 1
1 1 1
1 1 1
1 1 1
1 1 1
1 1 1
0.294248378746826 1.33567354064536 1.16202034871024
0.320116309523129 1.86752005825177 1.83971463965912
0.320116309523129 1.86752005825177 1.83971463965912
-0.21977915489234 1.18853041974439 1.33038103100074
-0.945723564179282 1.06363532183598 1.98686281189532
-0.945723564179282 1.06363532183598 1.98686281189532
-0.945723564179282 1.06363532183598 1.98686281189532
-0.945723564179282 1.06363532183598 1.98686281189532
-0.945723564179282 1.06363532183598 1.98686281189532
-0.756082164046147 1.73211968944791 1.85621503777633
-0.756082164046147 1.73211968944791 1.85621503777633
-0.756082164046147 1.73211968944791 1.85621503777633
0.517523789688714 1.45146207698997 1.97236941442198
0.296760084262628 1.74364799186501 2.17782174621254
0.296760084262628 1.74364799186501 2.17782174621254
0.0906457490337764 0.35371689851244 2.42251940522622
-0.0838531908011014 0.888550203232268 2.80185280965693
-0.0838531908011014 0.888550203232268 2.80185280965693
-0.0838531908011014 0.888550203232268 2.80185280965693
0.0467448383249363 1.30469369296293 2.09247015960544
0.0467448383249363 1.30469369296293 2.09247015960544
0.0467448383249363 1.30469369296293 2.09247015960544
0.0467448383249363 1.30469369296293 2.09247015960544
-0.129135815210795 1.58126210943306 2.78870836593172
-0.129135815210795 1.58126210943306 2.78870836593172
-0.441223965389954 0.595656593198887 2.73008469013061
-0.222318465773071 0.00873287421267932 1.62032518666740
-0.222318465773071 0.00873287421267932 1.62032518666740
-0.222318465773071 0.00873287421267932 1.62032518666740
-0.222318465773071 0.00873287421267932 1.62032518666740
-0.516946068569955 1.05811219026724 1.7941878592271
-0.516946068569955 1.05811219026724 1.7941878592271
-0.789383261181833 0.294661785327748 1.99017531480859
-0.789383261181833 0.294661785327748 1.99017531480859
-0.789383261181833 0.294661785327748 1.99017531480859
-0.0325966155628103 0.858261114432082 2.27574075422245
-0.0325966155628103 0.858261114432082 2.27574075422245
-0.0325966155628103 0.858261114432082 2.27574075422245
