1 1 1
1 1 1
0.686688406273471 0.236068743535742 0.969130500434708
0.686688406273471 0.236068743535742 0.969130500434708
0.686688406273471 0.236068743535742 0.969130500434708
0.157385215639915 0.0836091325610678 1.12482055024407
0.157385215639915 0.0836091325610678 1.12482055024407
0.157385215639915 0.0836091325610678 1.12482055024407
0.157385215639915 0.0836091325610678 1.12482055024407
-0.483352269012235 -0.16232366222296 2.10472116539616
-0.717529479457256 -0.222493053200929 1.54257864286308
-0.717529479457256 -0.222493053200929 1.54257864286308
-1.10354380780984 1.09501382437209 1.49442752958738
-1.10354380780984 1.09501382437209 1.49442752958738
-1.10354380780984 1.09501382437209 1.49442752958738
-0.733546486330763 0.317276892567185 1.75001910396967
0.294348714704107 0.409736594621732 1.70228743225154
0.294348714704107 0.409736594621732 1.70228743225154
0.294348714704107 0.409736594621732 1.70228743225154
0.294348714704107 0.409736594621732 1.70228743225154
0.610640374103541 -0.583492042855048 1.787774030322
-0.278676091439666 -1.38290815407953 2.0642371159239
-0.278676091439666 -1.38290815407953 2.0642371159239
1.14809522558526 -0.726080173798066 1.49777989913223
1.14809522558526 -0.726080173798066 1.49777989913223
0.671627394367788 1.47297817235533 1.83107427213678
1.11920670057047 1.46210405155738 1.92402317339129
1.11920670057047 1.46210405155738 1.92402317339129
1.11920670057047 1.46210405155738 1.92402317339129
0.649140113726408 1.14340944501282 1.75460849301566
