1 1 1
1 1 1
1 1 1
1 1 1
0.749774582174918 1.04599922500034 0.714921106421177
0.749774582174918 1.04599922500034 0.714921106421177
0.749774582174918 1.04599922500034 0.714921106421177
0.749774582174918 1.04599922500034 0.714921106421177
0.749774582174918 1.04599922500034 0.714921106421177
0.749774582174918 1.04599922500034 0.714921106421177
0.749774582174918 1.04599922500034 0.714921106421177
0.749774582174918 1.04599922500034 0.714921106421177
0.749774582174918 1.04599922500034 0.714921106421177
0.749774582174918 1.04599922500034 0.714921106421177
0.749774582174918 1.04599922500034 0.714921106421177
-0.67131684883527 1.08604495119543 1.03273508158252
0.380657632496676 2.23067407048319 1.1805504031945
0.380657632496676 2.23067407048319 1.1805504031945
0.380657632496676 2.23067407048319 1.1805504031945
0.380657632496676 2.23067407048319 1.1805504031945
0.0473136601189336 0.904003263942386 1.12551959016199
-0.998048049176195 1.71727364692956 1.70782089826154
-1.01288478705643 1.11731314730317 2.01443411660019
-0.944571240349488 1.68092184770886 1.37884874775320
-0.944571240349488 1.68092184770886 1.37884874775320
-0.217807339069242 1.66337259057056 1.22840779523201
0.660212539535031 1.07784356763543 1.78656939005364
0.660212539535031 1.07784356763543 1.78656939005364
0.660212539535031 1.07784356763543 1.78656939005364
0.660212539535031 1.07784356763543 1.78656939005364
0.660212539535031 1.07784356763543 1.78656939005364
0.660212539535031 1.07784356763543 1.78656939005364
0.820153343220865 1.18773286560760 1.39783230272152
0.820153343220865 1.18773286560760 1.39783230272152
0.167697936416970 0.98216460482846 1.87335878415268
0.179556092255834 0.57872410337453 1.64992628171190
0.179556092255834 0.57872410337453 1.64992628171190
0.179556092255834 0.57872410337453 1.64992628171190
0.179556092255834 0.57872410337453 1.64992628171190
0.179556092255834 0.57872410337453 1.64992628171190
1.27754107755158 1.05378880168963 1.78028142960803
1.27754107755158 1.05378880168963 1.78028142960803
1.27754107755158 1.05378880168963 1.78028142960803
1.27754107755158 1.05378880168963 1.78028142960803
1.27754107755158 1.05378880168963 1.78028142960803
1.27754107755158 1.05378880168963 1.78028142960803
1.16421516599431 -0.0315795759343156 1.79253810005973
1.16421516599431 -0.0315795759343156 1.79253810005973
1.16421516599431 -0.0315795759343156 1.79253810005973
1.16421516599431 -0.0315795759343156 1.79253810005973
