1 1 1
1 1 1
0.832304538459318 0.85495436314643 1.73706554416366
0.832304538459318 0.85495436314643 1.73706554416366
0.832304538459318 0.85495436314643 1.73706554416366
0.600767421778425 0.471043168973203 1.73466063420168
0.600767421778425 0.471043168973203 1.73466063420168
0.600767421778425 0.471043168973203 1.73466063420168
0.311011280044915 1.45989729657935 1.39917487502567
0.311011280044915 1.45989729657935 1.39917487502567
0.311011280044915 1.45989729657935 1.39917487502567
0.311011280044915 1.45989729657935 1.39917487502567
-0.147600813758824 0.915415362728116 1.32915564011235
-0.147600813758824 0.915415362728116 1.32915564011235
-0.147600813758824 0.915415362728116 1.32915564011235
-0.147600813758824 0.915415362728116 1.32915564011235
-0.147600813758824 0.915415362728116 1.32915564011235
-0.460848119898302 0.909442375215757 0.978116864683217
-0.366688958578464 0.845919761025196 1.35769488621479
-0.18515562786405 1.15862240596581 1.8054221258798
0.134458044243112 0.634310195090974 1.41924470404165
0.134458044243112 0.634310195090974 1.41924470404165
0.134458044243112 0.634310195090974 1.41924470404165
0.254982587605015 1.38525442930627 1.90027040905429
0.455969561558475 1.41350122824576 1.69746072639984
0.455969561558475 1.41350122824576 1.69746072639984
0.455969561558475 1.41350122824576 1.69746072639984
0.455969561558475 1.41350122824576 1.69746072639984
0.455969561558475 1.41350122824576 1.69746072639984
0.174304685916811 1.51259372902544 1.96244760493252
