1 1 1
1.11518579878428 0.347725594277057 1.40306786302439
1.11518579878428 0.347725594277057 1.40306786302439
1.45707031877161 1.46124973845075 2.36166458162571
1.45707031877161 1.46124973845075 2.36166458162571
1.45707031877161 1.46124973845075 2.36166458162571
1.67563825928496 0.997166537718962 2.53077038510504
1.67563825928496 0.997166537718962 2.53077038510504
1.76705413993710 0.898429860549568 2.06090219991704
1.61290851952905 0.397869288559726 2.10021626255119
1.61290851952905 0.397869288559726 2.10021626255119
1.61290851952905 0.397869288559726 2.10021626255119
1.61290851952905 0.397869288559726 2.10021626255119
1.65347619120854 1.18263741194433 1.45978585987365
1.65347619120854 1.18263741194433 1.45978585987365
1.52189469630765 2.16080121716997 0.8021904715249
1.52189469630765 2.16080121716997 0.8021904715249
1.64971384417461 0.785983504790893 1.91421942584254
1.64971384417461 0.785983504790893 1.91421942584254
1.64971384417461 0.785983504790893 1.91421942584254
1.64971384417461 0.785983504790893 1.91421942584254
1.64971384417461 0.785983504790893 1.91421942584254
1.63483255664164 1.21334313565311 1.70025820537811
1.63483255664164 1.21334313565311 1.70025820537811
1.63483255664164 1.21334313565311 1.70025820537811
1.63483255664164 1.21334313565311 1.70025820537811
0.860738186255844 1.34859416011837 0.889342018013763
1.28521538904066 1.89812391628667 1.00340338374381
1.28521538904066 1.89812391628667 1.00340338374381
1.43331171575934 2.03800158167457 1.31333205956984
1.46201187347865 -0.244416324923578 2.37140317588844
1.46201187347865 -0.244416324923578 2.37140317588844
1.46201187347865 -0.244416324923578 2.37140317588844
1.46201187347865 -0.244416324923578 2.37140317588844
1.46201187347865 -0.244416324923578 2.37140317588844
1.23700411413272 -0.771641135787121 2.59689561833019
1.23700411413272 -0.771641135787121 2.59689561833019
0.634039536525325 -0.747110422270742 2.13930897947689
0.879310412239186 -0.623878194332798 2.14388363158295
0.886710576481375 0.0513059516005154 2.23498431011879
0.886710576481375 0.0513059516005154 2.23498431011879
0.886710576481375 0.0513059516005154 2.23498431011879
0.886710576481375 0.0513059516005154 2.23498431011879
0.886710576481375 0.0513059516005154 2.23498431011879
0.0597646410805298 0.324595519108070 1.03482239697546
0.308941590950111 0.251391486403615 1.17253667264345
0.308941590950111 0.251391486403615 1.17253667264345
-0.152883911894786 0.160003147706372 1.49091683542681
0.0241236774747433 -0.185761832430916 1.42751502950407
-0.193978503783868 0.00985502452748416 1.24705902456318
