1 1 1
1.27697692822557 -0.292329298233293 -0.0559437208946774
-0.736777275843842 -0.277581312962732 1.34288912366579
-0.736777275843842 -0.277581312962732 1.34288912366579
-0.736777275843842 -0.277581312962732 1.34288912366579
-2.29790775846054 -0.591766323883022 1.07465725491402
-2.29790775846054 -0.591766323883022 1.07465725491402
-2.61858084196448 -1.08662016036606 2.44309598841422
-2.61858084196448 -1.08662016036606 2.44309598841422
-1.88662940958568 0.203278735450594 3.2057857791667
-1.88662940958568 0.203278735450594 3.2057857791667
-1.88662940958568 0.203278735450594 3.2057857791667
-1.23828553877620 0.296072113203805 3.05527155637761
-1.23828553877620 0.296072113203805 3.05527155637761
-0.650376303600786 -0.585122343057955 0.807467736572771
-0.650376303600786 -0.585122343057955 0.807467736572771
-0.650376303600786 -0.585122343057955 0.807467736572771
-0.737771250022774 0.805991808632705 2.41038056381548
-0.737771250022774 0.805991808632705 2.41038056381548
0.121256592529068 0.917897300794342 2.55652928589798
0.121256592529068 0.917897300794342 2.55652928589798
0.121256592529068 0.917897300794342 2.55652928589798
0.121256592529068 0.917897300794342 2.55652928589798
0.121256592529068 0.917897300794342 2.55652928589798
0.121256592529068 0.917897300794342 2.55652928589798
0.121256592529068 0.917897300794342 2.55652928589798
0.121256592529068 0.917897300794342 2.55652928589798
0.121256592529068 0.917897300794342 2.55652928589798
0.121256592529068 0.917897300794342 2.55652928589798
0.121256592529068 0.917897300794342 2.55652928589798
0.121256592529068 0.917897300794342 2.55652928589798
0.121256592529068 0.917897300794342 2.55652928589798
0.121256592529068 0.917897300794342 2.55652928589798
0.121256592529068 0.917897300794342 2.55652928589798
0.121256592529068 0.917897300794342 2.55652928589798
0.121256592529068 0.917897300794342 2.55652928589798
0.121256592529068 0.917897300794342 2.55652928589798
0.121256592529068 0.917897300794342 2.55652928589798
0.121256592529068 0.917897300794342 2.55652928589798
-0.950181225741637 0.486195584403477 3.10552540213829
-0.950181225741637 0.486195584403477 3.10552540213829
-0.950181225741637 0.486195584403477 3.10552540213829
-0.393364569697184 0.592063109051119 3.13150791995784
-0.0585938935256707 -1.47533172802605 1.97412860699407
0.673927583946766 0.194552989182212 2.23594743999588
0.673927583946766 0.194552989182212 2.23594743999588
0.673927583946766 0.194552989182212 2.23594743999588
0.673927583946766 0.194552989182212 2.23594743999588
0.673927583946766 0.194552989182212 2.23594743999588
0.673927583946766 0.194552989182212 2.23594743999588
