1 1 1
2.18650326561388 1.02421805073042 2.01226354274111
2.18650326561388 1.02421805073042 2.01226354274111
2.18650326561388 1.02421805073042 2.01226354274111
2.18650326561388 1.02421805073042 2.01226354274111
2.18650326561388 1.02421805073042 2.01226354274111
2.18650326561388 1.02421805073042 2.01226354274111
2.18650326561388 1.02421805073042 2.01226354274111
2.18650326561388 1.02421805073042 2.01226354274111
2.18650326561388 1.02421805073042 2.01226354274111
2.25688632536153 0.706111456176109 1.49577669700925
2.25688632536153 0.706111456176109 1.49577669700925
2.25688632536153 0.706111456176109 1.49577669700925
2.25688632536153 0.706111456176109 1.49577669700925
2.25688632536153 0.706111456176109 1.49577669700925
2.25688632536153 0.706111456176109 1.49577669700925
1.5111005608553 0.982382352460051 0.923367702157473
1.5111005608553 0.982382352460051 0.923367702157473
1.5111005608553 0.982382352460051 0.923367702157473
0.0519396046207714 1.08449976785924 1.09711112720942
0.12149804881797 1.28246201048022 2.37944747637304
0.12149804881797 1.28246201048022 2.37944747637304
0.12149804881797 1.28246201048022 2.37944747637304
0.12149804881797 1.28246201048022 2.37944747637304
0.12149804881797 1.28246201048022 2.37944747637304
0.12149804881797 1.28246201048022 2.37944747637304
0.12149804881797 1.28246201048022 2.37944747637304
1.34477462612222 0.376382158760336 1.94521330204495
1.34477462612222 0.376382158760336 1.94521330204495
0.559553243655551 1.55420688486112 1.05166301181411
