1 1 1
0.752141356909362 0.156255741822418 0.101567312037062
1.25488824252625 1.27357658002069 0.0944490684347879
1.25488824252625 1.27357658002069 0.0944490684347879
1.25488824252625 1.27357658002069 0.0944490684347879
0.76432902367623 1.63442122062548 0.0919252697686464
0.76432902367623 1.63442122062548 0.0919252697686464
0.76432902367623 1.63442122062548 0.0919252697686464
0.76432902367623 1.63442122062548 0.0919252697686464
-0.734041367458168 -0.970220578215351 1.46251776363425
-0.734041367458168 -0.970220578215351 1.46251776363425
-0.734041367458168 -0.970220578215351 1.46251776363425
-0.605209670781387 -0.0535373585923716 0.583541411422227
-0.605209670781387 -0.0535373585923716 0.583541411422227
0.328917709903481 0.926821684065223 0.4962526106523
0.562434892894672 0.586790542049661 0.699562921542974
0.793821587188235 1.15921393987426 1.03530399097007
0.305796771046174 0.598797411380283 2.18093900563951
0.305796771046174 0.598797411380283 2.18093900563951
0.305796771046174 0.598797411380283 2.18093900563951
0.305796771046174 0.598797411380283 2.18093900563951
0.305796771046174 0.598797411380283 2.18093900563951
0.305796771046174 0.598797411380283 2.18093900563951
0.305796771046174 0.598797411380283 2.18093900563951
0.305796771046174 0.598797411380283 2.18093900563951
0.0564858295373582 0.253445408294167 2.20826258838148
0.0564858295373582 0.253445408294167 2.20826258838148
0.0564858295373582 0.253445408294167 2.20826258838148
0.0564858295373582 0.253445408294167 2.20826258838148
0.0564858295373582 0.253445408294167 2.20826258838148
