1 1 1
1 1 1
0.990420537291215 1.24220752325784 1.76013787057268
-0.0145622502758769 1.64809349093116 1.36018882156874
-0.0145622502758769 1.64809349093116 1.36018882156874
0.873183065200149 0.862229299319047 1.05136079549882
-0.112824442305031 0.927540397891001 0.726840797865513
-0.112824442305031 0.927540397891001 0.726840797865513
0.0103734830236593 0.7907277324417 1.18580893850012
-0.127510674305871 1.36346800464997 0.952723879736131
-0.127510674305871 1.36346800464997 0.952723879736131
-0.127510674305871 1.36346800464997 0.952723879736131
1.53725024606556 1.47018533703108 2.05639295091996
1.53725024606556 1.47018533703108 2.05639295091996
1.53725024606556 1.47018533703108 2.05639295091996
1.53725024606556 1.47018533703108 2.05639295091996
1.53725024606556 1.47018533703108 2.05639295091996
1.53725024606556 1.47018533703108 2.05639295091996
0.522313666802047 1.16893356234348 2.40659089462398
2.15104667193577 1.26576224301778 2.8701878208553
2.15104667193577 1.26576224301778 2.8701878208553
2.48463210247167 1.81850973038833 3.11393175385097
2.07262135883095 1.18175925910225 2.63457913360639
2.07262135883095 1.18175925910225 2.63457913360639
2.07262135883095 1.18175925910225 2.63457913360639
1.78124137393769 0.779710550722307 3.07919120940083
1.06277255144099 0.80336468910463 2.3565589091223
0.99383844051165 1.41158261249505 1.53420108079051
0.99383844051165 1.41158261249505 1.53420108079051
0.99383844051165 1.41158261249505 1.53420108079051
