1 1 1
1 1 1
1 1 1
0.968719532659204 1.80052855276248 1.04581646763975
0.968719532659204 1.80052855276248 1.04581646763975
0.968719532659204 1.80052855276248 1.04581646763975
0.968719532659204 1.80052855276248 1.04581646763975
0.968719532659204 1.80052855276248 1.04581646763975
0.968719532659204 1.80052855276248 1.04581646763975
-0.206594731758979 2.75998530000587 1.19159725006060
-0.688548382933787 2.34499570637965 0.779972101975732
-0.688548382933787 2.34499570637965 0.779972101975732
-0.688548382933787 2.34499570637965 0.779972101975732
-0.688548382933787 2.34499570637965 0.779972101975732
-0.688548382933787 2.34499570637965 0.779972101975732
-0.688548382933787 2.34499570637965 0.779972101975732
-0.688548382933787 2.34499570637965 0.779972101975732
-0.688548382933787 2.34499570637965 0.779972101975732
-0.688548382933787 2.34499570637965 0.779972101975732
-0.688548382933787 2.34499570637965 0.779972101975732
-0.688548382933787 2.34499570637965 0.779972101975732
-0.688548382933787 2.34499570637965 0.779972101975732
-0.688548382933787 2.34499570637965 0.779972101975732
-0.688548382933787 2.34499570637965 0.779972101975732
-0.688548382933787 2.34499570637965 0.779972101975732
-0.688548382933787 2.34499570637965 0.779972101975732
-0.688548382933787 2.34499570637965 0.779972101975732
-0.688548382933787 2.34499570637965 0.779972101975732
-0.688548382933787 2.34499570637965 0.779972101975732
-0.688548382933787 2.34499570637965 0.779972101975732
-0.688548382933787 2.34499570637965 0.779972101975732
-1.5804306426046 1.56994761290942 0.875723440420431
-1.5804306426046 1.56994761290942 0.875723440420431
-0.366286076289667 0.725936423251737 0.36734732836032
0.55159795494942 1.76870729782103 0.393299363240111
0.98262459626327 1.96239588671539 0.88284494059977
0.837151339574203 2.14412224938650 1.61241214608899
0.429675613745251 2.00725523488745 1.59531618231247
0.429675613745251 2.00725523488745 1.59531618231247
0.475290769347763 2.57433758932479 0.769616036908406
0.475290769347763 2.57433758932479 0.769616036908406
0.475290769347763 2.57433758932479 0.769616036908406
0.719201251202208 2.71357887862169 1.19333236164114
0.714006147733132 2.42832070002892 1.27703234261571
-0.00243437721797746 1.35980704521606 1.27685995978443
-0.00243437721797746 1.35980704521606 1.27685995978443
-0.00243437721797746 1.35980704521606 1.27685995978443
-0.00243437721797746 1.35980704521606 1.27685995978443
-0.00243437721797746 1.35980704521606 1.27685995978443
-0.00243437721797746 1.35980704521606 1.27685995978443
