1 1 1
1 1 1
1.15454994031509 1.40466080015010 2.77016020072864
1.15454994031509 1.40466080015010 2.77016020072864
1.15454994031509 1.40466080015010 2.77016020072864
1.15454994031509 1.40466080015010 2.77016020072864
1.15454994031509 1.40466080015010 2.77016020072864
1.15454994031509 1.40466080015010 2.77016020072864
1.15454994031509 1.40466080015010 2.77016020072864
1.15454994031509 1.40466080015010 2.77016020072864
1.15454994031509 1.40466080015010 2.77016020072864
1.15454994031509 1.40466080015010 2.77016020072864
1.15454994031509 1.40466080015010 2.77016020072864
1.15454994031509 1.40466080015010 2.77016020072864
1.15454994031509 1.40466080015010 2.77016020072864
1.15454994031509 1.40466080015010 2.77016020072864
1.15454994031509 1.40466080015010 2.77016020072864
1.15454994031509 1.40466080015010 2.77016020072864
0.807257891573481 2.01135762863068 2.16725454072744
0.889906906095612 2.24902002279339 2.01188569222795
0.889906906095612 2.24902002279339 2.01188569222795
0.889906906095612 2.24902002279339 2.01188569222795
0.889906906095612 2.24902002279339 2.01188569222795
1.07362557005561 1.63137993646522 0.974945182672216
1.07362557005561 1.63137993646522 0.974945182672216
-0.796866770682956 1.06606474681833 0.771813698076244
-0.796866770682956 1.06606474681833 0.771813698076244
-0.796866770682956 1.06606474681833 0.771813698076244
-0.546435197669401 0.796348522881352 1.27191215774670
-1.13698096416995 0.6638317321885 0.82733776807353
-1.13698096416995 0.6638317321885 0.82733776807353
-1.13698096416995 0.6638317321885 0.82733776807353
-1.13698096416995 0.6638317321885 0.82733776807353
-1.12959207136669 1.95518696678917 1.61979928370912
-1.12959207136669 1.95518696678917 1.61979928370912
-1.12959207136669 1.95518696678917 1.61979928370912
-1.12959207136669 1.95518696678917 1.61979928370912
-1.12959207136669 1.95518696678917 1.61979928370912
-1.12959207136669 1.95518696678917 1.61979928370912
-1.12959207136669 1.95518696678917 1.61979928370912
-1.12959207136669 1.95518696678917 1.61979928370912
-1.12959207136669 1.95518696678917 1.61979928370912
-1.12959207136669 1.95518696678917 1.61979928370912
-0.386584078786667 0.118726611403817 0.61543934316897
-0.386584078786667 0.118726611403817 0.61543934316897
0.680134236670958 0.676985677553028 1.12771118179718
0.772630981136351 -0.0967211126044608 1.47532618063580
0.772630981136351 -0.0967211126044608 1.47532618063580
0.772630981136351 -0.0967211126044608 1.47532618063580
0.478968031735406 -0.0857562782398407 1.49603400715857
