1 1 1
1.04598951994318 0.213396885810185 1.71724777515018
1.04598951994318 0.213396885810185 1.71724777515018
1.04598951994318 0.213396885810185 1.71724777515018
1.04598951994318 0.213396885810185 1.71724777515018
1.14343019638423 1.24692804119385 1.65855107660774
1.14343019638423 1.24692804119385 1.65855107660774
1.14343019638423 1.24692804119385 1.65855107660774
1.17254807969907 1.89922590408567 1.09980333509763
1.17254807969907 1.89922590408567 1.09980333509763
1.17254807969907 1.89922590408567 1.09980333509763
1.17254807969907 1.89922590408567 1.09980333509763
1.17254807969907 1.89922590408567 1.09980333509763
0.519167946048299 1.08220275971760 1.82380245623516
0.519167946048299 1.08220275971760 1.82380245623516
0.577471485246646 0.80842569415519 1.27313099177797
0.577471485246646 0.80842569415519 1.27313099177797
0.577471485246646 0.80842569415519 1.27313099177797
0.577471485246646 0.80842569415519 1.27313099177797
0.577471485246646 0.80842569415519 1.27313099177797
0.577471485246646 0.80842569415519 1.27313099177797
-0.565271383676445 1.02857164760054 1.14703796605342
-0.566751800396991 1.17293326115698 1.55474306757136
-0.566751800396991 1.17293326115698 1.55474306757136
0.276650322805918 1.25027043355828 0.672171461252099
0.276650322805918 1.25027043355828 0.672171461252099
0.371508724365132 1.50439573392103 0.663570390926908
0.371508724365132 1.50439573392103 0.663570390926908
0.371508724365132 1.50439573392103 0.663570390926908
0.371508724365132 1.50439573392103 0.663570390926908
0.371508724365132 1.50439573392103 0.663570390926908
-1.11528092308608 -0.186327606204086 1.47951750033598
-1.05050672830997 0.789300928908702 1.01509210343084
-1.19380926410024 0.771104267376473 1.25010609397815
-1.31893103194702 0.397470201482146 2.44273836648172
-1.40129665945407 1.39642954652780 1.73822169500636
-0.972156767499688 0.558762210614807 1.46025034286715
-0.891471339073428 0.259167256828288 1.52728821137818
-0.891471339073428 0.259167256828288 1.52728821137818
-0.89858971355555 1.14652061462212 1.16064626460440
-0.89858971355555 1.14652061462212 1.16064626460440
-0.0209905778621738 0.896157141615872 0.994942360342967
-0.0209905778621738 0.896157141615872 0.994942360342967
0.115158772210665 1.48546833754559 1.34672483073182
0.115158772210665 1.48546833754559 1.34672483073182
0.115158772210665 1.48546833754559 1.34672483073182
-0.574867549204429 0.780421018996737 2.14895790069032
-1.35530581105806 0.480431454994857 1.31834204830030
-1.35530581105806 0.480431454994857 1.31834204830030
-0.744960180979143 0.591409537916432 1.75166979293402
