1 1 1
1.26698959358113 1.08460998642614 1.19649940644298
1.26698959358113 1.08460998642614 1.19649940644298
1.26698959358113 1.08460998642614 1.19649940644298
1.04192106973049 1.28957267543060 1.91627853361171
0.579689945828894 1.22711129679464 2.20357811417123
0.579689945828894 1.22711129679464 2.20357811417123
1.23127900601149 0.707815881343989 1.93355493986045
1.23127900601149 0.707815881343989 1.93355493986045
1.23127900601149 0.707815881343989 1.93355493986045
-0.77129174946052 1.50423854750846 1.14288640428073
-1.20600512612753 2.05291215008735 1.06217218456477
-1.20600512612753 2.05291215008735 1.06217218456477
-0.701519217430658 1.30409344638613 1.24274372823842
-0.656435866559475 1.61580450047336 1.42852730869716
0.779153882775651 0.448171086933845 0.866781955728963
0.779153882775651 0.448171086933845 0.866781955728963
0.779153882775651 0.448171086933845 0.866781955728963
0.779153882775651 0.448171086933845 0.866781955728963
-0.0470227557781663 0.908906965957748 1.67592329021578
-0.0470227557781663 0.908906965957748 1.67592329021578
-0.0470227557781663 0.908906965957748 1.67592329021578
-0.0470227557781663 0.908906965957748 1.67592329021578
-0.0470227557781663 0.908906965957748 1.67592329021578
-0.0470227557781663 0.908906965957748 1.67592329021578
-0.81252994927384 -0.201490053880866 1.33957892378922
-0.81252994927384 -0.201490053880866 1.33957892378922
0.222568923619985 0.245071190650596 2.21594389804357
0.504666848896391 0.468595658107173 1.63233834203375
0.504666848896391 0.468595658107173 1.63233834203375
0.504666848896391 0.468595658107173 1.63233834203375
0.504666848896391 0.468595658107173 1.63233834203375
0.504666848896391 0.468595658107173 1.63233834203375
0.504666848896391 0.468595658107173 1.63233834203375
-0.320084796186008 1.05793557490410 1.74952526116592
-0.320084796186008 1.05793557490410 1.74952526116592
-0.320084796186008 1.05793557490410 1.74952526116592
-0.320084796186008 1.05793557490410 1.74952526116592
0.752260101972692 1.34727453457156 2.20276037895200
0.752260101972692 1.34727453457156 2.20276037895200
0.752260101972692 1.34727453457156 2.20276037895200
0.752260101972692 1.34727453457156 2.20276037895200
0.127681393479321 0.453898024796541 2.99432072298335
0.127681393479321 0.453898024796541 2.99432072298335
1.05549607644884 0.360341026823841 2.32068150183087
-0.368356983270193 1.59175272531394 2.78333560295951
-0.368356983270193 1.59175272531394 2.78333560295951
-0.368356983270193 1.59175272531394 2.78333560295951
-0.573533841525048 0.684493469207704 2.74935191739327
-0.573533841525048 0.684493469207704 2.74935191739327
