1 1 1
1 1 1
0.597057648477298 0.85186946387861 1.73525178652617
0.597057648477298 0.85186946387861 1.73525178652617
0.597057648477298 0.85186946387861 1.73525178652617
0.597057648477298 0.85186946387861 1.73525178652617
0.597057648477298 0.85186946387861 1.73525178652617
0.597057648477298 0.85186946387861 1.73525178652617
0.533053729807093 0.846653279116363 2.28816318755544
-0.491826101581449 0.497097353072812 2.66847197432892
-0.491826101581449 0.497097353072812 2.66847197432892
-0.359586318640643 -0.437595419460614 2.3951830308842
-0.359586318640643 -0.437595419460614 2.3951830308842
-0.359586318640643 -0.437595419460614 2.3951830308842
-1.37219237460869 0.485953699727614 2.36613780280474
0.572946227237361 1.37703443378028 1.35826935451106
-0.666359886039582 0.10051447407727 2.35902716132312
-0.144607588730932 0.143858424784735 2.73409762741736
-0.144607588730932 0.143858424784735 2.73409762741736
1.32700012483329 0.293082875708189 1.73753692998199
-0.843704761183037 0.330110122617125 0.982316828150771
-0.843704761183037 0.330110122617125 0.982316828150771
0.62813155505045 0.738832427054139 1.05343101386351
0.283044777251269 1.4486342948743 1.3065860116007
0.283044777251269 1.4486342948743 1.3065860116007
0.283044777251269 1.4486342948743 1.3065860116007
0.0746934928351696 1.28434727854083 2.29748627311087
0.0746934928351696 1.28434727854083 2.29748627311087
0.0198140223196429 1.2310042507076 1.97710948814222
0.0198140223196429 1.2310042507076 1.97710948814222
