1 1 1
0.440823484550028 3.47630976876071 2.89749329698283
0.440823484550028 3.47630976876071 2.89749329698283
-0.885096739938756 3.0378091009212 2.47117158795542
-0.885096739938756 3.0378091009212 2.47117158795542
-0.622430556078059 2.70479774296088 2.348275223983
-0.622430556078059 2.70479774296088 2.348275223983
-0.911776541370506 1.82246875887196 2.57838954720198
-2.12852548801925 1.86678293437995 2.20566908765019
-1.83783320653832 1.88929132976984 2.17918256381212
-1.97826534780193 2.20116593014671 0.674839456322472
-1.97826534780193 2.20116593014671 0.674839456322472
-1.37479430278543 2.04735189738231 1.38388501885124
-1.37479430278543 2.04735189738231 1.38388501885124
-1.43030495769284 1.52485168184615 1.5347773802599
-1.58790259402537 2.14618379550259 1.68986785070612
-1.58790259402537 2.14618379550259 1.68986785070612
-1.58790259402537 2.14618379550259 1.68986785070612
-1.58790259402537 2.14618379550259 1.68986785070612
-1.58790259402537 2.14618379550259 1.68986785070612
-1.58790259402537 2.14618379550259 1.68986785070612
-1.58790259402537 2.14618379550259 1.68986785070612
-1.58790259402537 2.14618379550259 1.68986785070612
-1.58790259402537 2.14618379550259 1.68986785070612
-2.29975533779838 0.404621238665294 1.85593499445087
-2.29975533779838 0.404621238665294 1.85593499445087
-0.883713948449655 0.00972883236911326 2.24088664707667
-0.883713948449655 0.00972883236911326 2.24088664707667
-1.7232058931447 0.416682264603568 1.76386737717546
-1.7232058931447 0.416682264603568 1.76386737717546
