1 1 1
1 1 1
1 1 1
1 1 1
1 1 1
1 1 1
1 1 1
1 1 1
1 1 1
1 1 1
1 1 1
1 1 1
1 1 1
0.916316425331139 1.09688810563293 0.938913946826047
0.916316425331139 1.09688810563293 0.938913946826047
1.02379780923969 0.679123540860582 0.51471312444694
0.487658775912751 0.762303221737966 0.838911536118693
1.70130556371893 0.863740123609286 2.01179563349946
-0.880679494440901 0.962741212457218 1.1427954885557
-1.13629027751701 0.37364039481225 1.85379824326301
0.340356083816397 0.849748299458323 1.3892107365547
-0.253747219553378 1.06864260434493 0.888156449331147
-0.253747219553378 1.06864260434493 0.888156449331147
-0.253747219553378 1.06864260434493 0.888156449331147
-0.736414930987306 0.696147872520873 1.04324788693152
0.0761516324228361 0.430699248991815 1.60877520029866
0.0761516324228361 0.430699248991815 1.60877520029866
0.0761516324228361 0.430699248991815 1.60877520029866
-0.236027757028664 0.835165187647921 1.41293989304194
-0.236027757028664 0.835165187647921 1.41293989304194
