1 1 1
1 1 1
1 1 1
1 1 1
1 1 1
1 1 1
1 1 1
1 1 1
1 1 1
1 1 1
1 1 1
1 1 1
1.03450286671551 1.01158900512214 1.40987267809341
1.03450286671551 1.01158900512214 1.40987267809341
0.52918657557094 0.692028396876379 2.26966709755545
0.52918657557094 0.692028396876379 2.26966709755545
0.52918657557094 0.692028396876379 2.26966709755545
0.52918657557094 0.692028396876379 2.26966709755545
0.52918657557094 0.692028396876379 2.26966709755545
0.52918657557094 0.692028396876379 2.26966709755545
1.46064966645474 0.677718847434115 1.75945378250665
0.495083303448787 -0.0148315055767653 1.77301375173614
0.495083303448787 -0.0148315055767653 1.77301375173614
0.710067322693389 0.869066694176015 1.80926295541909
0.203684282063416 -0.0301224310779431 1.0824657145184
0.203684282063416 -0.0301224310779431 1.0824657145184
0.203684282063416 -0.0301224310779431 1.0824657145184
0.203684282063416 -0.0301224310779431 1.0824657145184
0.203684282063416 -0.0301224310779431 1.0824657145184
0.203684282063416 -0.0301224310779431 1.0824657145184
