1 1 1
0.646543505725328 0.551768749874772 1.26008205525641
0.77831469784143 0.761839222071524 1.82346414399769
0.428270027077296 -0.258055469319551 1.9374385790027
-0.64625672400977 -0.388735731291133 1.78213562475314
-0.64625672400977 -0.388735731291133 1.78213562475314
-0.64625672400977 -0.388735731291133 1.78213562475314
0.0773980230005809 0.279495142752654 2.477652961135
0.0773980230005809 0.279495142752654 2.477652961135
-0.334687651775511 0.969980903000108 2.86065616270926
-0.334687651775511 0.969980903000108 2.86065616270926
-0.334687651775511 0.969980903000108 2.86065616270926
0.221577801971543 1.04089557412071 3.04471934739563
0.221577801971543 1.04089557412071 3.04471934739563
0.221577801971543 1.04089557412071 3.04471934739563
0.221577801971543 1.04089557412071 3.04471934739563
0.874297860630817 0.944231702861982 2.56413106657925
0.874297860630817 0.944231702861982 2.56413106657925
0.874297860630817 0.944231702861982 2.56413106657925
-0.268490803279718 0.330737494156341 3.06711759860712
-0.268490803279718 0.330737494156341 3.06711759860712
-0.268490803279718 0.330737494156341 3.06711759860712
-0.985168895232814 -0.608438050058809 2.36599359240244
-0.985168895232814 -0.608438050058809 2.36599359240244
-0.410119549259159 -0.819475914379681 2.7391130415608
-0.410119549259159 -0.819475914379681 2.7391130415608
-1.12742497337894 -0.871226430600443 1.43541170744986
-1.20952869574576 -0.498921430179268 1.39420300035168
-1.20952869574576 -0.498921430179268 1.39420300035168
-1.20952869574576 -0.498921430179268 1.39420300035168
