1 1 1
1 1 1
1 1 1
1.47778987631375 1.29328997707080 0.738951652066763
1.69519811641016 1.47216228397083 0.751149777791682
1.69519811641016 1.47216228397083 0.751149777791682
3.46574835770815 2.57307826375731 1.37073611233124
2.74583414463847 2.31266969695808 1.04586453791405
2.96264116335083 2.22798050378967 1.33111013333590
2.96264116335083 2.22798050378967 1.33111013333590
3.41658351172174 1.96866558238768 1.63739566649088
3.41658351172174 1.96866558238768 1.63739566649088
3.41658351172174 1.96866558238768 1.63739566649088
2.50563450287089 1.39664040212446 0.589164136465992
2.50563450287089 1.39664040212446 0.589164136465992
2.35218377218500 0.715001662747139 1.81737398890942
2.73172937093985 0.861706450625498 1.84631237566277
2.73172937093985 0.861706450625498 1.84631237566277
2.73172937093985 0.861706450625498 1.84631237566277
2.73172937093985 0.861706450625498 1.84631237566277
2.73172937093985 0.861706450625498 1.84631237566277
2.81820648712536 0.750838740710475 0.970507909890232
2.81820648712536 0.750838740710475 0.970507909890232
3.02584199108531 0.98269548392848 1.19496005829689
2.00891017342420 0.845433172832139 0.682504634092179
1.52879162483848 0.416980457826108 0.109533445399577
1.52879162483848 0.416980457826108 0.109533445399577
1.24822784551608 0.0209227499292390 -0.285790822074242
1.24822784551608 0.0209227499292390 -0.285790822074242
1.24822784551608 0.0209227499292390 -0.285790822074242
1.24822784551608 0.0209227499292390 -0.285790822074242
1.24822784551608 0.0209227499292390 -0.285790822074242
1.24822784551608 0.0209227499292390 -0.285790822074242
1.24822784551608 0.0209227499292390 -0.285790822074242
1.24822784551608 0.0209227499292390 -0.285790822074242
1.24822784551608 0.0209227499292390 -0.285790822074242
1.24822784551608 0.0209227499292390 -0.285790822074242
1.24822784551608 0.0209227499292390 -0.285790822074242
0.393391072297503 -0.162509594500709 -0.114501670809532
0.278755721532645 0.372827871814706 0.611166345356538
0.278755721532645 0.372827871814706 0.611166345356538
0.447088379077593 0.516275668038902 0.495974967124342
0.447088379077593 0.516275668038902 0.495974967124342
0.447088379077593 0.516275668038902 0.495974967124342
1.1213630868724 0.921265166817732 0.420693615821674
1.1213630868724 0.921265166817732 0.420693615821674
1.1213630868724 0.921265166817732 0.420693615821674
1.1213630868724 0.921265166817732 0.420693615821674
1.57322232310578 1.0082064503653 1.15713758889900
1.57322232310578 1.0082064503653 1.15713758889900
