1 1 1
0.981785177037577 2.07963172579962 1.47288555472346
0.981785177037577 2.07963172579962 1.47288555472346
0.981785177037577 2.07963172579962 1.47288555472346
0.981785177037577 2.07963172579962 1.47288555472346
0.981785177037577 2.07963172579962 1.47288555472346
0.981785177037577 2.07963172579962 1.47288555472346
0.981785177037577 2.07963172579962 1.47288555472346
0.981785177037577 2.07963172579962 1.47288555472346
0.981785177037577 2.07963172579962 1.47288555472346
0.981785177037577 2.07963172579962 1.47288555472346
0.80004254433038 1.9987440044799 1.43866457005768
0.80004254433038 1.9987440044799 1.43866457005768
0.80004254433038 1.9987440044799 1.43866457005768
0.80004254433038 1.9987440044799 1.43866457005768
0.80004254433038 1.9987440044799 1.43866457005768
0.80004254433038 1.9987440044799 1.43866457005768
0.241152633355385 1.46865680378635 1.06629694658590
0.241152633355385 1.46865680378635 1.06629694658590
0.241152633355385 1.46865680378635 1.06629694658590
0.241152633355385 1.46865680378635 1.06629694658590
1.20651091014222 2.35297319467177 1.86451563825989
1.20651091014222 2.35297319467177 1.86451563825989
1.20651091014222 2.35297319467177 1.86451563825989
1.20651091014222 2.35297319467177 1.86451563825989
1.63023339367816 2.82031990487884 1.87557963032243
1.73347064558885 3.01060621514331 2.13184284080504
1.30691060585859 2.56278014412807 1.80654278873603
1.30691060585859 2.56278014412807 1.80654278873603
1.30691060585859 2.56278014412807 1.80654278873603
1.30691060585859 2.56278014412807 1.80654278873603
1.30691060585859 2.56278014412807 1.80654278873603
1.30691060585859 2.56278014412807 1.80654278873603
1.30691060585859 2.56278014412807 1.80654278873603
1.30691060585859 2.56278014412807 1.80654278873603
1.50285094165228 2.46682091686174 1.18679149691951
1.50285094165228 2.46682091686174 1.18679149691951
1.50285094165228 2.46682091686174 1.18679149691951
1.50285094165228 2.46682091686174 1.18679149691951
1.50285094165228 2.46682091686174 1.18679149691951
1.50285094165228 2.46682091686174 1.18679149691951
1.50285094165228 2.46682091686174 1.18679149691951
1.50285094165228 2.46682091686174 1.18679149691951
-0.089121378421442 2.04435649593122 0.410829658492522
-0.089121378421442 2.04435649593122 0.410829658492522
-0.089121378421442 2.04435649593122 0.410829658492522
0.64221666699821 1.76768595895147 0.390455762286472
0.64221666699821 1.76768595895147 0.390455762286472
0.64221666699821 1.76768595895147 0.390455762286472
0.64221666699821 1.76768595895147 0.390455762286472
