1 1 1
-0.336516632704165 2.64623354791886 2.38832803498019
-0.336516632704165 2.64623354791886 2.38832803498019
-0.336516632704165 2.64623354791886 2.38832803498019
-0.336516632704165 2.64623354791886 2.38832803498019
-0.336516632704165 2.64623354791886 2.38832803498019
-0.336516632704165 2.64623354791886 2.38832803498019
-0.336516632704165 2.64623354791886 2.38832803498019
-0.336516632704165 2.64623354791886 2.38832803498019
-0.336516632704165 2.64623354791886 2.38832803498019
0.120181105514412 2.56268006402572 2.65029787884644
0.120181105514412 2.56268006402572 2.65029787884644
0.120181105514412 2.56268006402572 2.65029787884644
0.120181105514412 2.56268006402572 2.65029787884644
0.120181105514412 2.56268006402572 2.65029787884644
0.576266609642233 2.17701233743948 3.08351297059258
1.46787623299189 1.86110905471392 2.09172338756967
1.46787623299189 1.86110905471392 2.09172338756967
1.46787623299189 1.86110905471392 2.09172338756967
1.46787623299189 1.86110905471392 2.09172338756967
1.88340082665627 1.71853974090016 1.91859264833422
1.88340082665627 1.71853974090016 1.91859264833422
1.88340082665627 1.71853974090016 1.91859264833422
-0.891397934312017 1.68290068494924 1.5770939389298
-1.03410853154059 1.48029152567233 1.24176398215827
-0.711380273583259 1.14719055074540 0.972143507871884
-0.711380273583259 1.14719055074540 0.972143507871884
-0.711380273583259 1.14719055074540 0.972143507871884
-0.711380273583259 1.14719055074540 0.972143507871884
-0.711380273583259 1.14719055074540 0.972143507871884
-0.711380273583259 1.14719055074540 0.972143507871884
-0.711380273583259 1.14719055074540 0.972143507871884
-0.711380273583259 1.14719055074540 0.972143507871884
-0.711380273583259 1.14719055074540 0.972143507871884
-0.711380273583259 1.14719055074540 0.972143507871884
-1.73003818321521 1.57113696426671 2.22750706481920
-1.73003818321521 1.57113696426671 2.22750706481920
-0.898566944657295 1.43613673900498 3.14806995982634
0.549754416925763 1.72462172305899 3.30923743983425
0.549754416925763 1.72462172305899 3.30923743983425
1.75774825300337 1.17200938516124 1.79862156242614
1.75774825300337 1.17200938516124 1.79862156242614
0.961331069055307 1.39304120775196 1.60414910339432
0.961331069055307 1.39304120775196 1.60414910339432
0.961331069055307 1.39304120775196 1.60414910339432
-0.871115491241613 0.873024197814039 0.908516524323425
-0.871115491241613 0.873024197814039 0.908516524323425
-0.871115491241613 0.873024197814039 0.908516524323425
-0.871115491241613 0.873024197814039 0.908516524323425
-0.871115491241613 0.873024197814039 0.908516524323425
