1 1 1
1 1 1
1 1 1
1 1 1
1 1 1
1.43953743868942 1.01822012712835 1.10855427885644
1.43953743868942 1.01822012712835 1.10855427885644
1.43953743868942 1.01822012712835 1.10855427885644
0.741705368104371 -0.482836091121436 1.05183824745861
1.41412933266674 1.01095598724469 0.628728766915936
1.41412933266674 1.01095598724469 0.628728766915936
1.44674912448101 0.686141451627115 0.587641237320138
2.64632703811069 1.55242488279748 0.851930950322053
2.07775765928081 1.03928463842385 2.04668444173555
0.705655128319495 -0.663211430388122 1.48349395480099
1.18517226813738 -0.14858231831714 1.78789354405126
1.18517226813738 -0.14858231831714 1.78789354405126
1.47504963423618 -0.27831718192192 1.51780389075024
1.50987054303818 -0.679013065740191 1.35839689141863
1.08650668484766 -0.594748843489378 1.86248961735713
1.08650668484766 -0.594748843489378 1.86248961735713
0.644152084263776 -0.83968491197666 1.81596145500441
0.644152084263776 -0.83968491197666 1.81596145500441
0.644152084263776 -0.83968491197666 1.81596145500441
1.72397135242232 -0.142850972425574 1.95624545707212
1.72950231627439 1.26637543844803 1.76316161998877
1.55042371426707 1.01387532598183 1.8697921301854
1.1048562371791 0.864648899657474 1.4135384503116
1.1048562371791 0.864648899657474 1.4135384503116
1.82726390833007 1.47894241088781 1.17924918416734
