1 1 1
1 1 1
2.00125973775825 1.341308559613 0.221629917756128
2.00125973775825 1.341308559613 0.221629917756128
2.00125973775825 1.341308559613 0.221629917756128
2.00125973775825 1.341308559613 0.221629917756128
2.00125973775825 1.341308559613 0.221629917756128
2.00125973775825 1.341308559613 0.221629917756128
2.00125973775825 1.341308559613 0.221629917756128
2.02099460338154 0.932601236191791 0.191797316808183
2.02099460338154 0.932601236191791 0.191797316808183
2.02099460338154 0.932601236191791 0.191797316808183
1.10858116536334 1.66111977361708 1.06344849003688
1.64259341786593 1.59119221728819 1.03923378711205
0.976700519420489 2.28924394106013 0.777158207332664
1.3888253546309 2.10213862385731 1.40911790709026
1.3888253546309 2.10213862385731 1.40911790709026
1.57421422583875 1.34002023398368 1.16862846744827
1.57421422583875 1.34002023398368 1.16862846744827
2.05350539166727 0.834710397099045 0.635864714161516
1.31637862413445 0.114696411921894 1.09278472248222
1.31637862413445 0.114696411921894 1.09278472248222
0.355557298812683 -0.573892095372228 1.91631339778017
0.355557298812683 -0.573892095372228 1.91631339778017
-0.081400998075689 -0.388706414264497 2.09185226519487
-0.081400998075689 -0.388706414264497 2.09185226519487
-1.33578010513944 0.887967800956362 2.45696300011585
-1.33578010513944 0.887967800956362 2.45696300011585
0.152122018504821 1.56086478180375 2.48742785521249
0.152122018504821 1.56086478180375 2.48742785521249
