1 1 1
1 1 1
1 1 1
1 1 1
1 1 1
-0.0406741507580546 1.28361267670115 2.37416669600186
-0.0406741507580546 1.28361267670115 2.37416669600186
-0.0808812719519342 1.92095733987702 2.26973819348702
-0.0808812719519342 1.92095733987702 2.26973819348702
-0.0808812719519342 1.92095733987702 2.26973819348702
-0.224182678484598 1.95781090379441 1.88378239110302
-0.224182678484598 1.95781090379441 1.88378239110302
0.751948876947768 2.26908457805643 0.580680748647306
0.671165108242882 1.41356075374871 -0.0939164619128646
-1.5351308916634 2.60613745116045 2.06506199294876
-0.799958527300391 1.72072626393491 0.51533940486437
-0.799958527300391 1.72072626393491 0.51533940486437
-0.799958527300391 1.72072626393491 0.51533940486437
-0.799958527300391 1.72072626393491 0.51533940486437
-0.799958527300391 1.72072626393491 0.51533940486437
-0.799958527300391 1.72072626393491 0.51533940486437
-0.792736382353423 1.50541425861244 0.706490342887931
-1.42081938763512 0.76478861968039 0.964916372176898
-0.666755112764113 -0.170714777923786 0.844776852359563
-0.666755112764113 -0.170714777923786 0.844776852359563
-0.666755112764113 -0.170714777923786 0.844776852359563
-0.666755112764113 -0.170714777923786 0.844776852359563
-0.666755112764113 -0.170714777923786 0.844776852359563
-0.794071695363256 -0.551213537272002 1.71290349477128
-0.794071695363256 -0.551213537272002 1.71290349477128
