1 1 1
-0.745279228626877 0.869975132974551 0.998271798234358
-0.745279228626877 0.869975132974551 0.998271798234358
-0.745279228626877 0.869975132974551 0.998271798234358
-0.745279228626877 0.869975132974551 0.998271798234358
-0.745279228626877 0.869975132974551 0.998271798234358
-0.745279228626877 0.869975132974551 0.998271798234358
-1.62269621282728 0.770955942029207 1.47123929271793
0.239119479880093 0.596911245496054 1.67432043653701
0.239119479880093 0.596911245496054 1.67432043653701
-0.611333417170497 1.15722959547397 1.07714666833665
0.738290476848346 1.53568318357916 1.30386198390507
0.738290476848346 1.53568318357916 1.30386198390507
0.699515063981101 1.89784108517538 1.59452233276612
0.699515063981101 1.89784108517538 1.59452233276612
0.703921993729988 1.26997832515065 1.9403465401809
0.703921993729988 1.26997832515065 1.9403465401809
0.703921993729988 1.26997832515065 1.9403465401809
0.703921993729988 1.26997832515065 1.9403465401809
0.142743880648042 1.58523569711878 1.2896551851719
0.142743880648042 1.58523569711878 1.2896551851719
0.142743880648042 1.58523569711878 1.2896551851719
0.142743880648042 1.58523569711878 1.2896551851719
0.00998355749973748 1.60024737663743 0.871080718394696
0.00998355749973748 1.60024737663743 0.871080718394696
0.00998355749973748 1.60024737663743 0.871080718394696
-0.296552043456719 2.36964811881916 1.10996661850904
-0.296552043456719 2.36964811881916 1.10996661850904
-0.296552043456719 2.36964811881916 1.10996661850904
-0.296552043456719 2.36964811881916 1.10996661850904
