1 1 1
1 1 1
0.53165937753584 -0.077231241047101 1.08634339306849
0.467609124510852 -0.358804469763749 2.4576291794589
1.40551986809906 0.0959528226449137 2.8162758238562
1.40551986809906 0.0959528226449137 2.8162758238562
0.784180964299774 0.125631850928782 2.87971133500053
0.784180964299774 0.125631850928782 2.87971133500053
0.784180964299774 0.125631850928782 2.87971133500053
0.29671966927566 -0.0985063667770115 1.28279202391105
0.29671966927566 -0.0985063667770115 1.28279202391105
0.29671966927566 -0.0985063667770115 1.28279202391105
0.29671966927566 -0.0985063667770115 1.28279202391105
0.98352599106861 0.784148804047858 3.00021229010021
-0.166890514298872 1.7671909747615 2.65415235990438
-0.166890514298872 1.7671909747615 2.65415235990438
-0.166890514298872 1.7671909747615 2.65415235990438
-0.166890514298872 1.7671909747615 2.65415235990438
-0.166890514298872 1.7671909747615 2.65415235990438
-0.166890514298872 1.7671909747615 2.65415235990438
-0.476445221528395 0.535203636508881 2.60799099575793
-0.476445221528395 0.535203636508881 2.60799099575793
-1.2666789232945 0.671187425044424 2.87600390177279
-1.2666789232945 0.671187425044424 2.87600390177279
0.345667731964242 1.44605592949622 2.21587516857304
0.43818675359521 2.17877434731123 2.35018846855647
0.496254982736856 1.94566409709353 2.82650738853322
0.496254982736856 1.94566409709353 2.82650738853322
0.496254982736856 1.94566409709353 2.82650738853322
0.496254982736856 1.94566409709353 2.82650738853322
