1 1 1
0.507189157526311 2.23281803218021 0.648909217967508
-1.29244836894019 0.57319219664189 0.517975740965316
-0.989631805883307 1.0563625129476 1.04644093711827
-1.49638327091537 1.55637076186196 1.12503503297335
-1.29010277439042 2.12690162015541 1.14477215289571
-1.29010277439042 2.12690162015541 1.14477215289571
-0.956470909042413 1.97094008854981 1.68367472467974
-0.956470909042413 1.97094008854981 1.68367472467974
-0.956470909042413 1.97094008854981 1.68367472467974
-0.956470909042413 1.97094008854981 1.68367472467974
-0.912596008974943 2.01256507955732 2.21907115598831
-0.912596008974943 2.01256507955732 2.21907115598831
-0.248953345087029 1.90467469680957 1.72918924982207
-1.68993391855412 1.96961925585611 1.76292979034921
-1.68993391855412 1.96961925585611 1.76292979034921
-2.65938436057415 1.40880772423097 2.044593302314
-2.65938436057415 1.40880772423097 2.044593302314
-2.65938436057415 1.40880772423097 2.044593302314
-2.65938436057415 1.40880772423097 2.044593302314
-2.65938436057415 1.40880772423097 2.044593302314
-2.65938436057415 1.40880772423097 2.044593302314
-1.12800284732009 -0.811869682548911 1.94987350286202
-1.12800284732009 -0.811869682548911 1.94987350286202
-1.12800284732009 -0.811869682548911 1.94987350286202
-1.12800284732009 -0.811869682548911 1.94987350286202
-2.38629887521829 0.27950000817814 1.72021405016542
-2.38629887521829 0.27950000817814 1.72021405016542
-2.44955513299426 0.269602216720874 1.78501246910183
-3.14137807347137 0.992465455175777 1.91327983357953
