1 1 1
1 1 1
0.271126209167077 2.07143892301240 1.99678998703163
0.271126209167077 2.07143892301240 1.99678998703163
-0.76378091082008 0.154955794069448 2.21683406636405
-0.76378091082008 0.154955794069448 2.21683406636405
-0.76378091082008 0.154955794069448 2.21683406636405
-0.76378091082008 0.154955794069448 2.21683406636405
-0.76378091082008 0.154955794069448 2.21683406636405
-0.76378091082008 0.154955794069448 2.21683406636405
0.249853148087736 0.179198249680424 1.77071250045693
-0.442538349345766 -0.0956125476388158 1.07935373216564
-0.442538349345766 -0.0956125476388158 1.07935373216564
-0.442538349345766 -0.0956125476388158 1.07935373216564
0.675546034836437 -0.564901814113825 0.532965534742169
0.675546034836437 -0.564901814113825 0.532965534742169
0.675546034836437 -0.564901814113825 0.532965534742169
0.675546034836437 -0.564901814113825 0.532965534742169
0.675546034836437 -0.564901814113825 0.532965534742169
0.127751677825613 0.896140907467852 1.71421705401293
0.127751677825613 0.896140907467852 1.71421705401293
0.127751677825613 0.896140907467852 1.71421705401293
0.407301330832643 0.753865190176532 1.10384577343265
0.407301330832643 0.753865190176532 1.10384577343265
1.27711899037881 1.12034675940472 1.82967289044504
0.417806022260301 1.31877833190177 1.39082473094418
0.175194349442749 1.48532093265643 0.651631254475934
0.546000304962145 1.22873389653828 1.31830416355555
-0.761027780694353 0.408249856010721 2.5353584790531
-0.761027780694353 0.408249856010721 2.5353584790531
-0.0545278228385178 -0.510580272306287 2.05560555559751
-0.561511855687194 0.938822567981965 2.49511138169188
-0.647023828966735 1.16961585877407 2.29402747132752
-0.647023828966735 1.16961585877407 2.29402747132752
-0.813692737635485 0.934082354782273 1.8470890765429
-1.88854435585260 -0.557790096620623 2.33354305912939
-2.08261646874242 -0.562521823314992 1.80623099697591
-2.08261646874242 -0.562521823314992 1.80623099697591
-2.08261646874242 -0.562521823314992 1.80623099697591
-2.08261646874242 -0.562521823314992 1.80623099697591
-2.08261646874242 -0.562521823314992 1.80623099697591
-2.08261646874242 -0.562521823314992 1.80623099697591
-1.59492417151413 -0.366256146449345 1.42934539844275
-1.59492417151413 -0.366256146449345 1.42934539844275
-0.99375366114624 1.54866453899524 1.8335546173596
0.233348674800592 2.02714634521625 2.56217027207461
0.233348674800592 2.02714634521625 2.56217027207461
1.47588698906601 1.15581344921787 2.95365729955457
0.457502185303905 2.05833867255723 3.19207947402073
0.457502185303905 2.05833867255723 3.19207947402073
