1 1 1
1 1 1
1.06425955418313 1.18345844172452 0.464880431623325
1.16479693441002 -0.105217069511607 0.404715202992643
1.77507837952754 -0.844891438877026 1.22661955182318
1.77507837952754 -0.844891438877026 1.22661955182318
1.91380657560537 -0.588823652775689 0.518272453586921
2.30254856870044 -1.65904671738479 1.47748815780489
1.22664725098600 -1.20422036828480 1.12365892068925
1.22664725098600 -1.20422036828480 1.12365892068925
1.22664725098600 -1.20422036828480 1.12365892068925
1.60247804611639 -0.901607041028058 0.0839992924138169
1.60247804611639 -0.901607041028058 0.0839992924138169
2.16569216806908 -0.981944338175828 0.122087188232516
2.16569216806908 -0.981944338175828 0.122087188232516
2.16569216806908 -0.981944338175828 0.122087188232516
2.16569216806908 -0.981944338175828 0.122087188232516
2.16569216806908 -0.981944338175828 0.122087188232516
1.17193942029256 -0.91003070540626 -0.186025742553064
1.17193942029256 -0.91003070540626 -0.186025742553064
1.17193942029256 -0.91003070540626 -0.186025742553064
1.17193942029256 -0.91003070540626 -0.186025742553064
1.17193942029256 -0.91003070540626 -0.186025742553064
1.17193942029256 -0.91003070540626 -0.186025742553064
1.17193942029256 -0.91003070540626 -0.186025742553064
1.62405777582658 -1.03569504455617 0.464350695726742
1.13014971281931 -1.36881908486372 -0.0408011392465912
0.193398302920638 -1.38544126254970 0.431371947237777
0.744993087008033 -1.54452682345467 1.33185536725442
0.861132213565486 -0.947168811503895 1.43068839991069
0.861132213565486 -0.947168811503895 1.43068839991069
-0.482442630461982 -1.92428996829681 1.61887881498667
-0.482442630461982 -1.92428996829681 1.61887881498667
-0.482442630461982 -1.92428996829681 1.61887881498667
-0.482442630461982 -1.92428996829681 1.61887881498667
-0.482442630461982 -1.92428996829681 1.61887881498667
-0.482442630461982 -1.92428996829681 1.61887881498667
-0.482442630461982 -1.92428996829681 1.61887881498667
-0.482442630461982 -1.92428996829681 1.61887881498667
-0.482442630461982 -1.92428996829681 1.61887881498667
-0.722613050492234 -2.3899699432159 0.994106430795085
1.12384726194469 -1.79873257513297 0.522423120209434
1.7757227182418 -0.822254908755645 0.70010869661742
1.7757227182418 -0.822254908755645 0.70010869661742
1.7757227182418 -0.822254908755645 0.70010869661742
0.850642305807991 -1.12763092736050 0.839858694009158
0.850642305807991 -1.12763092736050 0.839858694009158
0.850642305807991 -1.12763092736050 0.839858694009158
1.17344393054013 -1.29462274652542 0.729877121024882
1.17344393054013 -1.29462274652542 0.729877121024882
