1 1 1
1 1 1
1 1 1
0.85041004528653 0.52933813070432 0.911722962667832
0.996600370937626 0.456657087201634 1.12594991643738
0.818907009421957 1.69941662607101 1.79808656127821
0.818907009421957 1.69941662607101 1.79808656127821
0.818907009421957 1.69941662607101 1.79808656127821
0.818907009421957 1.69941662607101 1.79808656127821
0.818907009421957 1.69941662607101 1.79808656127821
1.79977359341835 1.31178396242084 2.07647046624255
1.59886283635848 0.591294401714555 1.94021851597413
1.59886283635848 0.591294401714555 1.94021851597413
1.59886283635848 0.591294401714555 1.94021851597413
1.59886283635848 0.591294401714555 1.94021851597413
1.59886283635848 0.591294401714555 1.94021851597413
0.754561752749829 0.720752366293636 1.93577580459109
0.754561752749829 0.720752366293636 1.93577580459109
0.754561752749829 0.720752366293636 1.93577580459109
0.754561752749829 0.720752366293636 1.93577580459109
0.572870238613243 1.16436021146846 2.39666660547158
0.572870238613243 1.16436021146846 2.39666660547158
0.572870238613243 1.16436021146846 2.39666660547158
0.572870238613243 1.16436021146846 2.39666660547158
0.514628680247389 2.18479700802152 1.63321819446168
0.514628680247389 2.18479700802152 1.63321819446168
0.514628680247389 2.18479700802152 1.63321819446168
0.514628680247389 2.18479700802152 1.63321819446168
0.514628680247389 2.18479700802152 1.63321819446168
0.514628680247389 2.18479700802152 1.63321819446168
