1 1 1
1 1 1
1 1 1
1 1 1
0.590720454837132 0.81454185703664 1.00766665196478
0.590720454837132 0.81454185703664 1.00766665196478
0.590720454837132 0.81454185703664 1.00766665196478
0.590720454837132 0.81454185703664 1.00766665196478
0.590720454837132 0.81454185703664 1.00766665196478
0.924095236386266 1.30442324200486 1.05390374947671
0.650003426404545 1.57076525353784 1.15600619989020
0.880760873599344 1.36861504621141 0.922677654348979
0.99613483296425 0.94016441286088 0.583924789408034
0.795782773749468 1.79637772500894 1.54378111629705
0.635269413889864 2.03823954178332 1.15913974191722
0.635269413889864 2.03823954178332 1.15913974191722
0.523423549066868 2.51034559689594 1.60530070535752
0.118862681925305 2.05974702967817 1.42735764573052
0.118862681925305 2.05974702967817 1.42735764573052
-0.0150005729132619 2.47383030047083 1.89350997144281
0.207567394862895 2.70616580985899 1.86728187779571
0.207567394862895 2.70616580985899 1.86728187779571
0.207567394862895 2.70616580985899 1.86728187779571
-0.110192312351514 2.07041947072591 1.91010326872865
0.246856388241695 1.43696915008297 1.67620215412515
0.067563971210054 1.74626711941081 1.74566765293307
0.067563971210054 1.74626711941081 1.74566765293307
0.0513440686994815 1.58190196608477 1.70147584555616
-0.25894610563509 0.971750489915522 1.47302785918906
0.390784101995963 0.57665924581768 1.54567965637107
0.390784101995963 0.57665924581768 1.54567965637107
0.390784101995963 0.57665924581768 1.54567965637107
0.360191456608877 1.22932731072196 1.83826978064162
-0.481522167938748 0.237426281204628 1.43096579654497
-0.452929511232382 0.203442920213435 1.82153664835707
0.352170738402285 0.0413557164280837 2.00125377620264
0.352170738402285 0.0413557164280837 2.00125377620264
0.629078809005136 0.252944548367697 2.51475323656174
0.71296639466017 0.509910002467694 2.30185308865428
1.15164231352862 1.68129802356835 2.28277458619553
1.15164231352862 1.68129802356835 2.28277458619553
0.96632560347293 1.65016922393640 2.51065566070174
0.96632560347293 1.65016922393640 2.51065566070174
0.96632560347293 1.65016922393640 2.51065566070174
0.689061199061149 1.63785685869977 2.59230818898058
0.689061199061149 1.63785685869977 2.59230818898058
0.689061199061149 1.63785685869977 2.59230818898058
0.689061199061149 1.63785685869977 2.59230818898058
0.979061519451384 1.80046339748849 2.27051418369752
1.30773838097736 1.84185245742704 1.69993687469604
