1 1 1
1 1 1
1 1 1
1.44780052063075 0.797795792376832 0.232423938346926
1.44780052063075 0.797795792376832 0.232423938346926
0.282045042478627 0.0971938673214208 1.29854044004771
-0.472118476978249 0.646775971986376 2.37407248687113
-0.472118476978249 0.646775971986376 2.37407248687113
-0.472118476978249 0.646775971986376 2.37407248687113
0.419752618296287 1.24819417622844 1.46021750153196
0.419752618296287 1.24819417622844 1.46021750153196
0.419752618296287 1.24819417622844 1.46021750153196
0.419752618296287 1.24819417622844 1.46021750153196
0.713042716136577 1.57177552190616 1.97487111393126
0.492961067315604 1.82655558073221 1.04693281894423
0.492961067315604 1.82655558073221 1.04693281894423
0.222304288692442 0.417705073028715 0.615051004302494
0.521302653831729 0.521816068684895 1.19990361354408
0.625384847090053 0.562430505220435 1.96232861310986
0.625384847090053 0.562430505220435 1.96232861310986
0.625384847090053 0.562430505220435 1.96232861310986
0.625384847090053 0.562430505220435 1.96232861310986
0.580064090493599 0.439157524760198 1.83806748118803
0.580064090493599 0.439157524760198 1.83806748118803
0.580064090493599 0.439157524760198 1.83806748118803
0.580064090493599 0.439157524760198 1.83806748118803
0.580064090493599 0.439157524760198 1.83806748118803
-0.0136962282737567 -0.613554443966891 1.97381706303891
-0.0136962282737567 -0.613554443966891 1.97381706303891
0.452612089807543 0.487154245161111 0.92918177994955
0.452612089807543 0.487154245161111 0.92918177994955
0.217065740262497 0.0825151041321774 0.887901798890826
0.217065740262497 0.0825151041321774 0.887901798890826
0.944452243345086 -0.31680364776192 -0.278648873198062
0.944452243345086 -0.31680364776192 -0.278648873198062
0.944452243345086 -0.31680364776192 -0.278648873198062
1.47691041935268 -0.488514342092412 -0.0565855717436062
1.47691041935268 -0.488514342092412 -0.0565855717436062
1.70947137753543 0.425127353604968 -0.67787595866394
1.70947137753543 0.425127353604968 -0.67787595866394
1.70947137753543 0.425127353604968 -0.67787595866394
1.70947137753543 0.425127353604968 -0.67787595866394
1.70947137753543 0.425127353604968 -0.67787595866394
0.94133580596697 0.547731276877141 0.480427318179229
1.23474020221791 0.470518894725168 0.377411779662976
0.913685379776415 0.0786060724596168 0.919389185406322
0.265612612448923 -0.161274226237944 1.40140292994344
0.265612612448923 -0.161274226237944 1.40140292994344
0.265612612448923 -0.161274226237944 1.40140292994344
0.265612612448923 -0.161274226237944 1.40140292994344
