1 1 1
1 1 1
1 1 1
1 1 1
1 1 1
1 1 1
0.873451465190194 1.69368313514408 1.41304695677307
1.03634090562435 1.04434318973547 0.65962521010631
1.03634090562435 1.04434318973547 0.65962521010631
0.788525078022119 1.71135810245059 1.17982298767514
0.629125126273403 1.21539176067412 1.16575289692041
0.629125126273403 1.21539176067412 1.16575289692041
0.629125126273403 1.21539176067412 1.16575289692041
0.0228619808480484 0.767073291186101 1.48188557254011
0.0228619808480484 0.767073291186101 1.48188557254011
0.0228619808480484 0.767073291186101 1.48188557254011
0.0228619808480484 0.767073291186101 1.48188557254011
0.0228619808480484 0.767073291186101 1.48188557254011
0.0228619808480484 0.767073291186101 1.48188557254011
0.379046003653734 1.23200840528913 1.9635294573503
0.379046003653734 1.23200840528913 1.9635294573503
0.815176824429136 1.61827137629751 1.55535562083679
0.294690001751436 1.30910063199508 1.2474664371688
0.294690001751436 1.30910063199508 1.2474664371688
0.294690001751436 1.30910063199508 1.2474664371688
-0.977643988191057 -0.83288675486459 1.20867116576612
-0.396661942537018 -0.288661470644372 1.16886382073623
-0.396661942537018 -0.288661470644372 1.16886382073623
-0.412448142628765 -0.12531658041149 1.32550751109219
0.746982082064631 0.12083129153523 1.27291180923782
