1 1 1
1 1 1
1 1 1
1.25343650953055 -0.396868937934068 1.97299316046894
1.25343650953055 -0.396868937934068 1.97299316046894
1.56628430385646 -0.00557249409771621 1.45266133414629
-0.189703991219356 0.105956379927987 1.57948361958020
-0.189703991219356 0.105956379927987 1.57948361958020
-0.183618555017618 -0.287861611272657 2.3003431342272
0.825083718327135 -1.04014407406760 2.60396331268555
2.03511630801184 -0.519279021598021 2.65318706268648
1.60911335126773 -0.948395528137072 2.85130862170674
1.60911335126773 -0.948395528137072 2.85130862170674
1.60911335126773 -0.948395528137072 2.85130862170674
1.80999180274768 -0.51707550449799 2.1628333830254
2.13761730828358 -0.408631376265793 1.78581468126453
2.13761730828358 -0.408631376265793 1.78581468126453
1.70814502141337 -0.50940678863558 1.16578864795161
1.70814502141337 -0.50940678863558 1.16578864795161
1.45414116018053 -0.298779256741317 2.57635155076091
1.45414116018053 -0.298779256741317 2.57635155076091
1.45414116018053 -0.298779256741317 2.57635155076091
1.45414116018053 -0.298779256741317 2.57635155076091
1.45414116018053 -0.298779256741317 2.57635155076091
1.14146879284630 -0.444245043384251 2.73075226327969
1.14146879284630 -0.444245043384251 2.73075226327969
1.14146879284630 -0.444245043384251 2.73075226327969
1.17267637594546 -0.0612079170911756 2.68336028865230
0.83560846008518 1.54384757832647 2.76896703896243
0.83560846008518 1.54384757832647 2.76896703896243
-0.298804773781856 0.89217447935229 1.93660796965461
-0.298804773781856 0.89217447935229 1.93660796965461
-0.298804773781856 0.89217447935229 1.93660796965461
-0.497065152550587 0.275027114709155 1.68344306689586
-0.497065152550587 0.275027114709155 1.68344306689586
-0.497065152550587 0.275027114709155 1.68344306689586
-0.497065152550587 0.275027114709155 1.68344306689586
-0.497065152550587 0.275027114709155 1.68344306689586
-0.497065152550587 0.275027114709155 1.68344306689586
-0.262229992228408 0.101329585945491 3.51127139288128
-0.262229992228408 0.101329585945491 3.51127139288128
-0.262229992228408 0.101329585945491 3.51127139288128
-0.439257862614542 0.764559547383587 3.47114875614250
-1.32423818021679 -0.0718905164082295 2.48913238675535
-0.249524032919892 -1.07132575422439 2.60451684888020
0.175115678918265 -0.872641498179813 1.88010351818582
0.645134896294379 -0.635808546752132 2.85163138740516
0.942677518509243 0.0937183256937412 2.97551931281883
0.942677518509243 0.0937183256937412 2.97551931281883
0.942677518509243 0.0937183256937412 2.97551931281883
