1 1 1
1 1 1
1 1 1
1.14821835540840 1.55375023753455 1.46715492741375
-0.41853263146909 1.72180922553576 1.44624178563356
-0.41853263146909 1.72180922553576 1.44624178563356
-0.41853263146909 1.72180922553576 1.44624178563356
-0.41853263146909 1.72180922553576 1.44624178563356
-0.224735629290728 1.94650922553898 1.67943727283499
-0.224735629290728 1.94650922553898 1.67943727283499
-0.224735629290728 1.94650922553898 1.67943727283499
-0.224735629290728 1.94650922553898 1.67943727283499
0.196489027199699 1.81191899243257 1.74292400567647
0.820883398947792 1.52308873154196 2.23244577846912
0.820883398947792 1.52308873154196 2.23244577846912
0.820883398947792 1.52308873154196 2.23244577846912
0.820883398947792 1.52308873154196 2.23244577846912
0.820883398947792 1.52308873154196 2.23244577846912
0.820883398947792 1.52308873154196 2.23244577846912
0.820883398947792 1.52308873154196 2.23244577846912
0.486590940770538 1.61750975643476 2.28602631110111
0.486590940770538 1.61750975643476 2.28602631110111
0.486590940770538 1.61750975643476 2.28602631110111
1.18653805666222 2.08140237154107 1.41474401440459
1.84378197195874 1.43571540754776 1.74404859590078
1.84378197195874 1.43571540754776 1.74404859590078
0.470124772898461 1.21958182041525 1.27882580421918
0.844578121391412 1.38935246231627 2.1094033048757
0.898352321784162 1.46267352143268 1.50344443914338
0.898352321784162 1.46267352143268 1.50344443914338
1.80275561795768 1.71370542719908 1.51716044822203
0.201794653551311 1.1503493700193 0.514920272748001
0.675342698655871 1.94101420311891 1.76152130374304
0.675342698655871 1.94101420311891 1.76152130374304
1.46033962273092 1.3817221409726 1.78768433853498
1.46033962273092 1.3817221409726 1.78768433853498
-0.342996078806574 1.44666527785452 2.1972318417689
-0.342996078806574 1.44666527785452 2.1972318417689
-0.342996078806574 1.44666527785452 2.1972318417689
0.475903842093865 1.68710377967331 2.25060914994723
0.475903842093865 1.68710377967331 2.25060914994723
0.481878714592454 1.05345998950801 1.60784013186463
0.105496263640308 0.468463406936118 2.7570278293783
0.105496263640308 0.468463406936118 2.7570278293783
0.105496263640308 0.468463406936118 2.7570278293783
0.105496263640308 0.468463406936118 2.7570278293783
0.105496263640308 0.468463406936118 2.7570278293783
0.105496263640308 0.468463406936118 2.7570278293783
0.231445399034218 -0.424057309129600 2.48695504791965
0.231445399034218 -0.424057309129600 2.48695504791965
