1 1 1
1 1 1
0.947551800828682 1.39387609898731 1.08863246069660
-0.0713872151740275 2.31771777610018 1.73639619698862
-0.0713872151740275 2.31771777610018 1.73639619698862
-0.0713872151740275 2.31771777610018 1.73639619698862
-0.0713872151740275 2.31771777610018 1.73639619698862
-0.0713872151740275 2.31771777610018 1.73639619698862
-0.0249329855714269 1.43442389603239 1.28692878276589
-0.0249329855714269 1.43442389603239 1.28692878276589
-0.0249329855714269 1.43442389603239 1.28692878276589
-0.0249329855714269 1.43442389603239 1.28692878276589
-0.0249329855714269 1.43442389603239 1.28692878276589
0.853567724133029 1.01303271714548 1.26004077183778
0.853567724133029 1.01303271714548 1.26004077183778
0.853567724133029 1.01303271714548 1.26004077183778
0.853567724133029 1.01303271714548 1.26004077183778
-0.0911868491782158 2.34291932870381 2.04714038789621
0.402247595553958 1.28744323826098 1.67748647396381
0.199959835523547 2.03134026262662 2.00623878052582
0.199959835523547 2.03134026262662 2.00623878052582
0.199959835523547 2.03134026262662 2.00623878052582
0.490989700016410 2.98206889120153 2.54138669107613
0.490989700016410 2.98206889120153 2.54138669107613
0.862778010798784 1.94598769747121 2.01580980043005
0.862778010798784 1.94598769747121 2.01580980043005
0.862778010798784 1.94598769747121 2.01580980043005
0.8931889519201 2.54659147821250 2.11807911070029
0.8931889519201 2.54659147821250 2.11807911070029
0.718132526754088 2.80245890018405 2.43050493579696
1.27718470871036 2.40321329087536 1.91054363268226
1.27718470871036 2.40321329087536 1.91054363268226
1.27718470871036 2.40321329087536 1.91054363268226
1.27718470871036 2.40321329087536 1.91054363268226
1.27718470871036 2.40321329087536 1.91054363268226
0.408258994377615 2.22352628917893 1.67641455020468
0.408258994377615 2.22352628917893 1.67641455020468
0.408258994377615 2.22352628917893 1.67641455020468
0.408258994377615 2.22352628917893 1.67641455020468
0.408258994377615 2.22352628917893 1.67641455020468
0.178247704953369 2.57035381062920 1.88677414525662
0.178247704953369 2.57035381062920 1.88677414525662
0.401747892250136 1.53270607788581 1.58781796034529
0.401747892250136 1.53270607788581 1.58781796034529
0.401747892250136 1.53270607788581 1.58781796034529
0.401747892250136 1.53270607788581 1.58781796034529
0.932168783503592 0.829747515665784 1.32658832187159
-0.353070658555633 1.17602785185153 1.01654135777293
0.100294143794376 0.858026200883357 1.13403628520465
0.100294143794376 0.858026200883357 1.13403628520465
