1 1 1
1 1 1
1 1 1
3.56485331348481 1.18042994296701 -0.061693606204928
3.56485331348481 1.18042994296701 -0.061693606204928
1.06553964921816 -0.158360565381527 4.20839512957036
1.20064673069655 1.12804008402724 3.79034633767157
1.20064673069655 1.12804008402724 3.79034633767157
1.43009339796843 1.03610876727700 2.76604222860984
1.43009339796843 1.03610876727700 2.76604222860984
1.43009339796843 1.03610876727700 2.76604222860984
1.43009339796843 1.03610876727700 2.76604222860984
1.43009339796843 1.03610876727700 2.76604222860984
1.43009339796843 1.03610876727700 2.76604222860984
1.43009339796843 1.03610876727700 2.76604222860984
1.43009339796843 1.03610876727700 2.76604222860984
1.43009339796843 1.03610876727700 2.76604222860984
1.43009339796843 1.03610876727700 2.76604222860984
1.43009339796843 1.03610876727700 2.76604222860984
1.43009339796843 1.03610876727700 2.76604222860984
1.43009339796843 1.03610876727700 2.76604222860984
1.43009339796843 1.03610876727700 2.76604222860984
1.43009339796843 1.03610876727700 2.76604222860984
1.43009339796843 1.03610876727700 2.76604222860984
1.43009339796843 1.03610876727700 2.76604222860984
1.43009339796843 1.03610876727700 2.76604222860984
1.43009339796843 1.03610876727700 2.76604222860984
1.43009339796843 1.03610876727700 2.76604222860984
1.43009339796843 1.03610876727700 2.76604222860984
1.43009339796843 1.03610876727700 2.76604222860984
1.43009339796843 1.03610876727700 2.76604222860984
1.43009339796843 1.03610876727700 2.76604222860984
1.43009339796843 1.03610876727700 2.76604222860984
1.43009339796843 1.03610876727700 2.76604222860984
1.43009339796843 1.03610876727700 2.76604222860984
1.43009339796843 1.03610876727700 2.76604222860984
1.43009339796843 1.03610876727700 2.76604222860984
1.43009339796843 1.03610876727700 2.76604222860984
1.43009339796843 1.03610876727700 2.76604222860984
1.43009339796843 1.03610876727700 2.76604222860984
0.0978970420249725 0.921929284619723 3.4945889746781
0.0978970420249725 0.921929284619723 3.4945889746781
0.0978970420249725 0.921929284619723 3.4945889746781
0.0978970420249725 0.921929284619723 3.4945889746781
0.0978970420249725 0.921929284619723 3.4945889746781
0.0978970420249725 0.921929284619723 3.4945889746781
0.0978970420249725 0.921929284619723 3.4945889746781
0.0978970420249725 0.921929284619723 3.4945889746781
0.0978970420249725 0.921929284619723 3.4945889746781
0.0978970420249725 0.921929284619723 3.4945889746781
