1 1 1
2.24373287652812 0.879142729885402 2.29662405087093
1.97989984522062 -0.403171243778626 2.43703003952117
0.199325672114004 0.453442002302713 2.16973230801477
0.299753192092002 1.28356144117021 2.19889543939857
0.299753192092002 1.28356144117021 2.19889543939857
0.299753192092002 1.28356144117021 2.19889543939857
0.299753192092002 1.28356144117021 2.19889543939857
0.299753192092002 1.28356144117021 2.19889543939857
0.141429458767626 0.318689678466761 2.0632526850501
0.141429458767626 0.318689678466761 2.0632526850501
0.141429458767626 0.318689678466761 2.0632526850501
1.32801289263513 0.278060039025668 2.09125500688329
1.32801289263513 0.278060039025668 2.09125500688329
0.519828881342596 0.660099418906932 2.7353462566364
0.519828881342596 0.660099418906932 2.7353462566364
0.519828881342596 0.660099418906932 2.7353462566364
0.519828881342596 0.660099418906932 2.7353462566364
0.519828881342596 0.660099418906932 2.7353462566364
0.519828881342596 0.660099418906932 2.7353462566364
-1.40238216280672 -0.444451556106358 1.01671046568771
-1.40238216280672 -0.444451556106358 1.01671046568771
-1.40238216280672 -0.444451556106358 1.01671046568771
-1.31742617693461 -0.599553769012404 1.30367784516385
-1.31742617693461 -0.599553769012404 1.30367784516385
-1.31742617693461 -0.599553769012404 1.30367784516385
-0.501676020124937 -1.06138734473285 0.854596893049801
-1.52002844179553 -0.691877063253374 0.9386430072448
-1.52002844179553 -0.691877063253374 0.9386430072448
-0.424720715342114 -0.410499519970079 1.99176992861257
