1 1 1
1.06878934263901 -0.0383221064757446 2.18939549218259
1.06878934263901 -0.0383221064757446 2.18939549218259
1.25818135864562 1.00293042805924 2.35862950916471
1.25818135864562 1.00293042805924 2.35862950916471
1.11814588106260 1.29983586797387 1.29906028903053
1.11814588106260 1.29983586797387 1.29906028903053
1.01481484172095 0.360934007491179 1.23250477882868
1.01481484172095 0.360934007491179 1.23250477882868
1.01481484172095 0.360934007491179 1.23250477882868
1.01481484172095 0.360934007491179 1.23250477882868
1.01481484172095 0.360934007491179 1.23250477882868
0.799447537198553 -0.0410844607379224 1.67576907205806
-0.232781863081111 0.92124390703913 1.85303494344870
-0.232781863081111 0.92124390703913 1.85303494344870
-0.232781863081111 0.92124390703913 1.85303494344870
-0.127358082562552 0.137860688075138 1.69582060952120
0.147588876311892 1.28588988005623 1.50730577808972
0.147588876311892 1.28588988005623 1.50730577808972
0.147588876311892 1.28588988005623 1.50730577808972
0.147588876311892 1.28588988005623 1.50730577808972
0.147588876311892 1.28588988005623 1.50730577808972
0.147588876311892 1.28588988005623 1.50730577808972
-0.184169708894792 1.57508142618572 2.18357929871269
-0.184169708894792 1.57508142618572 2.18357929871269
-0.217960721044020 1.02346859353598 2.43194687849812
-0.217960721044020 1.02346859353598 2.43194687849812
0.327640434633929 0.582828008654623 1.89433288581316
0.327640434633929 0.582828008654623 1.89433288581316
-0.388106905119195 -0.0682585707101777 2.64336015949551
0.104170983233269 -0.127694969159110 3.13183349569096
0.104170983233269 -0.127694969159110 3.13183349569096
0.104170983233269 -0.127694969159110 3.13183349569096
0.104170983233269 -0.127694969159110 3.13183349569096
0.475675799061904 -0.898715298214786 0.543956681945186
0.763945261152865 -1.80804898730723 1.06603358647240
0.763945261152865 -1.80804898730723 1.06603358647240
0.763945261152865 -1.80804898730723 1.06603358647240
0.490615067601491 -0.487732354485552 2.35463449574132
0.490615067601491 -0.487732354485552 2.35463449574132
0.490615067601491 -0.487732354485552 2.35463449574132
0.490615067601491 -0.487732354485552 2.35463449574132
1.03970964446725 -0.244473116973823 1.40022025123335
1.03970964446725 -0.244473116973823 1.40022025123335
0.887102873255462 1.23801258577847 2.61299548958449
0.887102873255462 1.23801258577847 2.61299548958449
0.887102873255462 1.23801258577847 2.61299548958449
0.887102873255462 1.23801258577847 2.61299548958449
0.887102873255462 1.23801258577847 2.61299548958449
1.13286963881059 1.34118051736669 2.33861813056174
