1 1 1
1.53498147844788 1.12031587908264 2.25147932409892
1.53498147844788 1.12031587908264 2.25147932409892
1.53498147844788 1.12031587908264 2.25147932409892
0.66157445684584 1.58155264028422 1.96791111897321
0.152690755659425 1.8711139469305 2.17571473525169
0.0835829266486541 0.874215435092554 1.76932347848639
0.0835829266486541 0.874215435092554 1.76932347848639
-0.13606616920663 0.130209165135753 1.05541880686604
-0.13606616920663 0.130209165135753 1.05541880686604
-0.49842203754783 -0.253224744822354 1.44817933454529
-0.49842203754783 -0.253224744822354 1.44817933454529
-0.49842203754783 -0.253224744822354 1.44817933454529
0.240082332625369 -0.274346384146751 1.62259176860592
0.240082332625369 -0.274346384146751 1.62259176860592
0.240082332625369 -0.274346384146751 1.62259176860592
0.240082332625369 -0.274346384146751 1.62259176860592
0.240082332625369 -0.274346384146751 1.62259176860592
0.0589947335390926 -0.518185300078793 2.35416120120536
0.10484625278129 -0.212484637103708 1.57139035134333
0.10484625278129 -0.212484637103708 1.57139035134333
0.10484625278129 -0.212484637103708 1.57139035134333
0.10484625278129 -0.212484637103708 1.57139035134333
0.10484625278129 -0.212484637103708 1.57139035134333
-0.796567465703356 0.291407161033125 0.964950298776053
-1.34158792041301 0.561544900933223 1.19506030142393
-1.34158792041301 0.561544900933223 1.19506030142393
-0.7173293478332 0.0549842326731789 0.575824442534096
-0.646224322636964 0.71985673077785 1.08580980219838
-0.646224322636964 0.71985673077785 1.08580980219838
