1 1 1
2.31568841210727 2.5711684488003 0.863972484992725
2.31568841210727 2.5711684488003 0.863972484992725
2.17355519439715 1.7016495980828 0.997651302684788
2.17355519439715 1.7016495980828 0.997651302684788
2.17355519439715 1.7016495980828 0.997651302684788
2.05318298330099 1.46487621593921 0.212538326941675
1.5560169456144 0.648249347113349 0.389243231033942
1.5560169456144 0.648249347113349 0.389243231033942
1.5560169456144 0.648249347113349 0.389243231033942
1.5560169456144 0.648249347113349 0.389243231033942
1.5560169456144 0.648249347113349 0.389243231033942
2.5759262302303 1.23150631408235 0.34543191488232
2.5759262302303 1.23150631408235 0.34543191488232
2.5759262302303 1.23150631408235 0.34543191488232
2.40465482796668 0.818697231436409 0.754593025841344
2.40465482796668 0.818697231436409 0.754593025841344
2.40465482796668 0.818697231436409 0.754593025841344
2.40465482796668 0.818697231436409 0.754593025841344
2.40465482796668 0.818697231436409 0.754593025841344
2.40465482796668 0.818697231436409 0.754593025841344
1.25447147998375 1.68427535098707 0.954126172797589
1.25447147998375 1.68427535098707 0.954126172797589
1.23574051897482 1.38168633743405 1.57365943453042
1.23574051897482 1.38168633743405 1.57365943453042
0.65718173925345 1.55949720917787 2.19815439308904
0.158367216306647 0.750373830476361 2.00695214885116
0.158367216306647 0.750373830476361 2.00695214885116
-0.15443102689971 0.467044496026928 1.97327813007221
-0.15443102689971 0.467044496026928 1.97327813007221
