1 1 1
1 1 1
1 1 1
1 1 1
1 1 1
1 1 1
1 1 1
1 1 1
1 1 1
1.43098623597327 0.325055155546165 1.09295292778632
1.26209381207628 0.374084941811827 2.40752623545237
1.11007624292008 0.477690854290456 2.30421411541674
1.11007624292008 0.477690854290456 2.30421411541674
0.242435669504306 0.913739800721709 1.851873239131
-0.06793216526927 0.301020897952923 2.38678006191249
-0.06793216526927 0.301020897952923 2.38678006191249
-0.0311319710991562 -0.0756465080533963 1.76139583761889
-0.0311319710991562 -0.0756465080533963 1.76139583761889
-0.0311319710991562 -0.0756465080533963 1.76139583761889
-0.0311319710991562 -0.0756465080533963 1.76139583761889
0.324737648728215 0.447004725587221 2.4031766168344
-0.488426390396718 0.832671076935255 2.24513053099501
-0.731769582941583 1.33190220701709 1.79260931325261
-0.731769582941583 1.33190220701709 1.79260931325261
-0.731769582941583 1.33190220701709 1.79260931325261
-1.41432480056157 1.91483224157115 1.53163503096865
-1.41432480056157 1.91483224157115 1.53163503096865
-1.242762480279 1.42848328484972 2.10383766685901
-0.540221111161263 1.73435650858298 1.82066763809481
0.437639335248308 0.956402045099003 1.76858326349947
