1 1 1
1.1701681089503 1.57388073214664 1.36209137618623
1.1701681089503 1.57388073214664 1.36209137618623
1.1701681089503 1.57388073214664 1.36209137618623
0.902844968089744 0.387436997029417 2.10696542977401
1.08237839847576 0.960901281132666 2.62450422706366
1.08237839847576 0.960901281132666 2.62450422706366
1.08237839847576 0.960901281132666 2.62450422706366
1.08237839847576 0.960901281132666 2.62450422706366
1.17540896022949 2.26784257929721 2.65529930528776
1.17540896022949 2.26784257929721 2.65529930528776
0.90929222632897 1.50922841574179 2.62326091882153
0.90929222632897 1.50922841574179 2.62326091882153
0.90929222632897 1.50922841574179 2.62326091882153
0.90929222632897 1.50922841574179 2.62326091882153
0.90929222632897 1.50922841574179 2.62326091882153
0.90929222632897 1.50922841574179 2.62326091882153
0.90929222632897 1.50922841574179 2.62326091882153
0.942630432905658 0.861591363561693 2.66402437596725
1.05358284081761 1.41689412405919 2.64902556125729
1.05358284081761 1.41689412405919 2.64902556125729
1.05358284081761 1.41689412405919 2.64902556125729
1.20894860827097 0.780618882885904 2.71810403468217
0.4581967262658 -0.00410252747036133 2.11899265430679
0.4581967262658 -0.00410252747036133 2.11899265430679
0.4581967262658 -0.00410252747036133 2.11899265430679
0.4581967262658 -0.00410252747036133 2.11899265430679
0.4581967262658 -0.00410252747036133 2.11899265430679
0.4581967262658 -0.00410252747036133 2.11899265430679
0.4581967262658 -0.00410252747036133 2.11899265430679
