1 1 1
1 1 1
1 1 1
1 1 1
1 1 1
1 1 1
0.698331583951716 1.00814418868489 0.387641044318615
0.698331583951716 1.00814418868489 0.387641044318615
0.698331583951716 1.00814418868489 0.387641044318615
0.209284237162977 0.871495622015058 0.83486446067195
0.209284237162977 0.871495622015058 0.83486446067195
1.02703240246861 0.422181611610217 1.26948980117523
1.02703240246861 0.422181611610217 1.26948980117523
1.02703240246861 0.422181611610217 1.26948980117523
1.02703240246861 0.422181611610217 1.26948980117523
1.02703240246861 0.422181611610217 1.26948980117523
-0.935685557929473 0.413664060797778 1.26015883813273
-0.935685557929473 0.413664060797778 1.26015883813273
-0.935685557929473 0.413664060797778 1.26015883813273
-0.935685557929473 0.413664060797778 1.26015883813273
-0.935685557929473 0.413664060797778 1.26015883813273
-0.935685557929473 0.413664060797778 1.26015883813273
-0.571122730745596 0.0368308405058262 0.983750036561618
-0.571122730745596 0.0368308405058262 0.983750036561618
-0.571122730745596 0.0368308405058262 0.983750036561618
0.563322053119423 -1.07526461089987 1.52881163735406
0.563322053119423 -1.07526461089987 1.52881163735406
0.563322053119423 -1.07526461089987 1.52881163735406
1.18375272886086 -0.15853377408306 0.757392368621818
1.18375272886086 -0.15853377408306 0.757392368621818
