1 1 1
0.759883175131124 1.35002740601876 1.3278332381918
1.21801320790612 1.16347400559457 1.41066704250803
1.21801320790612 1.16347400559457 1.41066704250803
1.21801320790612 1.16347400559457 1.41066704250803
1.02189384146733 1.05275353809455 1.26617977757003
-0.331620169765291 1.31885450860254 1.14320376131171
-0.331620169765291 1.31885450860254 1.14320376131171
0.475331636809939 1.36324876342719 0.783980340908254
0.475331636809939 1.36324876342719 0.783980340908254
0.845937303404 0.999021114885668 1.38265120748314
0.845937303404 0.999021114885668 1.38265120748314
0.845937303404 0.999021114885668 1.38265120748314
0.845937303404 0.999021114885668 1.38265120748314
0.845937303404 0.999021114885668 1.38265120748314
0.845937303404 0.999021114885668 1.38265120748314
0.0364624928826058 1.43164969825493 1.20403485147263
0.0364624928826058 1.43164969825493 1.20403485147263
0.0364624928826058 1.43164969825493 1.20403485147263
0.0364624928826058 1.43164969825493 1.20403485147263
0.0364624928826058 1.43164969825493 1.20403485147263
-0.137657926790843 1.40227740464664 1.34829351238592
-0.137657926790843 1.40227740464664 1.34829351238592
-0.137657926790843 1.40227740464664 1.34829351238592
-0.137657926790843 1.40227740464664 1.34829351238592
-0.137657926790843 1.40227740464664 1.34829351238592
-0.137657926790843 1.40227740464664 1.34829351238592
-0.137657926790843 1.40227740464664 1.34829351238592
-0.137657926790843 1.40227740464664 1.34829351238592
0.855826226849441 2.11844216136321 1.82294904554534
1.59024643648144 1.19112899688732 2.28180247815219
1.09544446397940 2.22989879750286 2.87645334864968
1.09544446397940 2.22989879750286 2.87645334864968
1.09544446397940 2.22989879750286 2.87645334864968
1.09544446397940 2.22989879750286 2.87645334864968
1.09544446397940 2.22989879750286 2.87645334864968
1.09544446397940 2.22989879750286 2.87645334864968
1.09544446397940 2.22989879750286 2.87645334864968
1.11514648790707 1.99228694572499 2.52725623318569
1.11016682910675 0.883215711682312 2.22871646058816
1.11016682910675 0.883215711682312 2.22871646058816
1.11016682910675 0.883215711682312 2.22871646058816
1.49693499214842 -0.0532264431265406 2.65152759124107
1.90074607135567 -0.506356516260549 2.08493244780269
1.83781905087726 -1.01003331976952 1.90296439853956
1.83781905087726 -1.01003331976952 1.90296439853956
1.83781905087726 -1.01003331976952 1.90296439853956
2.62360183099665 -0.712738751765197 2.28658989172382
1.86335094734160 -0.96980444954096 1.76964379800781
1.86335094734160 -0.96980444954096 1.76964379800781
