1 1 1
1 1 1
1 1 1
1 1 1
1 1 1
1 1 1
1.54590514134003 0.827001473757027 1.4291087205628
2.31865138358157 1.05501019622468 1.47202171698296
2.31865138358157 1.05501019622468 1.47202171698296
2.31865138358157 1.05501019622468 1.47202171698296
1.59892652446421 0.507572227863045 1.70173369566789
1.23406591713358 1.02594683363073 2.05594351647517
1.23406591713358 1.02594683363073 2.05594351647517
1.23406591713358 1.02594683363073 2.05594351647517
0.667950813503132 0.862024105043245 1.31427138951050
0.667950813503132 0.862024105043245 1.31427138951050
0.667950813503132 0.862024105043245 1.31427138951050
0.94476847431101 1.12517447785821 0.520407499645877
1.42640492239838 1.35755209720822 1.03160012156822
1.97013564397566 0.875017844263105 1.47832983611488
1.97013564397566 0.875017844263105 1.47832983611488
1.97013564397566 0.875017844263105 1.47832983611488
1.80231602615593 1.94926942171054 1.25118117479664
1.71255803531610 0.997386264294054 2.54249556880275
1.72529168678371 1.32551902921657 1.68883396600851
1.35336780387829 1.14404606155574 2.76447963485620
1.35336780387829 1.14404606155574 2.76447963485620
0.956306678238167 1.4530144875533 2.59524690276658
0.642771975516333 1.77372858585884 2.47000290505935
0.642771975516333 1.77372858585884 2.47000290505935
0.642771975516333 1.77372858585884 2.47000290505935
0.642771975516333 1.77372858585884 2.47000290505935
-0.30752832686167 1.27778922563932 3.02074567922979
0.316756148694621 1.89672163469025 2.70848541702128
0.316756148694621 1.89672163469025 2.70848541702128
0.316756148694621 1.89672163469025 2.70848541702128
0.316756148694621 1.89672163469025 2.70848541702128
0.316756148694621 1.89672163469025 2.70848541702128
0.673857531571804 0.906613502523446 2.60330867529123
0.673857531571804 0.906613502523446 2.60330867529123
0.582118111562975 0.986063553006204 1.42947367256714
0.582118111562975 0.986063553006204 1.42947367256714
0.582118111562975 0.986063553006204 1.42947367256714
0.582118111562975 0.986063553006204 1.42947367256714
0.128494472146143 -0.267623299818155 1.88517022622501
0.128494472146143 -0.267623299818155 1.88517022622501
0.222399526856445 0.81529994066016 2.22628957971503
0.222399526856445 0.81529994066016 2.22628957971503
0.246881007233932 0.512486299158219 2.10085301719950
0.246881007233932 0.512486299158219 2.10085301719950
