0.4
0.302784964068973
0.257393682866502
0.262675607978819
0.283483827285549
0.313261304433400
0.31786714630244
0.293830790949965
0.304850583317968
0.309446918311954
0.306567595388421
0.294338260009550
0.285449741088856
0.297087214416930
0.271131270991049
0.296322662106249
0.300448817203860
0.295531659764755
0.334875889616202
0.320317315611106
0.328368273136135
0.328126744823576
0.309745813649041
0.301524969611761
0.284748291648688
0.310891772390089
0.301425536675274
0.300577707056982
0.281130166753085
0.287624126575722
0.327980186945548
0.271576728066574
0.315887379454477
0.320972886135331
0.302401443500909
0.2889786518012
0.299342372100748
0.281861800468847
0.314559984657911
0.326324465716598
0.297050657940448
0.323834980908323
0.271344930477327
0.278751067951495
0.307521565159500
0.287832611218949
0.294739663485583
0.297233930560704
0.312066396180095
0.278341876326246
