2.34
2.39315467256692
2.39163685641936
2.41127576781931
2.44614906956264
2.43602287111142
2.40957504122693
2.43609639052487
2.30327419434255
2.06379290885141
2.24130662455762
2.07451269115618
2.39046635791244
2.38141476822685
2.43848087322051
2.43443978412985
2.40243877579545
2.43705401185050
2.415070648214
2.22225751371828
2.20058645869249
2.28370847173126
2.29586478366107
2.24954440173362
2.39467553695515
2.44707107538801
2.35868932083261
2.41968320743684
2.1994194882177
2.03085852104602
2.09993066655674
2.30094058539613
2.28565197693884
2.19204502168274
2.14532081694945
2.13038597356359
1.93166719986570
1.63919792740548
1.39118644480729
1.46540861044857
1.82480726248709
2.18477348282748
2.38679220084583
2.17975189914300
2.15541562166760
2.13277664966821
2.15065383899785
2.37362226471173
2.43716043345596
2.43742449947484
