2.38
2.35820695293704
2.35399755868415
2.1301546851942
2.21608294000188
2.24552177399639
2.04889941107881
2.18195283950507
2.26746137157178
2.33430122937551
2.24427726439568
2.20637264364009
2.20884492980369
2.02265445477501
2.13438679408372
2.04947466655183
2.18862472741220
2.34324213797490
2.31105272131083
2.39479429672584
2.40474262605886
2.42369551943459
2.45319806208343
2.38667125497747
2.27563482008710
2.30871231085905
2.26235067572051
1.95516019760017
1.64361299035593
1.80066586624848
1.81068967746936
1.55689988540958
1.29018620792128
1.26530004643885
1.17830000238288
1.28038752839066
1.26895107260242
1.08019096655181
1.03033031947727
1.00817485144289
1.00386202981885
1.00770133136397
1.00749428696563
1.01865178857076
1.01549830783227
1.02078362496418
1.01525858994881
1.04606597605362
1.07397580343837
1.10419398053802
