1.0001
1.00003889685535
1.00011442646149
1.00015347969956
1.00006082801851
1.00017254092756
1.00008700252681
1.00008958480466
1.00019664997419
1.00040092533709
1.00048160455026
1.00032025452651
1.00014450031871
1.00005644732595
1.00002771596339
1.00003638514687
1.00004113264347
1.00002678711685
1.00003344428513
1.00002523715730
1.00001116636514
1.00001847987421
1.00001174811242
1.00001701929019
1.00000629051977
1.00000515380748
1.00000838449831
1.00000835773639
1.00000258440369
1.00000268354337
1.00000227028355
1.00000515608493
1.00001519535973
1.00000297353523
1.00001328331403
1.00000743145744
1.00000269973946
1.00000056673594
1.00000015588519
1.00000025211865
1.00000132884306
1.00000096305409
1.00000079800672
1.00000097109076
1.00000034639765
1.00000029254128
1.00000032228438
1.00000072557318
1.0000007770145
1.0000010115912
