1.0001
1.00009866874593
1.00003180426764
1.00003869623674
1.00007667972217
1.00008684277933
1.00007388306236
1.00005472690363
1.00002748249743
1.00001273830373
1.00002801659477
1.00002929663929
1.00007302015129
1.00003354576385
1.00003406640711
1.00004237907483
1.00012144291218
1.00002965739085
1.00006466075221
1.00018692565574
1.00015318887393
1.00008606381214
1.00007508672538
1.00020178508552
1.00022727730597
1.00094983277498
1.00114135650466
1.00100731825369
1.00094625981538
1.00305855963138
