1.0001
1.00011790968713
1.00013613042805
1.00010858935708
1.00013042213675
1.00013919185971
1.00033825535250
1.00039666378697
1.00074063442051
1.00105236018380
1.00193206623340
1.00232717334214
1.01292372524357
1.00851530127871
1.03242847804545
1.08911350493258
1.02580290014618
1.01955023845227
1.05493632332241
1.01863783169119
1.01057562081195
1.00592239227193
1.00095532626929
1.00022182827589
1.00073162519206
1.00117951608599
1.00597949048963
1.01661472288404
1.00767604959015
1.02646958841163
1.00718801766001
1.00458432727798
1.01845368994951
1.02737596867125
1.02785735598768
1.02929582246809
1.14756896101366
1.23781155457947
1.14197421253949
1.12225235691402
1.24682390599738
1.09272422061820
1.01875850179130
1.00948669384891
1.01006192458892
1.00815704865242
1.00459612955004
1.00853969957751
1.01464269893745
1.00672400461907
