1.0001
1.00007065688249
1.00006937976176
1.00003562206615
1.00000699322918
1.00000462783282
1.00001392892275
1.00003164120707
1.00002058421005
1.00001187130965
1.00003153348088
1.00007513440405
1.00004468854219
1.00003317603362
1.00008686383931
1.00005915765988
1.00015368170758
1.00016689436456
1.00008604387476
1.00015363732691
1.00011247973993
1.00016307588716
1.00041912656058
1.00029929475201
1.00050401239484
1.00144160403497
1.00134795336267
1.00043716530114
1.00019072192048
1.00054079683501
1.00048884923166
1.00040708647152
1.00061776510165
1.00051146940363
1.00088747815870
1.00077208228191
1.00088178643997
1.00034055674706
1.00175880167906
1.00041087951050
1.00050259435476
1.00015031640047
1.00012631248723
1.00009451764762
1.00004321726186
1.00004120100181
1.00001413744864
1.00003518690703
1.00001645385230
1.00003439516522
