2.43
2.26594672523934
2.26003265690728
2.22666802993080
2.11915120583365
2.13614876058727
2.10484534283127
2.20558964235219
2.39839978476171
2.38816958910758
2.02691001617882
1.961987350256
1.45126176563505
1.14551172085179
1.12195213440550
1.11162443424940
1.15227200604583
1.34253690166843
1.44391461660937
1.84095086270261
1.62320832197065
1.28638538702805
1.05684455187421
1.04439961100145
1.04347846139227
1.07168369760237
1.09651868835026
1.12427064591159
1.24175253440908
1.50370476734572
1.78746207308873
1.45264848448010
1.19640848197281
1.22315379103119
1.61456191545292
1.19108154138269
1.03278493664006
1.02699920322910
1.01518652094438
1.01310041813856
1.01983304345149
1.03343300201633
1.02396382436232
1.02724082225534
1.02590116680578
1.05827823864336
1.13108462713867
1.13603982559312
1.11142925279484
1.12425123426352
