1.0001
1.00010282676721
1.00003134502614
1.00004700613451
1.00007164409999
1.00017721849621
1.00057463511075
1.00155256412797
1.00202033773107
1.00141269174376
1.00303469378698
1.00103697200883
1.00401232695772
1.00072653062368
1.00065848539590
1.00082940358800
1.00016459586096
1.0008473903774
1.00103665857514
1.00040338060516
1.00182442512881
1.00108058930326
1.00042225985107
1.00035532833079
1.00083698960304
1.00045045846623
1.00048410261294
1.00032322345351
1.00039333474450
1.00023684018693
1.00024106789070
1.00030587906778
1.00041555122841
1.00014670717435
1.00017547416242
1.00011361986575
1.00046577536819
1.00064626464348
1.00080742750299
1.00126397262526
1.0009264232902
1.00170041924667
1.00034953320415
1.00150442776036
1.00307581294263
1.00284432044504
1.00210501315326
1.00189138180986
1.00127831340329
1.0054565392117
