2.35
2.35661896138844
2.30135786093597
2.26391104679898
1.99023985706759
1.9208044505703
2.01810032203454
2.05090446542174
1.54808314687998
1.72675719502712
1.75323389030813
1.75998142516773
1.63954040644033
1.61287149435556
1.61343768024047
1.96224622663458
1.95774958416578
1.35464670813818
1.32329450335787
1.62882503109684
1.59673184877361
1.59544209736652
1.75923628250132
1.38774062352725
1.76162482076822
1.46368770337578
1.43339700509321
1.25382779063660
1.23564904268986
1.2170015435035
1.10823080658671
1.03399399117267
1.05319458101094
1.05480527345353
1.04956451065962
1.02318767460346
1.09332169651650
1.11062342818265
1.18170154254926
1.08386047452242
1.25151932415878
1.19913594964344
1.23461663578215
1.42497584132485
1.28363318935612
1.28291663300324
1.17570420827210
1.39626208457057
1.50479879683758
1.18780527897190
