2.42
2.45166993879859
2.45827911901267
2.43811091855768
2.44153783842659
2.45597851610820
2.47893580862229
2.46368808560336
2.46005725046375
2.45793167874559
2.46730410400600
2.49270276333657
2.48862863958741
2.48792997415775
2.49485497311144
2.49530304195340
2.49773248603433
2.49675146644602
2.49765359084141
2.49831553715503
2.49921438284186
2.49808731509154
2.49573381999167
2.49306792501094
2.49096382565940
2.4890010670004
2.49426969890082
2.49365145039531
2.49648649462873
2.49551994863278
2.49437169141937
2.49650995345422
2.49700448995112
2.49836591518357
2.49791222275298
2.4992689604257
2.49954288250383
2.49855326111305
2.49916815537612
2.49801751804809
2.49886301700867
2.4995736804297
2.49965772018274
2.49991695690768
2.49988963772271
2.49994432491549
2.49991662073938
2.49968489640217
2.49970803885036
2.49992319127951
