1.0001
1.00016476062378
1.00003343578702
1.00002609065134
1.00000645542178
1.00001461759716
1.00001479677237
1.00002446693955
1.00001414961298
1.00001443996251
1.00001373658459
1.00006209351562
1.00011384402270
1.00010205611473
1.00034813970639
1.00027098667306
1.00125638991883
1.00154608850790
1.00178117032095
1.00191220226694
1.00358186464161
1.01004384463113
1.01113277382855
1.00996935146099
1.00985470864262
1.00456968829251
1.00311514660711
1.00776707166649
1.00819773835798
1.01285649483357
1.05246085407026
1.02772451874191
1.02471759788998
1.01391290310313
1.01218931212726
1.01056546318501
1.00718377638967
1.00474662858985
1.00115201967260
1.00048115293327
1.00121046367159
1.00185774426463
1.00369818072613
1.00166161322512
1.00049152233047
1.00174730357069
1.00152624846206
1.00123391294818
1.00063343606780
1.00040626447106
