1.0001
1.00015081398109
1.00029999448338
1.00028518115726
1.00021982677662
1.00034912723275
1.00032613219542
1.00005653440633
1.00007359717548
1.00010088351949
1.00013705601558
1.00007850951420
1.00005629940976
1.00015646223545
1.00009122393679
1.00058391358603
1.00070152615849
1.00096872567196
1.00014949065180
1.00013495407032
1.00029535317380
1.00030802654910
1.00022280927846
1.00022779653829
1.00023266949061
1.00103237421185
1.00068009878929
1.00034109447974
1.00082772443561
1.00011349604543
1.00037480083824
1.00033126591653
1.00040649398747
1.00015660064796
1.00058110192136
1.00023699096194
1.00027018690271
1.00038799253021
1.00044073195845
1.00036519866707
1.00046901280004
1.00047727088188
1.00043164774517
1.00019373786583
1.00009818119427
1.00009450461170
1.00008100302509
1.00002132835330
1.00003257806595
1.00004267850899
