2.11
2.05231630668335
2.10135214541056
1.57225363047982
1.49418934562290
1.88061251824780
1.99157494756611
1.87789110320335
1.84469128027351
2.16768020804595
2.28549532235454
2.23811358676944
1.79717277509481
1.78208584553025
1.72672047607882
1.60184958805159
1.91269181247347
2.24710098093511
1.95319288061341
2.16855769580527
1.86861320609254
2.19936857615803
2.06363823193863
2.19605142842771
2.16670149086080
2.09117977423512
1.97119945982540
1.67416726421386
1.77781267914658
1.71022512705129
2.00210341832070
2.18792527048208
2.07218847283935
2.09504199623363
2.16078733558102
1.76932999685169
2.02901305881589
2.24729521464269
1.92285625995817
2.13809405973831
1.93050119038512
1.76125999997316
1.83993610432607
2.11949056128028
2.13005228777485
2.12252487656871
2.33027826368741
2.31020183185299
2.27452921566816
1.80216544528590
