1.43
1.4753426464793
1.59816060913858
1.61158885071651
1.56270289476479
1.68468958048347
1.92140777354754
2.02132681975902
1.79644820751268
1.68135108694203
1.83101044617229
1.88564271427717
2.17867557469367
1.7311463950242
1.43224653533909
2.01199533957651
1.94488600548367
1.88143356128489
2.27665516032514
2.32710916985605
2.25216153220488
2.34202711712213
2.46999183436200
2.47473830022786
2.48080625960262
2.49608423770278
2.49766222873948
2.49838853147116
2.49877336064161
2.49948344158401
2.49929642894415
2.49962695811530
2.49920995673806
2.49638401258436
2.49887041046924
2.49786581241272
2.49913926619838
2.49973245925891
2.49942185247004
2.49939099115199
2.49869434969146
2.49847664328586
2.49888839412773
2.49922437892212
2.49895933440537
2.49827970265231
2.49965868522667
2.49974520427868
2.49954940244122
2.49949878881791
