1.0001
1.00012134386827
1.00003728646435
1.00001053811835
1.00001526982668
1.00000697810123
1.00000849161296
1.00003143725420
1.00008400977730
1.00030135092345
1.00013261628447
1.00004795825423
1.00004763096902
1.00015219851698
1.00045323610247
1.00021366278782
1.00016077829856
1.00046876525999
1.00009194898715
1.00030418704065
1.00040213399878
1.00035032116055
1.00037146677809
1.00040381960710
1.00044419728797
1.00231577307845
1.00097255678246
1.00095505874695
1.00126286488407
1.00100488625892
1.00185932484128
1.00342736409157
1.00271425231091
1.01123881934292
1.01458391431050
1.00920807054303
1.02777461681512
1.01998315178476
1.02657536745913
1.08032421065358
1.07728226921231
1.07853054879049
1.04315789017676
1.04586265208359
1.01456255715831
1.00448394138318
1.02542262350943
1.06353712186242
1.0255591818623
1.03719024454596
