1.0001
1.00027405568175
1.00140865334294
1.00034957708047
1.00022948756885
1.00015820023988
1.00016535582545
1.00013474502592
1.00012432597172
1.00002346954265
1.00003206652613
1.00006225983512
1.00003001371584
1.00001886838788
1.00001743979009
1.00002663487375
1.00001496181975
1.00000969793221
1.00000524809268
1.00000380776944
1.00000457418926
1.00002380600068
1.00000467388488
1.00000502380994
1.00000348668307
1.00000128491987
1.00000133884612
1.00000067789773
1.00000210827875
1.00000142572926
1.00000828685818
1.00000692576799
1.0000252971282
1.00005507500785
1.00005205666026
1.00001681332240
1.00005153042297
1.00005737984097
1.00011750419114
1.00056263966139
1.00037241697475
1.00084940626421
1.00117194587226
1.00150169032253
1.00476004372012
1.01989567898938
1.01067317410405
1.01105633900761
1.01256757760912
1.00317491564844
