1.81
1.90333787350687
1.92261184351864
1.95740562466970
2.21494449905131
2.34353526398976
2.28761266590792
2.41565213621710
2.48112573525571
2.49186874777601
2.49258226960468
2.49015126003508
2.49775581107462
2.49884118799731
2.49895572422490
2.49769305484026
2.49371851706805
2.47281982276071
2.47850387658013
2.46741647610906
2.45198817837592
2.42885745808792
2.3713328551539
2.27271958974392
2.33983663648680
2.15434651080265
2.15712054550585
2.14392244843108
2.11723733985393
2.11369862914092
1.83666962265935
1.9176739508094
1.86573676425543
1.86349623939086
1.92203143420829
2.05899766827203
1.92106234496186
1.90741622631583
1.90765748230805
1.90359947709667
1.88708101237402
1.80714512716458
1.28202988693606
1.26175602126941
1.20272805843993
1.20781775032352
1.07436232930218
1.13914111362008
1.08360339061348
1.03820449666667
