1.31
1.7055220984157
2.15325885296068
1.73487666600819
1.88125022109742
1.41554520844686
1.11869481435835
1.28060062831315
1.29544834621822
1.45687329243599
1.98026835026782
1.95849143332085
1.7661571884891
1.92350384761651
1.6933135965935
1.98008023310997
1.96612239609429
2.24426640191562
2.28539095138629
2.05821762452922
2.01393434656718
2.28712389165198
2.03465862366078
2.16691341407350
2.28762201266464
2.38770054965838
2.06011424709145
2.08341468911724
2.01427936497582
2.10627260751001
2.25068481305384
2.27229048348832
1.88244547786912
1.78393319314034
1.50840088920564
1.51568579684441
1.42680230671216
1.52759957917742
1.63776459148136
1.671009802219
1.72423546711752
1.78112661118185
1.85851864348981
2.21072882542937
2.22893238282817
2.23140764872137
2.35328032156838
2.22211638861579
2.36054483351648
2.39151248393603
