1.0001
1.00009496105288
1.00009099958935
1.00007931693452
1.00006236619288
1.00021665265546
1.00045988152767
1.00032449174485
1.00021636311603
1.00004433625221
1.00027313527809
1.00045644540997
1.00036405933066
1.00041115786346
1.00012540391192
1.00005327730115
1.00010210678026
1.00013783738501
1.00014799804858
1.00021113149263
1.00013701978566
1.00017070132684
1.00014092440021
1.00010401166835
1.00027312585683
1.00059913659405
1.00024899015842
1.00009865345119
1.00009715551689
1.00017190234610
1.00020673260860
1.00045890896022
1.00015264382432
1.00009066260015
1.00022396415375
1.00028388101329
1.00022444322219
1.00025050921347
1.00022633541069
1.00013644684994
1.00022179553144
1.00045493138451
1.00010194617201
1.00008694911158
1.00018485512194
1.00014923099210
1.00005814974025
1.00002138020692
1.00002763963246
1.00005909441133
