1.75
2.22578251330166
2.38619272734257
2.30436398937509
2.06504586667008
2.04027150532099
1.69164016056554
1.68633951221303
1.77017787662833
2.03517986267715
2.34370953617591
1.90599753303135
2.18564609688780
1.95518594882131
2.12238290415887
1.49025795770861
1.33571563189611
1.57678788000730
1.59834180457577
2.11639353813515
2.18637576987438
2.24076323878631
2.34474137269765
2.03285109236182
1.96288427736275
1.69968127306741
1.58780287166373
1.64211056060122
1.17995625259050
1.07298463500424
1.08402385733075
1.12462139566072
1.10363736239419
1.15001924141980
1.06366427725450
1.21098453184785
1.14452834930136
1.17150090521070
1.45854151523824
1.71341437410960
2.0258930226036
2.33604045239441
2.06272895698551
2.01333769161321
1.79412296079356
1.85309026508297
1.78403213536478
1.93681651955669
2.06488029559553
2.03629423600625
