1.0001
1.00004370807246
1.00009417137880
1.00035175639593
1.00053016825971
1.00037228864172
1.00060477485642
1.00047744825133
1.00095870917682
1.00125441938192
1.00128552794089
1.00058192882382
1.00073616057542
1.00034080670763
1.00047968333079
1.0015447899179
1.00183133042899
1.00163327756524
1.00587755743038
1.00575193606608
1.00354402096878
1.01775933666347
1.04701613081858
1.20809045311898
1.11033833786609
1.08905763677623
1.03238122651288
1.12214057271328
1.14294717884703
1.13521645562772
1.14164888819098
1.29378538001865
1.3825872077397
1.34041749483781
1.50082927029399
1.94923932442714
1.80358068414047
1.93235384892255
2.28141738145046
2.15205709751552
2.20579783903483
2.22742503922224
2.2743147508349
2.32180267980387
2.25000359305913
2.37698790111854
2.20468335962914
2.32344231573334
2.25416551978469
2.15964995071754
