1.56
1.77251808302268
1.76700757798727
1.83307082582095
1.78907609618453
1.67080722516474
1.49150814770236
1.62053515277511
1.50479527201143
1.81695812783721
1.81047931340858
1.73127930709099
2.05544628976252
1.84169683150100
2.25863521856113
2.21068845302642
2.17260831097321
2.2184309123454
2.22001452064974
2.37592802114827
2.44063986044830
2.43266270123528
2.41669627025586
2.42747940242124
2.43339801193965
2.48618144844376
2.48909360626593
2.48996891373494
2.48991607455531
2.49166462901453
2.49117954380696
2.4960564827495
2.49716049513516
2.49771902854342
2.49170606419783
2.48737431135557
2.48744412813480
2.49046616772252
2.4574559254524
2.48975469339834
2.4874185436703
2.49746363333585
2.49723263304928
2.49918033889813
2.49902690539979
2.49885590430591
2.49486970870680
2.47276706050114
2.46845158625190
2.49193908012721
