1.0001
1.00004458024986
1.00007123231363
1.00006120037771
1.00007069097208
1.00023714032129
1.00019711936945
1.00034718786345
1.00020150189157
1.00054439194590
1.00019697820768
1.00018298819017
1.00057795154010
1.00019590677411
1.00033117825077
1.00138540153821
1.00108706585908
1.00161180128328
1.00095438488527
1.00090478463277
1.0014188736444
1.00102173922131
1.00213187277735
1.00086243986592
1.00041484703286
1.00027856891381
1.00010218276312
1.00009533773472
1.00032811299244
1.00168931613507
1.00047453843286
1.00055803042626
1.00017420270327
1.00015336954745
1.00014612887023
1.00010637699336
1.00017141253072
1.00068856341704
1.00101057098459
1.00092386327702
1.00116813045968
1.00089676938598
1.00017520385565
1.00019206425586
1.00006660313853
1.00004193878144
1.00001937235765
1.00003875146356
1.00001739496964
1.00002635592462
