2.15
2.15156084099096
2.15288449974150
2.17158564633551
2.08816285473726
2.20162725674709
2.21609108305996
2.17906169031467
2.25510734205227
2.23582047598810
2.26738566592348
2.31979133280416
2.14461271500720
2.29948738911475
2.07419515829227
2.38548081182622
2.39673295871666
2.33055983851366
2.04573680584941
1.76105687986416
1.45713757671102
1.48432295800431
1.69647502424937
1.84106872280228
2.07467486117798
2.17771946662342
2.07153298215756
1.88781914733454
2.12914957534718
1.91629121374779
1.8188794859409
2.00316387425838
1.77328187344243
1.70742872411354
1.82999708339357
2.04690124152822
1.99776982249115
1.62785902768613
1.93899410405205
1.76296908127877
1.70820782282333
1.83101625991804
1.77376777609191
1.46175534360926
1.62430558607524
2.0328564828867
2.00360322795631
2.11735997447412
2.09124629546988
2.09163055796987
