1.0001
1.00010760779543
1.00005189346644
1.00007260901471
1.00007575121659
1.00003919450328
1.00010135544892
1.00012891669936
1.00012110757525
1.00007531123992
1.00010613773488
1.00002305514345
1.00008540227308
1.00017336743438
1.00021088524426
1.00013858758327
1.00005821146386
1.00001388725547
1.00001394085944
1.00000751245243
1.00000336203425
1.00000593567822
1.000006930907
1.00000874303583
1.00000938220775
1.00000716459977
1.00000429795899
1.00000393255209
1.00000359723773
1.00000524538305
1.00001895276573
1.00004622930927
1.00013173030971
1.00009112762471
1.00003487735323
1.00002682744675
1.00002950806583
1.00003061197081
1.00004642931386
1.00014775400476
1.00012226065101
1.00026774862787
1.00034891245181
1.00034266445832
1.00074645988340
1.00040940638476
1.00055114450514
1.00055106939968
1.00079554974546
1.00106165185268
