1.95
1.94421176295938
1.96554453419755
2.02464558735877
1.88205942069124
1.92814524059432
1.83473426413539
1.95128196634928
2.14031640091324
2.16430125179963
2.30931242471556
2.13942878671632
2.09130119926599
2.11144985400979
2.10182686158712
2.29525454706965
2.12280646068951
1.78004481243514
1.77361416972597
1.45482038988082
1.53710543499478
1.69597328649251
1.64846153241575
1.82297793985176
1.90564451714427
1.86976931349504
1.77831084681017
1.65301362154257
1.46193535752409
1.54420747260075
1.17067568345710
1.44506337269012
1.23730981033887
1.3524119039253
1.44146199495782
1.15528717089139
1.16457412732314
1.13086939680661
1.14129231835412
1.03714685517232
1.04211084453462
1.02260086256015
1.02619209582971
1.03073960337983
1.05600137594487
1.01756830685067
1.02087600041692
1.02818010007227
1.01259390870799
1.00952415090025
