1.0001
1.00008886359717
1.00011042099139
1.00031261386563
1.00051258950329
1.00035083109724
1.00120826200072
1.00363672954798
1.00340145020256
1.00229220955945
1.00041537340272
1.00030415271347
1.00010745109876
1.00041131604213
1.00049994488529
1.00075779448027
1.00027564870424
1.00129533811818
1.00088960859965
1.00268470822943
1.00203612645842
1.00468769172348
1.00213180517255
1.00110472175781
1.00046044331426
1.00182364146854
1.00130459406381
1.00534598246893
1.00184109043010
1.00184640584105
1.00057852511905
1.00114301071318
1.00109325486126
1.00202491184212
1.00486298797810
1.00444566727984
1.00678983594457
1.00279614501824
1.00434880920887
1.00376628318935
1.00099227632846
1.00071925407458
1.00098278595335
1.00088705660769
1.00207945326134
1.00774976856654
1.00207155033383
1.00856862058447
1.02497066638115
1.02498516868871
