1.21
1.27150159011736
1.37078995984680
1.43280095072229
1.38072822925428
1.24254909516127
1.26413901628172
1.43105554025311
1.21671897801878
1.37192141971419
1.31349822984538
1.48381122139405
1.21136317219526
1.31998606645402
1.30887240156356
1.53008411099726
1.49488105598084
1.35191018746548
1.18107363903588
1.33203409723354
1.24577703291108
1.24663819178802
1.25957559028390
1.54721892099689
1.35753594254081
1.21200982545794
1.19283200203636
1.05210935304101
1.03525292052151
1.13655360937947
1.16780760208291
1.05778089670222
1.11830838128189
1.24318951811114
1.24213435181151
1.26944402394224
1.30689903002061
1.30855389251757
1.34346954539937
1.45004332174054
1.48638592395203
1.56876940187614
1.21853848629878
1.20397081235067
1.11374154242658
1.14775072928955
1.06130931824370
1.03054552128307
1.05175144484527
1.00957119683560
