2.3
2.25859571643640
2.24939187860175
2.29765815388932
2.40464562586288
2.39527808633375
2.27763438437431
2.40207081765649
2.42148702539403
2.37513440631802
2.39194353040657
2.35624698812739
2.36156653390268
2.38477105400535
2.32365190220861
2.29125478901253
2.39519032934199
2.40341801066176
2.42990654544908
2.41906763427844
2.40643303721878
2.31177518004463
2.23803571353387
2.21172134845285
2.26482993450148
2.41914623616477
2.41642638835291
2.31786955783356
2.45247114684030
2.46024356327085
2.45130867688895
2.25956516419979
2.22129449001006
2.16449292104704
2.35574313601262
2.32702857492875
2.32596033337169
2.32832136738141
2.12256058361015
1.76508266049298
1.29170834835306
1.07893451171873
1.09302663681776
1.09345424719611
1.15407655881037
1.16577494687597
1.33154402077090
1.74741084862755
1.64352309165629
1.59252510665412
