1.0001
1.00033597566272
1.00085730562994
1.00060755444149
1.00266605023900
1.00214069801446
1.00099389582403
1.00075130947778
1.00091297959873
1.00283974196595
1.00726638570024
1.00680185840313
1.00612637121368
1.00851682260810
1.03991553107002
1.04181608764154
1.06486268514580
1.01218814584231
1.00875917518085
1.01567453701504
1.02760446311227
1.03382180967235
1.15918795548988
1.05331048712736
1.04292691796883
1.03183499484537
1.03183416640990
1.13482691981158
1.30002188011527
1.10541385769789
1.08726727646808
1.14940182674589
1.17766102867209
1.22535524069027
1.25500510180426
1.40499680996995
1.97910558432947
1.74605624661906
1.95475488280721
2.24082503164865
2.22252234740767
2.26815121046186
2.05374922557252
1.99123398908273
1.66477471241154
1.28313498860750
1.38859585671446
1.65583000389334
1.67465071990304
1.3122458936017
