1.0001
1.00012350009452
1.00011060668685
1.00010858211176
1.00016139758354
1.00041612053466
1.00022761830517
1.00006130086740
1.00008307453335
1.00004528916068
1.0000573203816
1.00005739539035
1.00015839747897
1.00010903309957
1.00009135153916
1.00038607898461
1.00037859283813
1.00052217013274
1.00015499641378
1.00005871007309
1.00002307302961
1.00001490115873
1.00001588036220
1.00003967210797
1.00002506002459
1.00008375721957
1.00029119897577
1.00065690837998
1.00016801320323
1.00013906947400
1.00007231430304
1.00006319100804
1.00012122838709
1.00038067007975
1.00113186413977
1.00339630531313
1.00294071572493
1.00200636128704
1.00937912037387
1.00164623309711
1.00502724984034
1.00429455041734
1.00742728718819
1.01886977865722
1.03625991173578
1.01444635536803
1.00959381820741
1.00626739105461
1.00442711431377
1.0189288103388
