1.0001
1.00013055411444
1.00020018574892
1.00004744342734
1.00008336353799
1.00005672319033
1.00003538164258
1.00003802784324
1.00003961778184
1.00000949468086
1.00002819074121
1.00001262497312
1.00005906477699
1.00007038304332
1.00008361805206
1.00001377011224
1.00002388016179
1.00002967881974
1.00002687472886
1.00002119854590
1.00003948760075
1.00004504685937
1.00008360765794
1.00016406013218
1.00018721056164
1.00027196312071
1.00051803380901
1.00170623764272
1.00634510760101
1.00171961274175
1.00182258625479
1.00078036906238
1.00046254270952
1.00009105356047
1.00022774119663
1.00017706752327
1.00019226978446
1.00020133231203
1.00025793204198
1.00068282480688
1.00241454394732
1.00123282177577
1.00145301176509
1.00086957743877
1.00066310712504
1.00041401752928
1.00053862828207
1.00014978630195
1.00019261760277
1.00038790969300
