1.0001
1.00017907544406
1.00032947355208
1.00086774828679
1.00033277877810
1.00018006412725
1.00013668489204
1.00002746953391
1.00001590558568
1.00000924076986
1.00001641973521
1.00001724779148
1.00001069636905
1.00000800161971
1.00000564921981
1.00001770051325
1.00000312908988
1.00000533840602
1.00000554941809
1.00001322193999
1.00000826496447
1.00000296204294
1.00000260614402
1.00000634633356
1.00000453647835
1.00001222992098
1.00003032242827
1.00000989959080
1.00000303855406
1.00000085877572
1.00000054613124
1.00000088156347
1.00000260320804
1.00000268508085
1.00000174828693
1.00000833852523
1.00001109023487
1.00006522477886
1.00010428458661
1.00023683755073
1.00020988490138
1.00018309977199
1.00023696359421
1.00009864120500
1.00012193857403
1.00013656421853
1.00010970358629
1.00012041831854
1.00013468530612
1.00002585111887
