2.38
2.33327995496456
2.35206749671019
2.38233651712838
2.47349652983078
2.43061372733816
2.38712197957265
2.47111186873486
2.46748400325140
2.47555143768566
2.47454942437982
2.47587497734620
2.49198225802152
2.49574396540089
2.49501624263511
2.49336605526199
2.49436232687302
2.49560271865402
2.49418668592678
2.49576281768474
2.49801012226314
2.49874036122663
2.49902768430268
2.49902988149257
2.49945019124479
2.49959456871236
2.49992679069063
2.49994579938941
2.49995715575738
2.49995710806352
2.49997573042818
2.49998159202276
2.49996256665415
2.49995114092962
2.49995289327285
2.49988830216896
2.49982737288928
2.49991483809527
2.49994135945713
2.49993096896235
2.49998205562382
2.49998542523109
2.49996704520521
2.4999439785715
2.49994589933788
2.4997262318441
2.49982414796996
2.49984519482305
2.49989880906710
2.49991034477395
