1.0001
1.00015944572517
1.00053728750907
1.00053876545254
1.00034946703260
1.00008168151138
1.00002705579217
1.00009630128566
1.00005059035806
1.00002362957855
1.00001961234747
1.00001905192855
1.00006578983276
1.00003085391232
1.00007451641575
1.00020078403075
1.00004101863599
1.00001886283378
1.0000258477705
1.00007257466521
1.00022137420944
1.00018369423787
1.00024913248240
1.00059404419328
1.00119372068917
1.00452637039024
1.00105634846833
1.00145610979873
1.00232382875591
1.00126468948302
1.00030222849033
1.00009949874360
1.00031004085934
1.00042542931591
1.00051049890924
1.00070420696988
1.00045146796688
1.00037897889699
1.00220591902611
1.01208784958574
1.05174192975158
1.03811095831271
1.05733720950429
1.12727798583729
1.11990872435688
1.11690003600701
1.10536822054121
1.36185172983164
1.17073207403171
1.47675153469968
