1.9
1.99443745097747
1.88998892740769
1.77301858731706
1.56024781837104
1.30087040988371
1.12536688455711
1.26561372977874
1.44921195279255
1.40932646593128
1.25254293230828
1.40174422984394
1.49155141846856
1.62131128200620
1.68493266391795
1.73119469617618
1.73179368330161
1.20052065841765
1.16549806295212
1.29590665071833
1.37355537367045
1.1487282114352
1.05088134670798
1.15569767895317
1.33060352457636
1.14116873244475
1.16292495845467
1.13490957806009
1.32042508454555
1.14228437339165
1.39168000414915
1.39125102698551
1.38837338181091
1.1858320412059
1.08103008210869
1.05920535141109
1.12269324418362
1.14294716785272
1.17127002927398
1.08695689181728
1.08121306212301
1.02044330300483
1.02639534306171
1.01175163843456
1.00380781814802
1.00352526354652
1.00078936016819
1.00191847047748
1.00261481806405
1.00087590973321
