1.0001
1.00004302814755
1.00030085176464
1.00088248430659
1.00035106653785
1.00015243506549
1.00012494334422
1.00060772416129
1.00036946981053
1.00048236943819
1.00066606726628
1.00064101537213
1.00060517776889
1.00072829656609
1.00040951997168
1.00037380754325
1.00121148343166
1.00191466163069
1.00159624795139
1.00116636537345
1.00141830875779
1.00146114824442
1.00175683327342
1.00152011120916
1.00167894505392
1.00515420114669
1.00281649852966
1.00410493024237
1.00620468630635
1.00855750868847
1.01860795298951
1.01353471845042
1.00331294761192
1.00216873262701
1.00201093071194
1.00188834121240
1.00358072753379
1.00581716619259
1.02420989439325
1.04230712195537
1.04680967194884
1.0170853956712
1.03561549680776
1.05980525459830
1.06799034476351
1.04472586204279
1.02677119707406
1.10775382659784
1.11056162396188
1.01991040462469
