1.0001
1.00046644998482
1.00082395391015
1.00114788211186
1.00274866520920
1.00446742953268
1.00298037361023
1.01139132060508
1.02112103036461
1.01104209132354
1.03815647905849
1.09035896889987
1.13922262936232
1.06299353082064
1.02006749857124
1.03718896193150
1.01960714366508
1.00383616239583
1.00370093923625
1.01302641326490
1.00725286445368
1.01119982156145
1.01026052034000
1.00505697602596
1.00157644745239
1.00075440908117
1.00043155027962
1.00149930593347
1.00113938309738
1.00210765867577
1.01374747370377
1.00650193716900
1.00220482298923
1.00270198998109
1.00201659910000
1.00285774118951
1.01347261909882
1.02692104168228
1.01538769575332
1.08536931733189
1.04713540315102
1.02374746562199
1.02096442957468
1.00868995399255
1.00853870652053
1.00454168975443
1.01127849560993
1.02584925508693
1.05769202863143
1.07069732199920
