1.0001
1.00025276942318
1.00024599425718
1.00009802626044
1.00015531030491
1.00028374520034
1.00079715430445
1.00081854280417
1.00193385485602
1.00100967892026
1.00255182125648
1.00082210547096
1.00267001911612
1.00181394547670
1.00227445891888
1.00169811882940
1.00793769322814
1.00173734946351
1.00130013847533
1.00184129727928
1.00499859527592
1.00246354808245
1.00156515057518
1.00364822031636
1.00619371472228
1.00214326134176
1.00358390220031
1.00249057671951
1.00160719901475
1.00376918738711
1.00218581991052
1.00428885377740
1.01142933032111
1.01502680255860
1.01165633582194
1.00782977737672
1.01229045227056
1.00670561115483
1.00185669837258
1.00387351026693
1.01301473113477
1.00926163947669
1.00380942968190
1.00275710590101
1.00191529258854
1.00338798359520
1.00291306832853
1.00324982853625
1.01490195922835
1.00939289130131
