1.98
2.332698998943
2.36404152497957
2.4382917212885
2.43861387498452
2.47143131356413
2.49395806891917
2.48203418143131
2.45647694371393
2.48919733994598
2.47270807422184
2.48504887707302
2.48091200628879
2.47745756163183
2.44617478122432
2.35881485357105
2.36365502942053
2.14277638648730
2.11962938853869
2.08428261159931
1.92340758236940
1.84651462476954
1.67353592868417
1.86446732580528
1.83116280461673
2.10811293319907
2.12056241326236
2.14774004224836
2.28141040883615
1.69791256508761
1.46895825191910
1.52109865481287
1.41302992135013
1.37073575690218
1.40897645320769
1.49490423184919
2.01365449398393
2.06843225007194
2.06678683628842
2.12766960463706
2.26776301686397
2.15917020430588
2.37381947888589
2.22865695844915
2.06326633892274
2.09328572110744
2.32445342559139
2.02794544524900
1.76102472550059
2.26679339987935
