1.94
1.96687603116550
2.00137682749508
1.84816573417431
1.85482863713491
1.72918548760463
1.90104083229087
1.66742094701950
1.87169521938701
2.08842336264744
2.15408311183292
2.36300589135941
2.02665637942904
1.50701858114719
1.63261557913169
1.64238281906043
2.02679490121182
2.02385116382417
2.05853812878156
1.96102095419323
2.17950522918057
2.06677131286204
1.94157227449566
2.06020830914739
2.36826169044497
2.19467711827706
2.11601387896388
1.92907788792303
2.14299542807799
1.89179619159049
1.83581084336205
1.68034657445066
1.94082159053851
2.10829549610510
1.94040653518097
1.50644467192366
1.76600896333668
1.61183967095692
1.60552624599417
1.39263257349595
1.28920406598341
1.26023989235065
1.35764466651412
1.59705652882004
1.89765494864114
2.03324538481304
1.73143773988414
1.53124661519513
1.69913341465905
1.63923285892945
