1.0001
1.00020213894005
1.00011077940908
1.00026548597674
1.00034545431622
1.00016057831641
1.00030055310728
1.00032307656268
1.00014871884536
1.00020221644875
1.00030907081865
1.00012507210581
1.00009614635654
1.000159271364
1.00032679135204
1.00008509551801
1.00027953186766
1.00032436861645
1.00165105310504
1.00128391867877
1.00342159842337
1.00361641257387
1.00548995591190
1.00417403840429
1.00184063015107
1.00218872827242
1.00312196676943
1.00138139780699
1.00136481498829
1.00140140004055
1.00239579077061
1.00889071537778
1.00491876521266
1.00247809298885
1.00258117443368
1.00518433160777
1.00363875195531
1.00476120596507
1.00078671984972
1.00306587680891
1.00555919102513
1.00268018812967
1.00186242555098
1.00167668347555
1.00091277332132
1.00299643905594
1.00447002607282
1.00414971000992
1.01140511070874
1.01885701893144
