1.72
1.78442884601242
1.86978772578771
1.77370426915760
1.70661281982234
1.78122190995107
1.75112587282238
1.77873421069442
2.00300626646610
2.00698124445636
2.15994513239710
2.2919864338396
1.99951700757304
1.79695609012167
2.25131002170901
2.10749732244483
1.95428292636740
1.66203288636072
1.61835187221087
1.38190467884361
1.60569568177247
1.42230261202024
1.32763496997651
1.21100035155913
1.07591719174700
1.09709726618078
1.12316559550239
1.18381386090637
1.20907041430243
1.11071614527088
1.29127504672245
1.24389296124683
1.64454842265505
2.19140584450597
1.63780087302184
1.60271321049425
1.44806134667023
1.36052966654709
1.56619698138558
1.63462516258897
1.67683873683839
1.70086330412241
2.2522009792694
2.37146727316605
1.99828159170979
1.97311293060739
2.02399826805774
2.06772414841277
2.37936107418589
2.09262303386854
