1.18
1.38852526005012
1.40416418615678
1.54014362153510
1.33755555974801
1.15201470019582
1.44790849813587
1.79846714941936
1.69440464064632
1.66431080043331
1.57623653499011
1.77479735062656
1.55408863947292
1.59173587860832
1.57993439285862
1.66187745107107
1.59236294387099
2.23314890190741
1.71254208398151
1.25836979674740
1.38327168969341
1.20465779753728
1.15835124956329
1.34079490640311
1.35029676071484
1.33318328441156
1.39962925140025
1.18563600209835
1.07471919564010
1.03021163726010
1.14648757595603
1.08546362560991
1.07686015243002
1.17136260217456
1.15132259881035
1.20983924510192
1.19858185764625
1.10240354790532
1.04934641408994
1.12665531842835
1.09516025754541
1.10392127563998
1.14104805910670
1.06920295126896
1.08329230636891
1.09759806885778
1.15394539208915
1.10519470280350
1.05424765651117
1.07020156022605
