1.0001
1.00030988527413
1.00085773580624
1.00118138105128
1.00092106329733
1.00030097919467
1.00016638971752
1.00011781705414
1.00002800888661
1.00001719515638
1.00002458622828
1.00001161280152
1.00000469882181
1.00000721463520
1.00004499941512
1.00004622075201
1.00014182428167
1.00013837773566
1.00014488749544
1.00009840733417
1.00012438191670
1.00055780149362
1.00055653747527
1.00060439957236
1.00140071592366
1.00241238393241
1.00109734046975
1.00233146365282
1.00288883901421
1.00695660300529
1.00672902801301
1.00201986705304
1.00183585125882
1.00097848584910
1.00065643543544
1.00054581725361
1.00051964781133
1.00048495873307
1.00058088693297
1.0006420184133
1.00021346830528
1.00145704976255
1.00038939551998
1.00007093894707
1.00006387462383
1.00008353643165
1.00009230380038
1.00004735309353
1.00005726622750
1.00005556833948
