2.13
2.11090903969906
2.01729861270051
2.07514500374569
2.07541222414409
1.7653798250547
1.59720427727228
1.73693069164282
2.03487602054139
2.13826708833885
2.40149747994204
2.40143575644900
2.12940321368091
2.36920599981265
2.40964157448406
2.41209447668113
2.45301163700035
2.45853031505316
2.49188093911824
2.49189412530473
2.45954353253959
2.46276462965785
2.46417046541547
2.47276037144284
2.46211987608334
2.45809476952652
2.37746885364242
2.38515321439894
2.20844046573584
2.13333052816708
2.22377474178036
2.25738471860937
2.10212319698139
2.243948595546
2.21500331560098
1.87998643004572
1.97602356506524
2.06479975878105
2.14384477872512
1.57282043258347
1.27644510532638
1.73865606311684
1.51844595850953
1.28964650470351
1.32021540233889
1.80452430279026
1.55139098503505
1.33006949903876
1.59190261685559
1.53193809516895
