2.29
2.39207324438506
2.33571704079878
2.40211142380147
2.39012396571944
2.36675714391342
2.47137940743701
2.46022150837401
2.46069883200926
2.48636269044673
2.4887691424075
2.49227576458839
2.49176516202768
2.48387609946312
2.46664163655743
2.46596724573548
2.43052349070416
2.38693403562887
2.22784259822653
2.40217889823289
2.4210613173522
2.4369610316225
2.43446870342364
2.44715574453846
2.46339680891557
2.46845457664014
2.47803530198345
2.44780354720560
2.40965354329181
2.38516080251975
2.09710135819186
2.0863119935699
2.20247998883334
2.08277037195315
2.10591347919601
1.89257495897965
1.44257205088051
1.38532721128194
1.35791601420193
1.32969719774787
1.51208507060979
1.43018807455719
1.69352588932335
1.32003086331963
1.28116101756095
1.13426156936636
1.02502429803297
1.03613435738384
1.02410409222524
1.00530425064608
