1.0001
1.00033332751155
1.00035207359751
1.00130078828478
1.00270335774165
1.00076150324952
1.00232684396555
1.00272844308799
1.00254681793719
1.00422230151051
1.00946657132075
1.01248631438167
1.00560205571146
1.00519423035937
1.00770303054721
1.00429867628104
1.00725770573521
1.00538901948967
1.00165526719465
1.00115984453241
1.00098660305259
1.00156164196715
1.00165115666579
1.00102899529488
1.00077143320154
1.00086897381142
1.00104083189182
1.00112591841589
1.00080078950856
1.000699111833
1.00094796779235
1.00102888220706
1.00561736306029
1.00454941023586
1.00425437749733
1.00619331843410
1.00234248139451
1.00148368630762
1.00365830657783
1.00236291125664
1.00532966021217
1.00125149654772
1.00402718208812
1.00417359044167
1.00281403268284
1.00731538575189
1.00657195475190
1.00324176432482
1.00478057667007
1.02099739528819
