1.71
1.97482600959121
2.23739611582418
2.24014887885404
2.09633492466596
2.30817717789785
2.37072659630378
2.41930678409511
2.41625695552199
2.36812596651136
2.119899980047
2.13018937266519
2.2879836628207
2.2501401401301
2.37822906962417
2.28445084477384
2.24712658824031
2.28142525841385
2.22048671924799
2.20301604741380
2.23963061529316
2.24273825114830
2.08312765552803
1.4988106470508
1.22255710642171
1.15116303889715
1.03844828116806
1.04904763372608
1.02642714860279
1.01183968764678
1.03553588591955
1.20503433145701
1.56095343604543
2.13545288546656
2.29682016166770
2.30767947176058
2.33311576830368
2.04265177434175
1.99857546796083
1.96693547146119
2.18651868092323
2.23558456946331
2.26991833360689
2.01620053784520
2.20493000386534
2.01312576026772
2.36862787150993
2.38312524539265
2.44558133637574
2.43905927892998
