1.74
2.03532117724264
2.22290011084312
1.91291925813596
2.1550128840456
2.16675171316899
2.17880327135209
2.09874418938256
1.98984739805066
2.17182426712675
2.25116319633655
1.87343630979571
2.15990092259247
1.85598748740385
1.69953936233250
1.86901031239565
1.85654777024409
2.01767211849255
2.05771660750959
1.89233613488545
2.18403059162166
2.41426254669113
2.46085512378273
2.46913831637233
2.46418101895466
2.44346658549893
2.43063049726283
2.48632975257459
2.48964926405253
2.49668743433173
2.49423702629772
2.49471955936861
2.49669302066128
2.48960645758479
2.48582528550325
2.48464066145957
2.49396155890467
2.49611810923651
2.49310657576197
2.49238898300028
2.49571353802061
2.49843139794848
2.49506825587407
2.4984865428848
2.49800429545129
2.49701562102674
2.48962177553019
2.49669756081123
2.49039359761261
2.49335653644908
