1.0001
1.00005465349542
1.00004375298652
1.00001315892291
1.00001704466325
1.00001611578201
1.00003012465902
1.00002088138475
1.00003433023741
1.00002318547150
1.00002689557597
1.00017905371071
1.00006653496387
1.00002726717762
1.00005989194422
1.00036663924608
1.00026956885131
1.00009229614862
1.00034611639926
1.00057629422939
1.0010045598889
1.00163178530687
1.00037196310572
1.00030618022887
1.00025255329106
1.00074258177070
1.00059036077523
1.00098542857689
1.00143435347236
1.00052027946643
1.00030364171111
1.00012880639174
1.00009677350444
1.00003814257532
1.00002733226225
1.00008103990178
1.00008220874638
1.00006620982794
1.0001945010103
1.00041233588001
1.00010261220455
1.00002166285633
1.00001117140436
1.00003990547774
1.00005432738655
1.00021132825854
1.00045585234506
1.0004411982296
1.00064604027706
1.00011231290164
