1.78
2.25696475445424
2.04877450227633
1.87841265090677
1.93548613775771
2.00665059856508
2.17906153245264
2.04555729855176
2.06528394528009
2.05893376985971
2.03118465576403
1.73980010566036
1.36147477834709
1.47158824625024
1.33877245611612
1.42870634644648
1.23143728554793
1.23658147663377
1.22241720855035
1.14813867292454
1.28771764687691
1.4433875947861
1.21929079657680
1.24801018912160
1.21089210670881
1.30517764893637
1.24280422362137
1.31403103499892
1.44920538819675
1.64986398172693
1.75073666119281
1.70916368050483
1.79303645438377
1.99897334068539
1.68173526222879
1.68867597717413
1.82797018251653
1.54005270044968
1.55769755723471
1.67621494047888
1.51933155949027
1.60078196434834
1.70713310555954
2.10896735873074
2.15831957886143
2.19155015609476
2.28455375680507
2.27428520669019
2.18199184849433
2.17853857344938
