1.86
2.23596991549718
2.28577468626336
2.31207869283259
2.36696395623450
2.40917267459035
2.43381736003644
2.27962564724027
2.2198763325531
2.32436845809434
2.33295039341937
2.33113446853641
2.32311875800248
2.42355823415728
2.41034920210943
2.27122604664988
2.13774161420439
2.35353695171701
2.29761555192091
2.34512795075666
2.07783883540796
2.12550422159311
2.18551497130573
2.17049945035163
2.19335203107089
2.25955839230840
2.28596024562353
2.41155620059097
2.46288569856900
2.48438877673192
2.48873338776715
2.48509475310888
2.47172732777364
2.47523590832534
2.46590753040096
2.42632201913882
2.3678784785021
2.2660869787979
2.29707372241686
2.35556697036796
2.2775803355185
2.20041451365608
2.31951352652305
2.40165067502696
2.47721997819899
2.46075066600813
2.42986007864378
2.43069795877137
2.4435347024914
2.47720940990807
