1.0001
1.00022469938268
1.00024254866081
1.00019222721116
1.00017998191262
1.00017489402668
1.00021547159420
1.00080413208865
1.00186896368905
1.00172597623203
1.00230611171144
1.00058517417862
1.00065167414249
1.00078426012548
1.00066211651302
1.00070190696082
1.00086802239131
1.00064190758495
1.00024016172070
1.00007820348854
1.00042634946266
1.00045438742378
1.00123001114507
1.00274538072979
1.00301383310333
1.00182395014546
1.00095558753774
1.00042411949731
1.00148934147282
1.00476056801261
1.00385568052592
1.00527158306012
1.01441803416336
1.02829745936897
1.03695347744283
1.02896364371794
1.09037366892432
1.01501329753070
1.02582260391647
1.02195721208898
1.02362013305861
1.00835542242053
1.03015710417718
1.01119290314336
1.02252141127459
1.04124514731337
1.02314915423415
1.06405072573932
1.0666294475465
1.01301858943846
