1.72
1.85000636480170
1.94652679490028
1.90188879684871
2.00497550255962
1.89961069356395
2.06344705692658
2.33124381829889
2.23210906363779
2.21719843667048
2.17460710814744
2.32214865122133
2.35264074323740
2.01366619685781
1.87013927907340
1.88283445079382
1.98260551584210
1.75921686859684
1.82028596497694
1.69844161705606
1.64668843979212
1.9121796753656
1.99898529286894
2.18727152721903
2.20451157278447
2.16741823267870
2.34723263618698
2.34151826869387
2.2962266562665
2.28785533506189
2.18833485749641
2.15640732060262
2.21138982844903
2.09268510498568
2.10850897355403
2.13311835761632
2.35441071783193
2.40883473454773
2.44214488773172
2.45327503041649
2.42967233939891
2.23686634032193
1.69147216229134
1.83714571459245
1.30375091231669
1.70624234032624
1.43084016558226
1.25808731750491
1.15676249758902
1.14451370483575
