1.22
1.24442493927914
1.25904457454575
1.31957697464018
1.50921971232493
1.51471967707863
1.44345052783015
1.37546539415752
1.21462831479943
1.18526277607061
1.16296302578021
1.32479703060337
1.12194854232770
1.02105589571003
1.01711415809671
1.01201422662529
1.01574826523061
1.02123508902743
1.01615209614428
1.01240571655162
1.00304605635359
1.00155813836214
1.00450993052696
1.00169121411116
1.00500202739728
1.00144842440192
1.00107090343915
1.00084913491122
1.00090476894284
1.00492344542690
1.00690198595621
1.01408150887348
1.02307278878528
1.00424093804430
1.00366550077257
1.00138272686423
1.00034619705511
1.00023440252345
1.00028568431679
1.00072368057544
1.00148030124914
1.00255992502908
1.00847883860931
1.03692089782810
1.04559815325241
1.09982004129671
1.14265994610656
1.11440076206381
1.13570946804419
1.02733872359726
