1.69
1.54784381726272
1.16617369419586
1.09282044966586
1.07084015368535
1.02465546917629
1.02609864486582
1.01723929045874
1.00626598880088
1.01430705135352
1.00838759925077
1.00765374757729
1.01990527852302
1.00420134361812
1.00093160276106
1.00193164846071
1.00074654704380
1.00078314542282
1.00134484580649
1.00427185763894
1.00816179241421
1.01700932167373
1.00363547043071
1.00458259028017
1.00084883712499
1.00048326930084
1.00025295876208
1.00023772026205
1.00015939459723
1.00018096782585
1.00005247072173
1.00005280095739
1.00015067876264
1.00006031049825
1.00005690277511
1.00004436917598
1.00005342898433
1.00013256304973
1.00009255373643
1.00002234908654
1.00001207664633
1.00001394363350
1.00001288392204
1.00001538026711
1.00001182265302
1.00001161934833
1.00007114748021
1.00007678039337
1.00007822126828
1.00018309914147
