1.22
1.27801408583862
1.16140433761236
1.16763737677915
1.11285408012142
1.21883748797430
1.41416316515870
1.50855940861754
1.44334484554478
1.72754361495153
1.81809380665952
1.64630390127919
1.19889189856971
1.09932668528001
1.12695125153594
1.19969048130335
1.14171539900824
1.19941981290581
1.29011413018373
1.76496051089989
2.28601372858137
2.2463058743211
1.84775357052445
2.11922984487080
2.05986403565134
1.92519176710302
1.46757667174884
1.78232599020889
1.56222657096121
1.98616942910105
1.79196871279716
1.97409809722812
1.67076726767895
1.21738847755978
1.20950408498782
1.28368947064666
1.52457410624322
1.45128896292614
1.34982172391570
1.42019794172223
1.39434648153692
1.52923238418100
1.57911886603023
1.15972841178887
1.05184948386829
1.03024082410769
1.04938661232457
1.09281349431526
1.03278472064033
1.04593523224731
