0.3
-4.41104584970663
-4.25785055622696
-3.4763954194544
-3.49097379042392
-3.40091622457306
-2.82335423979844
-3.0836811432828
-3.14864510185309
-3.12436148620081
-3.27966980893714
-2.3668386879982
-3.34308191850787
-2.54726362729312
-3.18093368208567
-2.71212082238452
-2.75435210771482
-3.04819879956546
-3.72341208696144
-2.49297601578045
-3.17944452460305
-2.74010134096595
-3.12889850171207
-2.98484520264131
-3.12553358728891
-3.00881066158713
-3.18390585323352
-2.70021423410913
-3.09423362552295
-3.45853205555879
