1.0001
1.00007664473338
1.00005785900849
1.00017190221741
1.00021785697380
1.00076669409172
1.00105960656532
1.00103016170446
1.0004375415068
1.00017952006235
1.00006899799951
1.00003081393819
1.00003240938914
1.00008710556206
1.00005280005337
1.00003387968249
1.00002403051516
1.00002625712998
1.00002991879946
1.00002525777715
1.00002440492452
1.00002610454640
1.00002149417268
1.00000912211242
1.00001087627145
1.00000837133261
1.00000698854405
1.00000882036681
1.00003817648914
1.00004991662732
1.00010139160329
1.00011551265892
1.00018492367619
1.00026461745591
1.00156810848228
1.00075023169221
1.00051222689536
1.00087933877393
1.00063037856507
1.00206816855661
1.00241279441826
1.00709810499718
1.01385138503819
1.01708559750984
1.07171511551855
1.09630767854724
1.06160324445205
1.06774948771389
1.23037855816069
1.13764562195278
