1.9
1.89091242496095
1.90079787612754
2.2140360427105
2.19133322247089
2.24272817227386
2.17531428657072
2.30485056428421
2.43720011661850
2.48397349770022
2.4820085295895
2.47747312718731
2.47187057305951
2.49138354199723
2.48054859999188
2.47851320938198
2.46144547491097
2.44277901287769
2.4302192661569
2.43562214762969
2.47927340396663
2.48261606242662
2.47887225377524
2.48395235105972
2.47973053954278
2.46636573474782
2.48596881643331
2.48238025294966
2.4873920244456
2.48145230788289
2.49323491907148
2.48691497604753
2.48803762347404
2.48539104410034
2.49612704573462
2.49399974695606
2.48765721150937
2.45592432691801
2.48498334073114
2.47104140705459
2.48185077616534
2.48461295308071
2.49673594979916
2.49865176570911
2.49814839867948
2.49811746323488
2.49859235758621
2.49183715874762
2.49663561215367
2.49476257661493
