1.86
2.00419111131882
1.92994885868164
2.05852069994873
1.71089380231694
1.69061519236862
1.92788824619513
1.74610022628073
1.76958887141281
1.32632836718200
1.61402565694883
1.5461602324397
2.09799962836989
2.02460468589184
2.06518331149514
1.92425499283131
1.90280757793956
1.78987687741919
1.39135420846990
1.53173214740461
1.48012798139106
1.69952471796558
1.58561592781649
1.63242688713893
1.31519877510967
1.26375539065836
1.40081933462488
1.44243138044551
1.43340679988603
1.39389481496204
1.72496209866697
1.58111478834557
1.83046744875460
1.61280886395601
1.22654395509362
1.43498198727353
1.78807276592594
2.04934576838285
2.02179741753163
1.99234373454892
2.00763068914082
1.8666807655634
1.7582218168454
1.6580105347459
2.10349903579383
1.81377416729068
1.99110307105337
2.24554429677864
2.23847799074582
1.99408551470138
