2.25
2.42233695662228
2.42200328132252
2.29087781047476
2.41459385983115
2.36958879278632
2.45574964810557
2.47309533195799
2.43766047669592
2.38384794095256
2.32636815619597
2.36761991469666
2.31508744490702
2.01539232763736
1.66913554114158
1.70413921496200
1.76277821150236
1.93302236985953
2.02384559210552
2.15670076890971
2.40848813427852
2.44237167129441
2.24181198935659
2.22314481325938
2.35749347454962
2.38880169076057
2.3098499072147
2.20980272737363
2.21675839775981
1.99348797384789
1.99061816201746
2.07396693149586
1.75561979901195
1.72317390875147
2.05764185073125
2.31685813263622
2.11852178958050
2.02978257030565
1.58513743320781
1.70751633549190
1.48850946964718
1.87965151330368
1.43585575386689
1.85632233816298
2.19343270140285
2.20502557563298
2.35817659795738
2.20002153813166
2.3940198375639
2.38832676717061
