5.98909815023653
7.58904948263112
8.28633459330725
8.36922818909676
8.54887133110331
8.15693434087023
8.32921378747715
7.20103494687912
7.15840777119968
8.00332534780502
7.76383662915088
8.70886827107105
7.36114422570641
7.78243627485647
8.26201439610222
7.65034995094907
8.56330436304332
8.45453464083153
8.13452523475558
8.60356713210531
7.89735567088537
8.60591403079229
8.21626899645595
7.06254752034898
8.43164289914365
8.64624410567252
7.2474290497795
8.37933848462196
8.47428614283231
8.45774189039664
