7.68461675217841
7.7626620171571
8.49661436690743
8.33852163519505
8.42391668679467
7.32549442138872
7.41103151205345
8.16101718807942
6.94689940714257
7.80349535001373
6.26078494830028
8.34153457566151
8.39387918368127
7.09239013730721
6.9496009368866
6.03085369669214
6.61298843334765
7.01879649914419
6.42923550065824
6.88961595845708
6.16128499004358
6.71810246362493
7.51906466913608
6.95011269836166
7.00434280442485
5.63477429750683
5.78830884387775
5.57948252633463
6.11945449730625
7.43282397028303
5.59687359100649
5.96104063960454
7.12651815398058
7.67711607051608
7.79131752842035
6.74563975975467
7.10353735215624
8.1853733650468
8.12273983603683
5.61330541355492
5.55772151935304
5.75406280761146
5.77942245283499
6.88119381751798
7.99063354560107
6.27111961959635
6.22427332158543
6.58348444003601
5.68648961515699
7.03039713589928
