7.612333448953
8.76655771013232
8.51521074114731
8.37203597966349
7.51070188189033
5.973727275677
5.71123022199617
5.91811468414893
6.10689914241278
6.33685102980263
6.10206868542616
5.71625846090533
6.37552121847255
7.55721834315069
6.0376133021348
6.59422246912455
7.7908123909315
8.07121405794817
7.77131723179082
7.93118383344008
7.77262618489887
6.93091840723414
8.00161525498028
8.40450992147611
8.56968246233608
8.27305559707275
7.56788230644386
6.44696901492531
6.03093063203183
5.90853564198844
