7.23589148891624
7.55537983207928
8.29172918694486
8.60210104710202
8.62245168152904
8.50833347787293
8.18397912426535
8.00978290299459
7.5451002828227
7.98995726909916
7.77574653613676
7.8508809590247
8.1145073964261
8.22671880868371
5.76172970968433
5.74744724607395
6.20740260881949
7.45500517891463
5.59562261177942
6.50688643882738
5.66613426515078
6.74876700909467
6.79105687961888
6.51094768133229
5.70654677868932
5.83710338771929
6.3035316273826
6.11390206631134
5.7684683422602
6.85092991927044
