8.61429190037306
7.2502322228336
6.71910994228844
5.86749241695677
6.77918432754402
6.72073476985433
6.76346091262626
6.11488405361071
5.93452901652822
7.0433631604392
7.16878051948765
6.41986668001947
7.99911546500616
7.49747622632765
7.60488370944535
7.8402404406578
6.69252762165632
5.51199219651199
5.64608803740738
5.64587811856353
5.82690784872904
5.62843497729147
5.57081209142416
5.6017872223925
6.35420574634504
6.28126607191406
6.66698391695204
6.41834139284906
5.57635425937092
5.53904390523984
