8.45496990578249
8.70597080498366
8.72153238780135
8.74637293183931
8.7433738577639
8.70172368786276
8.59113020196109
8.48033397303388
8.72835266258952
7.92298900666453
7.60883685897115
8.65916991169502
7.7817128264963
8.30440043077112
8.60998363488542
8.30173562922923
8.34954533438338
8.75978000554517
8.29156865846733
7.92423444838918
7.97126138943103
7.66311728541594
7.93280710830673
8.7666559077103
8.13855185968893
7.43664073221068
7.21325647940802
8.62926806662325
8.4381719402444
8.70073579238361
8.62901873052846
8.10610160722992
8.05643553232424
8.47640351274232
7.13794342500661
8.31640245365188
8.0739421147726
8.22241720805206
8.12446973442647
6.94085291491366
7.11087165902225
7.43416372169112
7.9523970446853
7.6042401758559
7.7019465743028
8.41937411689503
8.6096694691844
8.00134438141188
7.22971154874463
7.32512453344272
