7.47370499377139
8.44188245037111
8.54500492495146
8.32435865136255
7.78770124400383
7.71384874564047
7.8457492473498
8.26525394095597
8.00185288028385
6.1111122337351
6.10707267652075
7.3233429777991
7.65298893429701
8.73674174535754
8.7985756835196
8.4962458971881
6.06498695861922
6.43078602306083
7.94309210341968
7.25314682076562
7.65314215787489
5.76394696147337
6.14984465147046
5.62939564709582
6.6091965255221
6.62675157085732
5.90090408805851
6.11795809167663
6.29387286071572
8.56591809622692
7.85497993054325
7.3094814051827
7.25465195848842
6.63263251867107
6.34121748806797
6.39619134522497
6.07296050299535
6.89837322172604
6.43768924263675
6.69225817732722
8.36677653184981
8.42118867622266
8.42122998289418
8.63782416888844
7.52293559070882
8.28737828329377
6.2275429887686
6.06832151841262
5.76107610715014
6.03495594042881
