6.07235970506445
6.312740548362
7.22239504842628
7.9858736154101
7.39813684188183
6.62403153735835
7.81795912609376
7.18961093830515
6.62071001450461
6.55858622668241
6.8996431364461
8.61217199927202
8.50490987417834
7.01194064110132
6.61276608021734
7.65704487473151
7.91053180827242
6.94514265791818
8.53883222383018
8.6428074194821
6.65050074754085
6.02961735294873
6.86872970813264
7.02205641992084
6.91492843847587
7.42281510966151
5.8385080003471
6.70137300204537
5.77581305943481
5.8394257375458
5.85203699914967
5.64248250496897
6.75976172913402
7.72732736322016
6.83772514408316
6.58726346655458
6.66057931399415
6.96272834979913
6.93291638562318
6.03449895365601
6.13129854452763
6.2660526424266
6.28469448192897
6.50469343015043
6.18974299289035
6.11416925661272
7.0104163854135
7.88192426806145
7.26351478203325
7.34906425090509
