7.58036660419311
7.65190373799205
7.69026959524921
7.82292633856516
7.24974547528248
7.52347312947586
7.25402606536369
7.08434981739505
7.76276655201714
7.78316548849211
8.14514350537808
7.27861025499761
7.51140955044809
7.25100644940473
6.96848803463952
6.09618976650963
5.52388288023996
7.80216403222839
6.8233979909872
7.3903067908487
6.79737719964334
8.02382602290064
7.51299142188037
6.61189279451611
6.78733846876216
6.8277547681096
6.75172461896253
8.66696825497036
8.43378007722
7.97303039415136
