7.21149306853768
7.18805020557843
7.35446508071778
7.19442125419524
7.11920528230541
7.14671042828429
6.78231434361246
6.93108233631659
8.56032405795123
8.1001526763128
8.75606623699231
8.68626443319011
8.45581496360476
7.8305844974721
7.91786016778169
7.94273850763394
8.68537695122106
8.39010790187312
7.35402234507706
7.39185888157605
7.55105550073101
7.6229300196735
8.00892830477597
7.9718949102192
8.75822935201746
8.27015002744092
7.61360323869547
8.3026206007753
8.06442154095317
8.74847089344157
8.57908600505908
7.46043312357842
7.2107278636494
7.2746820631172
7.44365191212140
8.62091262219335
8.1529634127463
7.53688970255981
6.3851429301813
8.17356327194285
7.33394847159707
6.26967920078661
6.46498420644804
8.49968451746992
8.39909904179843
7.51079413004523
8.53442737169867
8.23625662360747
8.70507313953458
8.74641807977452
