6.07235970506445
6.29679535708603
6.43771295742626
6.35058987090193
6.66495172310371
6.47450900505969
7.67100826539277
6.76139966534875
6.62098496519457
6.4786060652492
6.35024396825199
7.14777386138508
8.24765761800741
8.0622711447248
8.47624777989283
5.71934090355232
6.68633467175099
6.35932172803483
6.28895027179737
6.4139046947647
6.15476732226055
6.08204218220574
7.24476278154585
7.63544960296015
6.12927434546175
7.01835920853526
6.33238182070951
5.6340426377187
7.64072280965952
8.65321098417528
