6.9978551144246
7.97103940666779
8.74630431448808
8.57538318371355
8.2328117571062
7.78383926492977
8.16591917457913
7.2685226086489
7.78982861833749
7.15415813300912
8.6690864004938
7.34971776453355
6.59725711829335
6.60360211523064
6.62618246383042
6.46546999533569
6.94222390952303
6.27038697173069
6.44108727931976
6.2012632580558
5.96917563997725
6.45197841124193
7.80539103172421
6.72171920742639
7.55387539671958
6.8730039362342
8.06207605316294
7.72490927714099
5.92045120436884
6.41947543856038
6.60808633115083
5.94373186744952
5.80180193244586
6.26414747081131
5.85488948648498
6.34190579779895
5.87925798907721
5.90567596288994
6.10844733784571
7.31948631778357
7.0988819317025
7.56468901977657
6.17871336668927
7.76346197289527
8.45455505473652
7.25506397344285
7.7190399298192
7.33701633737006
7.37178842342117
7.29951691175976
