6.12433895405848
5.786446038673
5.57565130478735
5.5772392964806
5.50615730453806
5.59416166903033
6.1520799209252
6.76963973269179
7.51668516981568
8.63683927226733
8.79892941314348
8.73111562445325
8.62949100904293
8.53914483957849
7.50391250308528
6.15901681624688
5.62623144285914
8.28818589231843
8.08942461621644
7.74597273483297
8.77562254419451
8.64559985545185
8.72914121610264
7.91250135092479
8.43919108464685
8.63841556187555
7.98967528834806
7.29769457875633
8.63407292769296
8.64014519481627
8.74894125758869
8.54029457316423
8.26120268221831
7.58787879567841
8.55183136333221
8.53207964142607
8.62892350509284
8.57845408069629
7.9824891499368
8.39289595607413
8.12072632969093
8.74360812926261
8.70836755663035
7.545821626804
7.84124677061201
8.3276063020275
7.53061515259827
7.70590133702975
7.36458177498912
8.11530870389699
