6.2882666365942
6.84537447643663
7.94370749792572
8.40664528649211
7.02064818801253
8.28208839068028
6.56948741803013
5.64494018955242
5.56004080712261
5.68481682952866
6.10798946437691
5.65675063584709
6.90085473146726
5.53768696176362
5.60382120286113
5.935083925877
6.05838341535956
6.78932091762249
6.55667655189436
7.93533474738624
7.56696462217232
7.18988382949914
5.65671978738723
6.17717992835012
6.24337726911268
5.8361166411612
8.15374979736021
7.51516876290985
6.34166071836977
6.36793877942684
6.48575561334919
6.1932091983105
6.8459688731559
6.71678033900384
8.17079246636417
7.3318826044315
7.82488840097374
8.67812635723045
8.07753961710966
8.35566570613549
8.63607641942124
8.34896242189386
8.61245539671073
8.54079906410813
8.3236717445828
7.70595726752832
8.13085022921657
8.30947207960862
8.39656084544087
8.54482712800258
