5.8464592133183
7.49031322047991
7.71509846437073
7.8810626728336
7.00896703901189
7.09374370357541
6.32437799269187
6.30412476220946
7.05743113458716
6.2678881750498
5.58594337916944
6.358647726801
6.42358820931722
7.12321586292316
6.15411715411687
5.8362079235246
6.26724137278349
7.20144021365384
8.56795382703247
8.4315066089909
8.57001009384351
8.77763494437774
8.76531826476557
8.7632411816745
7.37630984868111
7.11290678768199
8.56395090895547
8.34727034313426
8.7491744435797
8.56343592358088
6.77514483136718
7.0162298448631
6.2985125827505
6.15434826197054
8.54380860866179
8.35863126823103
7.17790006378726
7.17020253268236
6.9843569001299
7.59222641999442
6.90281060700935
6.33903275576806
5.89885520565942
6.57591682868287
6.85216861434587
6.7462822417209
5.82748120010062
6.19109680707468
6.32339101818035
6.65055209225896
