7.90672175709624
8.25058126582936
8.51203676371816
6.83129278093558
7.24154382665422
6.6770936015898
6.85568934172852
7.53418194296947
7.38354059062008
6.6463577123681
6.53843877879012
6.27027475423954
6.5454801801471
6.04644972059203
8.29149259569085
6.48728088324851
6.02154498049609
6.35715113074898
7.6193279038581
7.1063987281372
7.27616381146356
8.73252256391485
8.33219483303489
7.8118218888158
8.57818035653008
8.04918895440479
7.61917111485027
5.80173072626549
8.35280501900907
8.5613032713826
6.68564724302329
8.38742946679182
5.94834192944169
6.10205611954943
5.93320049282172
7.92465512009729
6.49517357139227
7.59456750445223
8.53494183072782
8.2381730886675
8.59495492127311
8.74065636653065
8.41335005747254
7.80980938699674
7.49196578904187
5.62170535317784
5.670669261673
5.78411564075796
8.11170929748042
8.76568245856352
