0.2
0.196841235960684
0.191702455389821
0.191488458268354
0.176345617222609
0.171136123792523
0.1657897906129
0.159461242638783
0.164197784326319
0.164218429489341
0.165729373920988
0.165704140186546
0.168227554702436
0.167669256085766
0.165033190646531
0.152657445809195
0.151137593582853
0.151692342765053
0.157930076832307
0.156960596314055
0.157068756052648
0.157653828707879
0.163338738300261
0.168356821539236
0.166627563215816
0.160217108485313
0.159421773595759
0.158165031686449
0.15499310960623
0.161021442712309
