0.1
0.095620586341247
0.0940246234721577
0.094058963285665
0.0938778187429411
0.0958434100739725
0.0942622191800512
0.0938092505785866
0.0931831991052276
0.0895203152807136
0.0877939441702966
0.0878076361499481
0.0876432868865454
0.085176229190933
0.0844942995923679
0.0842468989646737
0.078997587145114
0.079096737222442
0.0810962541519419
0.0780133256855788
0.0773531924893689
0.0757423604074815
0.075810703000587
0.0749742784663779
0.0739533583480609
0.0736981573641045
0.073323533766314
0.0714415416199412
0.0702324452189426
0.0676284088136285
0.068569997044991
0.0691188230420637
0.0639599783197201
0.0563257828794586
0.0550726484093901
0.0545228473853755
0.0494765678897935
0.0517171982449959
0.0505720117445168
0.0485345655221549
0.0491880172673646
0.0504685239762395
0.0528916645186696
0.0526863243456679
0.0517348943711972
0.0477158237297164
0.0524292181336052
0.0523087696867726
0.0491864935151203
0.0443472311695362
