1.4
1.45372158521786
1.52900572294243
1.48602415882559
1.55042337046632
1.53499259182879
1.38006090275174
1.38833991593972
1.36725865256196
1.39940548514170
1.47614053960713
1.48751382676149
1.42420536811066
1.45073941017569
1.45630743601703
1.41939843269409
1.40600424000503
1.39489300823430
1.46911390034607
1.45109975690488
1.31713189008646
1.32709490608890
1.34860349526629
1.36396491882392
1.38619122291916
1.34964397380595
1.35687537822617
1.45679563605902
1.46752908806346
1.47215171405823
1.45468289606050
1.41847111641672
1.49830266054031
1.52023428700284
1.56312495728032
1.53162058184440
1.59305734082641
1.57250421897093
1.52526673267180
1.51970512638850
1.5930380727868
1.58772977271633
1.65843966824519
1.55919979477817
1.61040216127927
1.62329350850732
1.64851977158947
1.60376476982752
1.63606189556471
1.65544555179826
