0.17
0.171222908272471
0.199669888579745
0.199651906083176
0.167985048819952
0.167840183028223
0.16526124023776
0.170006501140136
0.216846367506713
0.162180852106523
0.133437861607382
0.118405867492029
0.172701401626067
0.208039226600986
0.168168254583523
0.169759068095999
0.134000714115547
0.148595312518272
0.12461213913066
0.191594043342178
0.19050161615379
0.164091521669891
0.147747776562923
0.184227613949762
0.142898007867804
0.162516303717909
0.16424032078538
0.137230607648359
0.137987318446751
0.149801616695405
