0.17
0.169762150990855
0.178357824578858
0.156905370546866
0.152256791528738
0.182922389496480
0.17648984620458
0.162832246338423
0.165570036523241
0.163512251709641
0.172123201550579
0.156827237431616
0.136775888941210
0.148136119479518
0.149133557942255
0.123833522166938
0.123119122221918
0.130424195380595
0.143296821602788
0.136215913552302
0.135816078853660
0.104058509201186
0.125733330775749
0.113224831622034
0.129536244919816
0.128080406424260
0.145817266169859
0.147620396518919
0.147394078329111
0.114073359773932
0.151596800628684
0.143968782696873
0.150792836321163
0.128165732536864
0.119905316308436
0.115045736939345
0.108285701852378
0.117845799381453
0.128193451517548
0.115893890676599
0.116697449633511
0.119773821078708
0.111080800634035
0.149152431537020
0.159225965663518
0.185267271287781
0.160375146730774
0.150756741069665
0.127648734790680
0.129264753981821
