0.17
0.164825722206659
0.160355847539517
0.157716620876723
0.155419244083582
0.170213578005719
0.148285651264069
0.152118219109007
0.165068026624393
0.183263633663198
0.174324587823812
0.165948005525591
0.170388744754995
0.166158683745237
0.176766523611349
0.188411882325289
0.185943085585305
0.163349358648422
0.156641980667309
0.210395939856507
0.168053608090666
0.142552274016131
0.155320296880665
0.163519197439368
0.134992013082802
0.166347727227968
0.191818866811681
0.148333294090291
0.142818429160077
0.142737862152398
0.155906044689813
0.154300548579378
0.184041882903171
0.186635082899349
0.203826556655061
0.199469507967818
0.187452743994720
0.222796530219336
0.216452358773557
0.240114206027953
0.216756750106634
0.183010163430855
0.230806671465176
0.248661123560561
0.167739371761327
0.188372797302074
0.232109378822885
0.223976735007412
0.198317002463224
0.205152832436871
