0.17
0.171869803966309
0.169054942774444
0.160192751956251
0.191995037906448
0.169637462836165
0.180268935637528
0.160120898816317
0.167614196168608
0.159904216870377
0.150735425411954
0.167793250398703
0.202760415326151
0.193622307668510
0.189905360711151
0.132183503658377
0.165610467463448
0.153352236836494
0.142859480735052
0.137541889279028
0.146806450292152
0.156268542566361
0.135051126163218
0.158380562881307
0.144207728236308
0.122164122673880
0.121106109298375
0.123648890760529
0.120709266167954
0.118574971582369
0.119748849314598
0.116516962920138
0.119040405395000
0.147545825020607
0.158292493865764
0.131781318262037
0.135393797929310
0.148407502741605
0.150454633019845
0.121279708950903
0.115456290364058
0.110982745000832
0.116259150236014
0.104279843435923
0.116205319392291
0.135263369306473
0.142356146816318
0.141769427821600
0.138313196610211
0.134959169554147
