0.17
0.169507575182782
0.161581784938425
0.181905730351149
0.184460318090334
0.174913758422376
0.170099788604014
0.155446026201242
0.168895724381563
0.166830459594701
0.163712646913689
0.169143849318561
0.152606004517975
0.161257543373421
0.190425944427153
0.166481862296829
0.187027334078614
0.178227615190623
0.176739656882085
0.163842243954515
0.171647503509232
0.190209981072821
0.171919922792077
0.182156599507527
0.193056715863573
0.173390595688146
0.172270592352622
0.18198252925933
0.166155485529681
0.209163677094105
0.22501448725747
0.218139393701443
0.186892643867184
0.192080292899569
0.194292337827684
0.184333808774809
0.184838137786773
0.211854560574383
0.210643933289987
0.205194337291052
0.181547697557921
0.19050318402793
0.190468684532527
0.222734489073944
0.222313928405322
0.169055049357415
0.158338421504169
0.189336176972721
0.171780930290713
0.17518459923156
