0.17
0.165596228086649
0.175267508054857
0.169957447331833
0.170189614164095
0.1709878942019
0.166238432275631
0.162300082192525
0.165043968595142
0.163578717765529
0.18734982769724
0.141704793748791
0.133787354370135
0.133030833750031
0.137137610672797
0.128515304793562
0.125299443455692
0.182042482812285
0.150461279002077
0.144806422517505
0.176521577116933
0.136406598700447
0.152802846555275
0.151264120633481
0.117842238323949
0.162422410022604
0.147612770535551
0.139531928174901
0.114202894525853
0.122112269977969
0.116428135738209
0.106839565534697
0.112924911973361
0.149971959536870
0.18990839258515
0.193518249212978
0.195884405016842
0.198137396085395
0.209602670914105
0.173284291007876
0.118658145102464
0.149111655430318
0.154018709615124
0.143372435669994
0.141086290604101
0.124585960869910
0.139915713616965
0.103335159303122
0.100652455633820
0.136829337537549
