0.17
0.173414474854939
0.171670200054408
0.169320134138220
0.157705592402503
0.170195954355751
0.167302034186119
0.166834859405249
0.150404977745615
0.167927063266789
0.168821412004294
0.142558951854462
0.141298847930727
0.165206221058875
0.146909328507720
0.166048150438604
0.139843002163402
0.151763225080529
0.174858344960257
0.184681762611681
0.138175270697520
0.121509753497631
0.158682003751463
0.174813314210092
0.131336006084200
0.158380744010535
0.167500288825268
0.171274342333587
0.169969293438717
0.169722550579799
0.163920617131749
0.150917821463758
0.119031265941050
0.126144903674409
0.122732981555077
0.128117066057203
0.115593135691608
0.123723856233919
0.107330436210164
0.130496321804080
0.13951083532683
0.134969316257135
0.158455036827968
0.165506470569887
0.153413886087361
0.123026618810028
0.131185496327583
0.106708667203486
0.118503866664628
0.111517417379268
