0.17
0.171051489141133
0.169916151698059
0.169558417596624
0.160691353939151
0.174952357259296
0.160107097517368
0.162052880853947
0.169559890329078
0.158217821248922
0.157641903485405
0.154869994428533
0.151632918161635
0.151915217164393
0.144193866399893
0.174669628157016
0.165093578454963
0.146818695689337
0.155979107735995
0.150704705406807
0.159376337347612
0.174626022770466
0.173459887066723
0.167750787398576
0.153908937759003
0.156536626000513
0.133639498302202
0.134637642908113
0.138541613339505
0.155887387664518
0.143289129920691
0.135359743950375
0.144048937385127
0.126297975661200
0.132065901806935
0.132729189016392
0.129190405254476
0.159612664794728
0.162625700175989
0.159395547892888
0.149353877509234
0.144710462717526
0.133463030682295
0.194556187531801
0.193434715397320
0.171304131240227
0.141743895374681
0.184792345342246
0.129586818903754
0.149286330841674
