0.17
0.167853529011141
0.167041392841028
0.149901223335153
0.150790219745469
0.155438528206392
0.154835776027739
0.141336709834754
0.101752313617712
0.092144873273364
0.0752760140307294
0.0639144482128912
0.0631466552330456
0.0747409314070669
0.097900131131118
0.0988704287922937
0.0986615353326451
0.114812156291975
0.112118848252126
0.130712893672722
0.172424875250036
0.154711079417754
0.178242678417043
0.161604231054149
0.159328276209938
0.150905689439494
0.145215615631396
0.177519266795838
0.130709348142288
0.140685341162712
