0.17
0.159037262587894
0.174648860728013
0.148044485874291
0.160991526704179
0.144715920377109
0.150387681378139
0.118629148242753
0.115295173741117
0.116639309209749
0.131929229519234
0.154759114766591
0.109686204674732
0.0957451783661043
0.0838057585495579
0.0912182542267552
0.1061122100726
0.0961930417845899
0.0878260050125613
0.0829128451724196
0.105684219431972
0.100014580708482
0.1198659853477
0.0964963880971146
0.0954650828799758
0.106313448573438
0.104523364680137
0.0932386689305391
0.105957288829847
0.121809184631516
