0.17
0.163043730866026
0.161570050014658
0.161016215721345
0.193971506833708
0.192072987788708
0.143378664474808
0.138688902768129
0.134031822598721
0.209144940433693
0.249206413874491
0.225138415169613
0.22539131076025
0.207432781972906
0.256309426218578
0.255564607409583
0.23736373570454
0.235790610507262
0.294694815290101
0.276595139360882
0.263895205695126
0.264776764207491
0.280360728458679
0.255467289510117
0.251727431312831
0.250067219749873
0.239260421610669
0.201747112627972
0.222905854240855
0.202830898453843
