0.17
0.172660867801903
0.164499550465945
0.154795611803888
0.169988785742448
0.139312560786512
0.170573968390989
0.155004142472307
0.150647388224392
0.151791687365222
0.139573486791940
0.139397293308293
0.137328478660791
0.143691136551276
0.145808408591337
0.148400472048964
0.134570073381139
0.131246936463319
0.130407253851306
0.155172812513055
0.135272035700061
0.139172921988323
0.126796761991728
0.152838230129884
0.143969676174303
0.153285620847995
0.161562783174991
0.143372044118888
0.124017139206411
0.106895427944534
0.104068203553976
0.109023834342920
0.0879019415434497
0.0904275883869695
0.0978303032877538
0.102560450191288
0.106897038953814
0.118115686702472
0.100797147691046
0.0972180264650553
0.0927068654594691
0.106479794866815
0.122578849827729
0.131564947585249
0.128312078801185
0.107836801939405
0.0990811022926808
0.135944295269776
0.118686290324126
0.118348084903771
