0.17
0.187995772804868
0.169181517065037
0.170902585783694
0.185274294324949
0.1835737953354
0.184451047482506
0.189475779996494
0.190406202809708
0.194482105477064
0.197149658821988
0.186949965961854
0.210534420805824
0.215109426830121
0.205005110643325
0.164740898728255
0.186624036752703
0.204154691874321
0.180686945976337
0.133803182570842
0.159355183840549
0.228058282568243
0.230739506802088
0.247377294459557
0.192312063290711
0.18080790492732
0.211643312276657
0.215011484038529
0.207529596472303
0.162086620100523
