0.17
0.171730601224831
0.163001019199636
0.174737108088504
0.173857087752884
0.173840670550779
0.150234725071667
0.159408610254357
0.155978120712064
0.167555515083897
0.156279878547661
0.170107110775219
0.152151925349435
0.164831524348395
0.162336078273792
0.158600473060295
0.147282937021319
0.16515437820913
0.157579912474261
0.188786665698587
0.161426427023830
0.137025372402255
0.124968564434169
0.136347068890844
0.11978530412649
0.117703077107207
0.114535313383470
0.137701571951723
0.156842212293360
0.150979547933398
0.159850634978054
0.142429040628850
0.150155842510142
0.140254208314708
0.137569094996775
0.162126656676280
0.141222630820423
0.156408666973587
0.172141190518656
0.177948134752462
0.151758458738423
0.144442406979689
0.158237795437548
0.161535548449242
0.125980910889921
0.144800678599383
0.160863425957829
0.134283294864921
0.132365301221124
0.118344016925238
