0.17
0.170219168773342
0.168433330604411
0.175947340518926
0.178335470714751
0.157373756558178
0.175734977458723
0.173002516468276
0.163333028393095
0.172234758601740
0.175366484490503
0.156222215217226
0.175752996880195
0.186399733917113
0.181254525375285
0.169523204861267
0.174744258722711
0.159941024274784
0.158421359687307
0.170210430245159
0.164900254094459
0.175797310563201
0.165576183720473
0.190991674429119
0.192727416080111
0.134029580441987
0.145794749246657
0.147528786999173
0.177608809588846
0.172632431640455
0.175600990275467
0.174684217491137
0.164042011320508
0.187466575285224
0.147154658563825
0.201466070418041
0.199360650969965
0.188634323874961
0.167796111710416
0.170207308169664
0.161945464050384
0.162102085894382
0.167074935069278
0.261691893620239
0.231542842362200
0.249554696850877
0.225767630291451
0.207451042606424
0.202267687410804
0.227121586525744
