0.17
0.177387735065405
0.155530256585869
0.116411735290566
0.101525975622406
0.114288710392429
0.0968264733237432
0.0873672897032512
0.112415582949858
0.135947341992844
0.130717424036678
0.112530472433568
0.130396489644939
0.129763781455417
0.0965361094151221
0.0940426833516229
0.113069192495434
0.127107425787471
0.104779174363991
0.112664863571269
0.124771281405578
0.130795717383018
0.12725930350286
0.0872480053815153
0.0855517158021279
0.0876180326977118
0.114238154394089
0.106311528193094
0.102852131812146
0.118950534908479
