0.17
0.161899617486075
0.168031685000163
0.155169928989571
0.164616436832495
0.163107852982625
0.152100586215367
0.166631496977971
0.145599643583645
0.159188246565058
0.151522742226778
0.160830912290410
0.149247149788995
0.163400318426846
0.144950636222737
0.146056365868741
0.163727030119496
0.163514529165828
0.157024695875057
0.146553969328774
0.141722964932814
0.157525742598081
0.126104577655816
0.147492633850468
0.134119447085243
0.118337731428348
0.112038036731309
0.136095496511894
0.110976555496905
0.112841252950210
0.113656388913883
0.134491666621283
0.135029648999453
0.137006595520383
0.115667007639675
0.0963611832595052
0.12179903075743
0.124475711635588
0.151834175939955
0.158519593248667
0.141107526357437
0.146014550217637
0.178122606259000
0.175466880371668
0.146234535304016
0.150831037425024
0.157513044417433
0.144875764789183
0.164658787842636
0.121583042203268
