0.17
0.198669501390018
0.195711342802718
0.195045695479273
0.186113855778018
0.182510333316081
0.209220930063891
0.220195931062661
0.22814254060148
0.229394354934259
0.206549234026565
0.186282565001687
0.184025213683004
0.191090006594935
0.126307238166465
0.0993706236252602
0.0967048072808483
0.104451021227645
0.104632555419412
0.11970141559798
0.122629562679984
0.131809606305501
0.178395860557923
0.163917905369065
0.179775736077559
0.188602991181896
0.16283689299067
0.168129331827194
0.188671260404313
0.138619128339902
