0.17
0.172187904566867
0.171556849853659
0.176608677862567
0.161580155172448
0.165033155598357
0.160207413724498
0.161429067789733
0.158309681693488
0.160151821431334
0.159970867657577
0.183549360256081
0.171072467060966
0.162348550704766
0.160616504169496
0.146790452652289
0.167810928734762
0.162121752787392
0.164050965611728
0.152421157155303
0.135088179944206
0.134740699856597
0.127459303369355
0.120363301212457
0.169908507586089
0.185480890116153
0.188855052624487
0.186082043218218
0.172761577664704
0.166419706418624
0.129587605920213
0.122681955962931
0.148595695380417
0.131239441345902
0.139933198300969
0.145617812665309
0.147154985907300
0.182710575530861
0.209875057867906
0.202293930861608
0.159321318846331
0.153409651786831
0.186359715068012
0.192573198344341
0.216495784507911
0.219932078246868
0.179354959314344
0.146524167117092
0.155582840974560
0.170583251320023
