0.17
0.169217740218544
0.184526273782231
0.176162471759842
0.156750378225212
0.178862809368714
0.185026379247662
0.163644177431758
0.173227243176317
0.167717223309554
0.162673057151438
0.162485921734836
0.123074943029712
0.116218178070550
0.125329467507781
0.129735630477764
0.157403439793921
0.149573448354062
0.123742357794643
0.105163151197802
0.104801442822044
0.124336235013163
0.136328300730295
0.131814982241771
0.130463144653438
0.142467333991708
0.137597241344099
0.126250564705182
0.112265484721999
0.119282262316955
0.102094940491534
0.089131474370834
0.104512157814157
0.101323398950188
0.132279368119806
0.129500707635467
0.189974895274636
0.192789674240988
0.192978078827394
0.196142453249772
0.203497714833912
0.202906672110345
0.172342847953848
0.167973357044272
0.149752396019154
0.164519519130804
0.170869520391733
0.135800188501618
0.125060740075807
0.138243841110303
