0.17
0.168946112926345
0.1546834036413
0.144611486282927
0.15325976675762
0.152350986544166
0.151458877756476
0.143587903759042
0.196807716953377
0.195743026534636
0.142910365313878
0.106346243989073
0.0815301958506325
0.0886725106823614
0.102081065627573
0.102421232318948
0.101548995085222
0.0981194933031431
0.111876017405112
0.114160146120494
0.119228088559706
0.127758610738124
0.126323993835561
0.123720921925206
0.112269197210247
0.124640706368093
0.117406385464129
0.105651699118857
0.116803463168011
0.150503913811897
