0.17
0.170659704509751
0.172097820618928
0.161528397288843
0.165666805630366
0.161953952077434
0.166209387353946
0.164637462995724
0.134960759877656
0.143547107321626
0.152412867758748
0.18345060750321
0.182588379582842
0.193121692477849
0.187031862424685
0.151361802716532
0.163200798026573
0.164485140681612
0.151643972600939
0.156803037269662
0.141015665004328
0.128278588420428
0.127600056888855
0.145439919603722
0.121829298013574
0.127440356930060
0.134538033622744
0.144935420733774
0.143715719439072
0.153151008208882
0.162589755628723
0.17517376578328
0.191355915977931
0.186373916331866
0.185970782399444
0.184902113529961
0.191325451458775
0.156646883635008
0.152553568633593
0.140052060921748
0.147984047020672
0.151402370265264
0.14687405067356
0.149621079208549
0.135962968718255
0.119262153359650
0.154360266616447
0.168085267140324
0.131708622989835
0.183368026706941
