0.17
0.167284620053993
0.167310192014638
0.168203438606179
0.167293807519533
0.170322800585822
0.157389055000636
0.160475318232459
0.163815872776470
0.163335028161663
0.166231355190505
0.158206955052544
0.150488251744045
0.156152758511571
0.162473414987623
0.144501727412881
0.119353606241783
0.123125006325756
0.114436590301957
0.164326588976646
0.152773447505439
0.131727858599981
0.148062307490147
0.139892359897347
0.128362470594109
0.115194117107951
0.103529375223731
0.103342869518204
0.108273763592605
0.148881362084817
0.118856604335526
0.120160824494473
0.124700679977508
0.106225379823306
0.106418927181675
0.150182757203330
0.148515656169789
0.134242455274129
0.123254496093371
0.128351342888232
0.121879364390741
0.105872938204690
0.107506544918457
0.0922697059600071
0.0918402753397441
0.0944242286360974
0.0922802265217463
0.0908797791346145
0.0730016848927186
0.0753301209256299
