0.17
0.16890167899993
0.169709060469317
0.169040841163117
0.166980257103933
0.173358955261003
0.192063124414917
0.18258506430473
0.16607854203755
0.153421182804374
0.170160903899212
0.170312051282499
0.183037735235928
0.190853788092031
0.182406896135175
0.205057041235717
0.201276842320208
0.160341315097120
0.186591517511398
0.173568187737447
0.180545804762732
0.177176216351582
0.176566107864360
0.150927230456193
0.150234667464480
0.136098550195086
0.116095387448736
0.111717056303597
0.126789084160686
0.134788274153226
0.141087405511893
0.16746089244324
0.16082297652203
0.196049330572909
0.174127540810255
0.145962024306891
0.122246704599842
0.159409616450786
0.162967499085193
0.165322989307087
0.170328577325416
0.188996580029444
0.180360158707056
0.180108944125087
0.130988416881062
0.145111746571956
0.147392776725392
0.149816707649524
0.132665748584397
0.154786469931157
