0.17
0.133165461603573
0.135834735317288
0.16194352713364
0.17391400415133
0.172477027967901
0.172576943763218
0.173324836150562
0.173431382072423
0.171657366592851
0.173070159686393
0.164559042680234
0.167719050031869
0.167279871932131
0.140708260423744
0.125295258539688
0.115565028105518
0.136583385852326
0.184015027040173
0.184249379617134
0.167939090687718
0.148799208684281
0.138838124527497
0.129623768203279
0.113830983135063
0.114923241580113
0.0988884040154895
0.0939392900317047
0.0893737713775697
0.0863553465564633
