0.17
0.155865904364723
0.153521999972333
0.163137868197775
0.158747023508371
0.147240942926504
0.15070621751975
0.162751256845116
0.141377444147547
0.145178798066008
0.147205278519469
0.159840231328149
0.140035828717326
0.151657411268048
0.14138944477116
0.170789217968919
0.153259707435336
0.137451731464114
0.132399020191560
0.153881396443931
0.129476132089944
0.13611314411161
0.17515104054037
0.172052057769454
0.150371989844732
0.139256450025559
0.130768356990179
0.110860971828359
0.112787424943214
0.119249846936503
0.0976251283203287
0.0983477440766234
0.10062556051953
0.121463631162774
0.117391925970882
0.127159948790706
0.123836199915911
0.176604751349877
0.176368609767704
0.145986517354560
0.165768136838540
0.180548488826881
0.158497750844510
0.135463779685424
0.162677481797738
0.149074867059269
0.208968425726416
0.240555372605542
0.203136361338291
0.272355905863559
