0.17
0.165721343205058
0.151548510762763
0.128265337571516
0.185556057936563
0.183226269421586
0.18883967303193
0.194064326835016
0.202786567757235
0.155847672982377
0.131388371707156
0.13098534997762
0.160116982465655
0.244098547574708
0.171253135848003
0.219194487471899
0.174168605703026
0.188528407970103
0.174936818076759
0.158066933276132
0.192253237643129
0.202678082807961
0.137903431565548
0.107676623593025
0.144385782916653
0.11241255893729
0.149702241238814
0.132230753890844
0.166794595430667
0.13779403261431
