0.17
0.158850750325067
0.162835968436082
0.164639326123456
0.171679040292258
0.171712667734321
0.152469952658198
0.159103576557927
0.154468748515789
0.168402437405014
0.146505104912346
0.171287321620664
0.164283906782753
0.151809055335894
0.151561198435581
0.137894980261929
0.155261938692636
0.135329611774894
0.137624372330059
0.16247620493904
0.171020937403443
0.154454062356508
0.152559635737371
0.155863393120250
0.140889996211842
0.122578832567999
0.121696246817760
0.121757985925520
0.134094334165163
0.108641041671023
0.109427425534509
0.0969983997883682
0.0993688305784497
0.12723628397659
0.124621924165594
0.140838330536922
0.188078195247541
0.153682902443602
0.161186512260508
0.114055813649128
0.115885462284676
0.133546538317953
0.162888780631175
0.189422644470547
0.172135239438248
0.144181110685465
0.128110389569478
0.148887327593826
0.130611701919309
0.127955852680454
