0.17
0.167911857764609
0.17831687948826
0.171104942007746
0.160244158652787
0.172842661127108
0.166905112336780
0.173470323213703
0.168685103274298
0.143267709628225
0.148240707103245
0.143075156105318
0.182635034261147
0.182126970503569
0.143474718183072
0.138503529817331
0.154546643152916
0.152683573543389
0.162364650028700
0.157244639454330
0.133131814818689
0.154530606741693
0.123802350029821
0.115520734616355
0.162258319317378
0.189529591604222
0.186818344470886
0.186907904347501
0.183534772693922
0.121634145617975
0.116943417461024
0.112955302772614
0.099785598437345
0.109331147691918
0.115659146059351
0.0941496484622826
0.108247095951329
0.129930431725674
0.097683286466424
0.109863310350849
0.133452925031294
0.118010427991962
0.129663112085347
0.113354643129169
0.118848984181499
0.145982384238439
0.148044451997944
0.107954837885441
0.117679811742592
0.100328272930382
