0.17
0.169957347768496
0.165254426772102
0.161811184281095
0.161944512846314
0.168854965158495
0.156025921910920
0.151575182456701
0.167371240691603
0.16786727313322
0.17052004070934
0.146741624515506
0.171008035125845
0.153434118565919
0.153738746020480
0.120837263729535
0.124536619458559
0.134310831076919
0.135454184643422
0.131700296822308
0.119086054409758
0.134278180991751
0.152197023565564
0.161136125575643
0.147149480162242
0.142396607356355
0.133654756608026
0.136915382084588
0.138795240073882
0.137599566666283
0.115125692297428
0.116025772267366
0.112550062273680
0.126892734535154
0.107440160804541
0.117305777585801
0.136678968862463
0.129937128967703
0.123777661120030
0.162775363232312
0.148652203962981
0.138518886006847
0.154655395600421
0.157121639808149
0.188238485309197
0.216969698236457
0.154047910962332
0.141030348404997
0.148780258743362
0.128641032703959
