0.17
0.164419104875603
0.174960744800311
0.169438461398888
0.175688428984005
0.167084122641096
0.173550574221603
0.180452361755373
0.18905563487369
0.182929711861894
0.179485585351906
0.173186646178916
0.177813074491265
0.183297550781220
0.157233922568711
0.153602040483044
0.158077621976017
0.188388549983023
0.189718293444025
0.175605227633699
0.176647037080248
0.160639676841572
0.173616104958046
0.193722799178471
0.203208396440325
0.188447405067422
0.152434422314127
0.175250628875693
0.198055870579481
0.204322166692000
0.187654481649545
0.181138431869036
0.190997322430831
0.178838244689844
0.174144854522817
0.162878261537836
0.184016540126409
0.172814464263164
0.145939076668501
0.137334732364251
0.135326583485748
0.172934568982681
0.208200496604922
0.153988551891083
0.118523016354277
0.112826014954797
0.111830662692207
0.108055811242921
0.108095789127893
0.108705861227333
