0.17
0.171889260269008
0.176495203527413
0.168596992045483
0.166751677956703
0.177202378889494
0.181021612035128
0.181243256326628
0.175722694808747
0.134576689993592
0.131041544363468
0.138716407523277
0.131530843803697
0.140198199557331
0.175805502952825
0.185003420124890
0.170902302059678
0.170567930606052
0.160288651519564
0.153553349431258
0.146039995444778
0.136247720036498
0.146936980273615
0.120242343896036
0.118935156885611
0.136627389075884
0.135429858695277
0.119925656993089
0.130603075383763
0.116325570338746
0.108107988197276
0.109112081069153
0.107145775535633
0.128739605912644
0.118710691884685
0.116023210126447
0.108070399648055
0.104393655088603
0.101560299613398
0.108440027294190
0.115690396889213
0.101962308537052
0.094106355615138
0.0910034989188911
0.0998039250694097
0.131259222125850
0.115054519663061
0.125052200247117
0.114739020910915
0.112741882135755
