0.17
0.167039575307816
0.159861158348882
0.164750856230098
0.169414755018265
0.171121222502846
0.164361771642549
0.154051269103719
0.152095600256477
0.162268121762755
0.138621945702780
0.138099100776804
0.142718040508774
0.156890846591232
0.156857581048209
0.150767643264074
0.149565429471241
0.127399061727033
0.143969575609962
0.139986490620299
0.136519664314977
0.126255232169573
0.130670060193716
0.133868103608485
0.134025841812537
0.151190279617886
0.137195924995732
0.101825751009131
0.124541692175577
0.118404543839410
0.119956172743821
0.130811770196995
0.147230470769343
0.138789425844668
0.147840449686389
0.150580369452845
0.130562130037947
0.138614288272758
0.135872978340962
0.134444250252403
0.131889056702616
0.128996012265496
0.119958517524059
0.124034474594722
0.110556044251978
0.155779685782632
0.146511358763166
0.149607511049407
0.14995181862225
0.148694989300221
