0.17
0.168595142018779
0.13841156048023
0.163486807590366
0.163821432644234
0.154462565621939
0.158742168868796
0.172454358601177
0.172514208029836
0.158550777293501
0.158568010233567
0.167852460635542
0.134435147591696
0.174563361900587
0.168581410551632
0.112240240550774
0.105712800202793
0.0943488708135874
0.100170729447274
0.109626331206955
0.11337215791137
0.10617636589379
0.132176617022008
0.197531922569344
0.161137397939293
0.173166014246663
0.182775453753254
0.206102700020477
0.158974257443823
0.142793068787168
