0.17
0.163159322632232
0.176484405373092
0.192948591136624
0.174201426438752
0.168670280859093
0.170439976778458
0.168050716263533
0.166983756410782
0.173671463531638
0.167221828653747
0.165255396454151
0.147425644272805
0.189825799414858
0.172113187414522
0.171336278182312
0.178379849399122
0.187750046366883
0.163466174290996
0.16842323280958
0.163890445584387
0.169412838907361
0.159870864581536
0.160424551941955
0.152622384259338
0.167797927618695
0.221790316094446
0.223992788793198
0.200968118169677
0.211388662700407
0.236179053487001
0.267946263488559
0.265957416880003
0.265545932296558
0.272137083261399
0.233767349645011
0.247529939493496
0.220960669133427
0.283987291000808
0.30559763550656
0.314626026349175
0.317613283303235
0.328443633689540
0.331637571977719
0.333544803092757
0.295218635201646
0.274504108596241
0.250785898803375
0.268079025934298
0.229513662933730
