0.17
0.170358834655007
0.154031641049134
0.124092502614823
0.11157896896715
0.120170509213938
0.121068426855209
0.102883555706407
0.104798351497277
0.111591378991301
0.106895653160429
0.118059896842853
0.134558868517067
0.121840975763523
0.128060240283145
0.125467042000172
0.156647243308036
0.1328694175889
0.133587464606905
0.152131302683587
0.16985603684574
0.132540167252301
0.128353042848131
0.135066754185417
0.164667525685069
0.14013200880561
0.203715832889713
0.206467618969958
0.206718649418027
0.197676467841658
