0.17
0.165580662316912
0.191485961055159
0.198325250032546
0.198519250539967
0.198820975821487
0.199220518334374
0.192512588200122
0.188029770511932
0.190266217017633
0.187713556869769
0.170685223990192
0.201529138610709
0.227919852370382
0.229361602324553
0.19449157916465
0.153306827520033
0.138181643493296
0.126222146342714
0.124471553359161
0.124364092157897
0.125562701026457
0.111049585866157
0.149883873715219
0.133510285443168
0.136435439505428
0.172532427576915
0.165559650400569
0.143060811125232
0.169566646103283
