0.17
0.16813845995591
0.167625834165667
0.164691806626485
0.130822439806725
0.121946348323567
0.109946576722739
0.123294151610706
0.132620340966867
0.166579410246656
0.175918190242242
0.170323468242929
0.208224736688017
0.21459890144423
0.159583377934531
0.138822541524666
0.179713126668097
0.203287513917444
0.183382476661041
0.190152308697802
0.166229782927375
0.17220292179483
0.169704633457779
0.176440082039463
0.139518067640244
0.12943734055188
0.117359325103859
0.122257887964474
0.134331031427216
0.130174278391053
