0.17
0.165522640481033
0.164742256571180
0.175255854256954
0.169783549557002
0.179205518471405
0.162819257428769
0.163507781110754
0.171558096578451
0.143703408378819
0.148676266229910
0.165203624290991
0.155170289679266
0.135577043025811
0.142264906992304
0.142440165370937
0.155511138462249
0.146916084034779
0.161518624570961
0.170508333686432
0.156483002708125
0.166244491755553
0.141955351934848
0.124530831361263
0.125083512427335
0.121010790310816
0.128487606952514
0.124079181991806
0.117754505125866
0.105143380921370
0.110401762248841
0.109647876020008
0.110048654090730
0.126050196988365
0.128483555467765
0.133013412253317
0.114900046357688
0.160024892569662
0.188715688408361
0.124401478171365
0.108612858994881
0.101795695791368
0.0816907602581753
0.078293179875947
0.0776740657164128
0.0764208123673963
0.0764104297859551
0.0751481167951679
0.0832258184228121
0.0845884999399508
