0.17
0.164362375684853
0.139391215805692
0.137583938001753
0.132638529295117
0.130416549732834
0.129978624262381
0.138733862313237
0.114920808449098
0.103655527409075
0.107912324066419
0.117056212923514
0.140319374394194
0.141633016739664
0.142919463348792
0.142105306380727
0.110135185789241
0.101945540835891
0.0904618309925906
0.11737666342978
0.118080518478511
0.121770930468189
0.0995800108082382
0.101555113078269
0.117438533904496
0.10530307929686
0.120632625712817
0.11118843588419
0.107529816018433
0.106201329200419
