0.17
0.172700514875816
0.174073786458084
0.175784740438601
0.13615244451989
0.191314758904701
0.129762143806114
0.153370527736114
0.140682459021497
0.137737420305966
0.118719702348271
0.136639788310272
0.148619045306582
0.138484991112828
0.117739958399945
0.130021586710387
0.125000638762579
0.119318693021539
0.175749630272234
0.200011811085007
0.159626697869146
0.128171882535324
0.120314141987412
0.160236767490391
0.193056953503877
0.169901744511502
0.132908111720593
0.14757615857464
0.144391670408834
0.150852070654427
