0.17
0.128871314937169
0.12387393871491
0.110690482642106
0.119610657041035
0.121540895855365
0.141087537026821
0.163130335355187
0.159406092022492
0.156661706682494
0.153189370300822
0.116917410390317
0.135239940198356
0.124938734412374
0.139813115747351
0.123576616141773
0.150741270313667
0.131940415230112
0.116392800003951
0.100976098039519
0.0936479951965156
0.116371551131356
0.102964994755207
0.137734537916134
0.14455161175514
0.103918004909475
0.107465702473138
0.0922688538660204
0.0968349238707577
0.0890257813141453
