0.17
0.127506019248686
0.129597201324588
0.124196173881546
0.144368979472008
0.131273860953783
0.136475720573612
0.135994950424454
0.136062241112088
0.138906975154489
0.148394696204095
0.127783322486576
0.125412851405141
0.105536225647743
0.109088732729784
0.10716343622226
0.0908597779176676
0.0931578313200372
0.0855967886284424
0.114178078416707
0.122436735631018
0.151133088496616
0.104720127240232
0.112976644123097
0.135565997046196
0.138713125311043
0.113957978065425
0.141549692537917
0.116291260000082
0.0941146318726224
