0.17
0.145619215074154
0.132356329842343
0.132534330525994
0.141097184732092
0.17058233887941
0.149893765120708
0.149954821065754
0.153509661881652
0.150312222894257
0.150357986780103
0.150178972464504
0.139118425950276
0.144758089115216
0.140275364131184
0.107779666775176
0.105159124698933
0.122264878946339
0.113159834765525
0.134452746925132
0.112540829661013
0.102065655608417
0.100880062397126
0.0948195677099096
0.094544695602634
0.122195651772008
0.102038123169054
0.158382582707591
0.119223981246566
0.121934916506014
