0.17
0.171685647912978
0.173094209781771
0.167105520519434
0.169301567078511
0.167267356101359
0.157646688885417
0.163003972709755
0.160428824279436
0.156905602468363
0.166942781476918
0.160683800691942
0.125916134074625
0.124460596558891
0.130135272540534
0.127718439363713
0.125891054662036
0.121229032815522
0.112632568858549
0.115801495376235
0.129017161485546
0.161689758913694
0.164109441899051
0.165926555167159
0.160379758072232
0.171752556753339
0.139999106164928
0.156432829697099
0.167530514511092
0.126390489192590
0.123765121553788
0.140656725117673
0.143924215143424
0.106370487319496
0.147596003724601
0.148870997925236
0.151696144749357
0.159042197987751
0.148282191561181
0.189077601988971
0.173149786054137
0.130229390508596
0.157083533031407
0.191767142941116
0.194138711242204
0.187191110147610
0.201820998911409
0.203264840154368
0.163930964125708
0.166887483228861
