0.17
0.178260022872662
0.162603905873467
0.173216545525672
0.160489274318198
0.159640615138295
0.16682331414489
0.169578933478672
0.177706437957806
0.143404838304796
0.143680727546136
0.139082685613518
0.153780124555426
0.171535548370742
0.155287131108624
0.144544844446871
0.150110521914956
0.138070427451455
0.145667842981981
0.129273570117877
0.142341226202818
0.149349827442550
0.153772819539487
0.128913779371543
0.177222314159703
0.177277896520532
0.144743921758307
0.131554160086461
0.145540584528439
0.148149296080874
0.147555990219268
0.155030209334954
0.171610902548813
0.181751298075057
0.190188757188633
0.138694265016250
0.0969467009848114
0.098692521533109
0.100718874880658
0.132642807984867
0.159264130656294
0.192486392558838
0.188033197681279
0.171465811644293
0.171285814892617
0.136400903355578
0.118474759408058
0.127570313536874
0.130111383416815
0.136880988646097
