0.17
0.170414580120648
0.172941454209497
0.166548681908332
0.167360787959784
0.161869968788487
0.166159390777444
0.172118309791038
0.168270327257055
0.170016581140757
0.164384257626851
0.154495609440896
0.155046792667943
0.177093350795277
0.153757836954522
0.140503933449119
0.173971657720257
0.189596336192435
0.142812428024575
0.129870558041245
0.148436054384472
0.13996262956072
0.151628007330812
0.151518247612236
0.138745063208109
0.137959571669871
0.147438806544825
0.150910847385039
0.148803797733158
0.174751538604266
0.180638579852063
0.178802471423841
0.184437404495112
0.135587942946363
0.166582805160483
0.129924674271179
0.0990754880131249
0.0828034194537804
0.0810783821933748
0.0794249953382864
0.0974941840377623
0.097650392964586
0.119605050434952
0.155460531403787
0.155132051398428
0.185035599394062
0.190906286661311
0.187888796373364
0.190540194095645
0.176032447046205
