0.17
0.160940200185336
0.132943473427276
0.149594952505975
0.153155452111279
0.155910492582314
0.156145679464267
0.155623960166753
0.154125598322078
0.152247685518788
0.151870602413969
0.154714278628379
0.138562708676138
0.100609999289331
0.0974150772008442
0.0939407214196039
0.0857772040987989
0.0924232915457303
0.115457666420804
0.108339667117476
0.141593122421334
0.188114205932011
0.163094926689171
0.178521905731203
0.202463823376394
0.184775292769271
0.178118261450474
0.21290867047421
0.206186597612957
0.160170549852072
