0.17
0.113296098069067
0.0774586572548377
0.075802295453052
0.0770165953740141
0.0986144465794371
0.103033453241386
0.106203445646168
0.105701181118621
0.105683862206738
0.111032298021927
0.115551561985739
0.12227368842167
0.112982773804072
0.109162266446271
0.133614829988621
0.14061176782022
0.13827380265591
0.147316618604584
0.12103306496465
0.107752900729305
0.0993771797304383
0.101364820535569
0.0807609180123572
0.0940015385542232
0.118349060267519
0.114515657236825
0.116437840734453
0.103783656196771
0.0874427043354443
