0.17
0.16979161602732
0.150554926765372
0.160361431216262
0.163649083448915
0.171528810572425
0.198036445453084
0.194078157060385
0.214413300795215
0.211165012568646
0.203052941421964
0.195823130506174
0.163851343734083
0.187398541858951
0.186446812291916
0.18670212792262
0.169131217301408
0.179964402508524
0.235836150937347
0.203844317738895
0.200442478230906
0.182525116595579
0.198061177601215
0.176755384332662
0.155014279288259
0.163818396061435
0.179427547344575
0.176671299058725
0.180082565998229
0.121844977861479
