0.17
0.169083062247864
0.137773168732547
0.138115746158616
0.164145729515332
0.158016153804141
0.151829713820508
0.192963942651053
0.193614483948156
0.185138662997635
0.198456402695836
0.124910536253415
0.115180362708724
0.12102781688735
0.129420353123141
0.107151998902025
0.113452302756638
0.144346822254768
0.123802302055277
0.155966707102263
0.148599460500631
0.178221987628064
0.115348314619953
0.131535865090779
0.150217902373916
0.190567363830139
0.131771603538082
0.118365595169375
0.157308389746221
0.190342059653288
