0.17
0.154538738361275
0.153101051844973
0.142112921960516
0.142869985718457
0.142519717389215
0.147140787873199
0.100421931371711
0.0964085242866167
0.133031028851618
0.133623760488005
0.128094632378659
0.129835250106131
0.138707067525679
0.13540693128073
0.118047570486087
0.1359425213367
0.143664077287149
0.141690549881746
0.143597649162887
0.141747170477547
0.164393813208065
0.15597846367962
0.122608264601277
0.122690222402941
0.145161279501004
0.109489185104321
0.107839125974478
0.142617017787385
0.108657317628547
