0.17
0.138592695037578
0.139648214835221
0.102386898818047
0.0939992396240845
0.0942880675436225
0.09623720853149
0.100744467611888
0.101887395034443
0.101784308839867
0.101028015240614
0.0987983009464902
0.104654736643744
0.107710879584406
0.10140545839198
0.133482015542738
0.101824613033631
0.108136633539637
0.10206879488716
0.106082849509102
0.105474424577945
0.083912924361902
0.0877142125048163
0.0857406115106056
0.0865024765180125
0.0823443043704019
0.121556001073643
0.125405613686058
0.149242471575323
0.11728390952725
