0.17
0.164341719971898
0.159019121758127
0.161242653319079
0.171903143451546
0.166273374487356
0.226070656717874
0.225651099628071
0.229168311649081
0.236872071509338
0.222485669696415
0.191399532421646
0.190488360963698
0.19013487352863
0.186971322119101
0.221244026409127
0.192834263986712
0.149352546330921
0.151861358069279
0.148727654553298
0.155389398619656
0.158327389312385
0.13400147581729
0.166293404236522
0.16285626705656
0.15478346790113
0.165157718798479
0.123195810316487
0.124920536456373
0.143623902806306
