0.17
0.170201077167490
0.154997147962924
0.149122474917793
0.148373314864252
0.163206676802205
0.183723864174441
0.160586833801513
0.165980463714356
0.159793732980456
0.131502570126972
0.129000488389747
0.154681197369576
0.133682953522067
0.12152070394383
0.158022844342149
0.132647054821136
0.133280620033525
0.134470946002693
0.119150466618015
0.123649323112449
0.126794916386341
0.11541923439236
0.125010725163255
0.109681759820096
0.116674349322598
0.113163571082200
0.0990485401842156
0.108638647513820
0.113586832603408
0.105455948071855
0.114566799959470
0.124586371384199
0.146383022622906
0.155023977581893
0.133290762734228
0.125504612859638
0.119527647793256
0.118223574721794
0.127418721462769
0.108538539530968
0.0939006498920584
0.111571475023143
0.105159651588501
0.135189917762900
0.101994621757591
0.103184630530743
0.0831093139053993
0.0841115607438142
0.0905493650480647
