0.17
0.147380483374616
0.14455760580289
0.138008444590445
0.139499967438158
0.147176195856306
0.14180382189036
0.169293974708909
0.206989960783724
0.214286832950186
0.209849713984842
0.199188251243793
0.198601308891652
0.187475094155485
0.268419824832705
0.210189185773392
0.216582819329907
0.177342407521464
0.1780540385607
0.189613041780666
0.231173167707017
0.27193031462143
0.277095598003375
0.237012128960554
0.260992155305022
0.233445495052234
0.223033443281366
0.227623442813764
0.211110845693658
0.222692021185105
