0.17
0.167967663834876
0.161076935605578
0.163532920771119
0.163054313530385
0.163425787670851
0.161254483094196
0.15986998695588
0.121019549858758
0.0904361155699937
0.0930411665537473
0.135275200690244
0.136652366988942
0.110156635183033
0.113791751384472
0.137371561395374
0.164243976515743
0.162339790873874
0.180450593774993
0.135465049158317
0.147721513785376
0.162251659933187
0.171776244041254
0.193599056361055
0.189634068820257
0.154681752900788
0.1582860358944
0.132777951941794
0.162807380269755
0.147081142155049
