0.17
0.169624498481557
0.121136974863952
0.0995365059030198
0.0795026442865081
0.0718429440794982
0.0750822364312133
0.0922096147466996
0.0929078210798974
0.0917407344957367
0.0903801096328587
0.0950932108341735
0.0974772245278951
0.0923480099895295
0.0914089086491285
0.111496997198796
0.108106931620879
0.0967420185843872
0.106828780599117
0.0897914235811017
0.120842307051533
0.155597636993757
0.151493011855421
0.134592865109077
0.116111156870928
0.159914635344268
0.114227006872711
0.115882391931609
0.116186932736717
0.139002917050214
