0.17
0.17232564691022
0.175007020269312
0.153223379954814
0.159304908468436
0.158393924387321
0.181698485060957
0.176203644978351
0.143698849898309
0.142877249914643
0.168382789779887
0.167260318506408
0.159953601412988
0.166268281096236
0.203794650828411
0.185132767647233
0.169863513875903
0.173676005199113
0.160879125365014
0.139333450172233
0.144451836091958
0.133844104115574
0.140965548827131
0.144478671205653
0.151749953581765
0.186262159925409
0.136757760564892
0.150928728191550
0.123889686159001
0.120941317224790
0.111076755385384
0.144811397454569
0.133358264088989
0.150479063429151
0.143978288823697
0.153588173053122
0.154552791707905
0.142781247725022
0.169275298095795
0.137231821675654
0.165551486031787
0.177958539672989
0.195230795866903
0.194087191363174
0.174275817180454
0.125818592552255
0.136903606636115
0.155169636777888
0.133853872396473
0.129240311599160
