0.17
0.171157519554281
0.170128566408787
0.162107845878345
0.166156342045756
0.150756104638063
0.151813073960438
0.155451219412816
0.154799580928391
0.157492619208553
0.130559981863570
0.138414200957534
0.146541677703015
0.139513267354679
0.149018919726845
0.1533330453076
0.134634566511394
0.143106048913372
0.142729520696708
0.140380851052081
0.125802241254377
0.157164007781535
0.139788852277029
0.119934991419094
0.100525078132013
0.110255477108992
0.119253739430442
0.140455645781762
0.109761470889517
0.111002385382403
0.103153034802262
0.103579893723006
0.106964690804165
0.119671492712736
0.104593262546898
0.097768529617117
0.0962058334574847
0.112919267241356
0.0995537292013604
0.0942707621823576
0.095883044476523
0.151264238033457
0.168105458744755
0.16719787660099
0.139773804981958
0.123426390869469
0.102764404462023
0.0899036249228251
0.111160920373879
0.112151611286307
