0.17
0.174264825490243
0.172649943880507
0.168997833516849
0.161620164058392
0.173334261416194
0.154907219903095
0.173188689161636
0.156678630476784
0.154842955236778
0.159742582068220
0.170702487835537
0.179184275829989
0.160524278030656
0.143531274582224
0.145839909755296
0.142169005095190
0.166350265457208
0.180553256888582
0.167645716197085
0.137722431352348
0.122744679684780
0.133648966389459
0.171165381091156
0.157363165399141
0.133190027953014
0.127632053936243
0.155781250116387
0.152798260211359
0.137698496679437
0.155384861034548
0.190003534780399
0.139974305143901
0.168450827004051
0.136626885073336
0.164822422278832
0.159585894770745
0.142231004924807
0.148029280089036
0.162503956416272
0.164683197718613
0.145560713624128
0.129149972861034
0.138510880970117
0.12818352052435
0.127918381670144
0.119196931158735
0.123189202518052
0.129352728066192
0.137883096585381
