1 1 1
1 1 1
0.679298452364685 0.4591822787045 1.32279645636704
0.679298452364685 0.4591822787045 1.32279645636704
0.679298452364685 0.4591822787045 1.32279645636704
0.679298452364685 0.4591822787045 1.32279645636704
0.679298452364685 0.4591822787045 1.32279645636704
0.679298452364685 0.4591822787045 1.32279645636704
0.679298452364685 0.4591822787045 1.32279645636704
1.05904035111344 1.36631458387525 1.91472122122984
1.05904035111344 1.36631458387525 1.91472122122984
1.05904035111344 1.36631458387525 1.91472122122984
1.05904035111344 1.36631458387525 1.91472122122984
0.76118867848685 1.73402764887057 1.97678291605573
0.451487932040288 0.702194257609389 1.85578339335769
0.433115603994918 0.959705523770071 2.46803384367039
0.433115603994918 0.959705523770071 2.46803384367039
0.501216875438526 0.125085769457431 1.5424040899598
0.501216875438526 0.125085769457431 1.5424040899598
0.501216875438526 0.125085769457431 1.5424040899598
0.53459385714106 -0.0050722551929106 2.10495579288884
0.855986660224267 0.683644745784092 2.15524094522634
0.771221946563919 1.65995622091659 2.21768265619947
1.05368186194687 1.35013915863256 1.83617796083819
0.794565068208207 1.79703241478236 1.57234464220137
0.807380105199575 2.71696174087603 1.76818789344084
0.807380105199575 2.71696174087603 1.76818789344084
0.807380105199575 2.71696174087603 1.76818789344084
0.807380105199575 2.71696174087603 1.76818789344084
0.807380105199575 2.71696174087603 1.76818789344084
