1 1 1
0.440906803521529 0.203903246071471 0.336274584744099
0.440906803521529 0.203903246071471 0.336274584744099
0.440906803521529 0.203903246071471 0.336274584744099
0.440906803521529 0.203903246071471 0.336274584744099
-0.527266380311527 0.896566279258442 0.849086621837874
0.0555686243667594 0.254230912905726 0.762790889146799
0.0555686243667594 0.254230912905726 0.762790889146799
0.0555686243667594 0.254230912905726 0.762790889146799
0.0555686243667594 0.254230912905726 0.762790889146799
0.0555686243667594 0.254230912905726 0.762790889146799
0.0555686243667594 0.254230912905726 0.762790889146799
0.0555686243667594 0.254230912905726 0.762790889146799
-0.309503780825842 0.960660011834662 1.55482670588067
0.647789286594218 0.953906296271238 1.19935044457684
0.647789286594218 0.953906296271238 1.19935044457684
0.647789286594218 0.953906296271238 1.19935044457684
0.647789286594218 0.953906296271238 1.19935044457684
0.647789286594218 0.953906296271238 1.19935044457684
0.647789286594218 0.953906296271238 1.19935044457684
0.647789286594218 0.953906296271238 1.19935044457684
0.450390938838618 1.05768975418497 0.911412414039946
0.450390938838618 1.05768975418497 0.911412414039946
0.450390938838618 1.05768975418497 0.911412414039946
0.450390938838618 1.05768975418497 0.911412414039946
0.450390938838618 1.05768975418497 0.911412414039946
0.450390938838618 1.05768975418497 0.911412414039946
0.450390938838618 1.05768975418497 0.911412414039946
0.450390938838618 1.05768975418497 0.911412414039946
0.450390938838618 1.05768975418497 0.911412414039946
0.450390938838618 1.05768975418497 0.911412414039946
0.410885669069028 0.943067222380374 0.537817765671278
0.410885669069028 0.943067222380374 0.537817765671278
0.553555288688513 1.09165880077182 1.83045301318977
0.553555288688513 1.09165880077182 1.83045301318977
0.553555288688513 1.09165880077182 1.83045301318977
0.553555288688513 1.09165880077182 1.83045301318977
0.0913008385203327 1.24166259966382 1.92535356784963
0.0913008385203327 1.24166259966382 1.92535356784963
0.250071865396211 1.15760074002404 1.61394509705323
0.250071865396211 1.15760074002404 1.61394509705323
0.250071865396211 1.15760074002404 1.61394509705323
0.250071865396211 1.15760074002404 1.61394509705323
0.250071865396211 1.15760074002404 1.61394509705323
0.250071865396211 1.15760074002404 1.61394509705323
0.250071865396211 1.15760074002404 1.61394509705323
0.250071865396211 1.15760074002404 1.61394509705323
0.273079551095630 0.868408883488846 2.23372052881861
0.273079551095630 0.868408883488846 2.23372052881861
0.273079551095630 0.868408883488846 2.23372052881861
