1 1 1
0.702976225027112 0.327324920362726 1.66797247413071
0.702976225027112 0.327324920362726 1.66797247413071
0.702976225027112 0.327324920362726 1.66797247413071
0.702976225027112 0.327324920362726 1.66797247413071
0.565123940974868 0.166319273796328 1.55608797185761
0.565123940974868 0.166319273796328 1.55608797185761
0.565123940974868 0.166319273796328 1.55608797185761
0.565123940974868 0.166319273796328 1.55608797185761
0.565123940974868 0.166319273796328 1.55608797185761
0.565123940974868 0.166319273796328 1.55608797185761
-0.0841602026405298 0.681266301242511 1.36757993145739
0.596501604342498 0.821632208809678 1.62763167231285
0.596501604342498 0.821632208809678 1.62763167231285
0.596501604342498 0.821632208809678 1.62763167231285
0.278096441537009 0.473384032247651 1.69996406593777
0.278096441537009 0.473384032247651 1.69996406593777
0.848073466656216 0.482379349547175 1.77764619339041
0.145399447493488 0.677674201752744 2.08910809183497
0.145399447493488 0.677674201752744 2.08910809183497
0.393939286360848 0.99474709402491 2.37136123468332
0.393939286360848 0.99474709402491 2.37136123468332
0.393939286360848 0.99474709402491 2.37136123468332
0.344049647289487 1.68183872109254 2.67776398036898
0.344049647289487 1.68183872109254 2.67776398036898
0.707378284764874 1.99978197968296 2.09175767952804
0.839831881103993 1.78706902464101 2.15800098883998
0.839831881103993 1.78706902464101 2.15800098883998
0.839831881103993 1.78706902464101 2.15800098883998
0.503168524149999 1.49406022846736 2.42490085858196
0.503168524149999 1.49406022846736 2.42490085858196
0.503168524149999 1.49406022846736 2.42490085858196
0.196780982902411 0.124318835997289 2.45581681993845
0.196780982902411 0.124318835997289 2.45581681993845
0.842413484290646 0.766193177393725 2.58390875510135
0.842413484290646 0.766193177393725 2.58390875510135
0.842413484290646 0.766193177393725 2.58390875510135
0.842413484290646 0.766193177393725 2.58390875510135
-0.0170260464667802 0.730317364029358 2.21099922004749
-0.0170260464667802 0.730317364029358 2.21099922004749
-0.0170260464667802 0.730317364029358 2.21099922004749
-0.0170260464667802 0.730317364029358 2.21099922004749
-0.0170260464667802 0.730317364029358 2.21099922004749
-0.0170260464667802 0.730317364029358 2.21099922004749
-0.0170260464667802 0.730317364029358 2.21099922004749
-0.0170260464667802 0.730317364029358 2.21099922004749
-0.0170260464667802 0.730317364029358 2.21099922004749
-0.0170260464667802 0.730317364029358 2.21099922004749
-0.0170260464667802 0.730317364029358 2.21099922004749
-0.174941918992091 0.984461762674647 2.06939606112021
