1 1 1
1 1 1
1 1 1
1 1 1
1 1 1
1 1 1
1 1 1
1 1 1
1.07684166479199 1.37618903605681 1.32025247632315
1.07684166479199 1.37618903605681 1.32025247632315
1.07684166479199 1.37618903605681 1.32025247632315
1.07684166479199 1.37618903605681 1.32025247632315
0.618138391302255 1.07860484433743 1.10039434727096
-0.0476586973494151 0.603584534090338 0.726982802423015
-0.0476586973494151 0.603584534090338 0.726982802423015
-0.0476586973494151 0.603584534090338 0.726982802423015
-1.59308223645112 1.01285381966485 0.785306923618747
-1.5641459815157 1.12451715114165 0.767785818147727
-1.07112633714718 0.243270996424351 0.720087351024788
-0.678544544862157 0.475366685675363 0.578802463245368
-0.311284201187855 1.66383522292584 1.18214698180707
-0.311284201187855 1.66383522292584 1.18214698180707
-0.311284201187855 1.66383522292584 1.18214698180707
0.399878328983111 1.67635289259552 0.879329395639931
-0.236902281622113 1.61211179075574 0.613303201845851
-0.236902281622113 1.61211179075574 0.613303201845851
-0.236902281622113 1.61211179075574 0.613303201845851
-1.06375389756666 1.82027132721813 0.783186738851586
-1.06375389756666 1.82027132721813 0.783186738851586
-0.916536427084285 1.31319544992746 0.433673702636509
