1 1 1
1 1 1
1 1 1
1 1 1
1 1 1
0.386273731600470 0.556885498171109 0.896931151362626
0.386273731600470 0.556885498171109 0.896931151362626
0.386273731600470 0.556885498171109 0.896931151362626
0.583480452413104 0.835643622620495 1.88976548315131
0.583480452413104 0.835643622620495 1.88976548315131
0.46950789151704 0.819019450357009 1.68274842983682
0.46950789151704 0.819019450357009 1.68274842983682
0.46950789151704 0.819019450357009 1.68274842983682
0.46950789151704 0.819019450357009 1.68274842983682
0.46950789151704 0.819019450357009 1.68274842983682
0.46950789151704 0.819019450357009 1.68274842983682
1.11199417195583 0.732295282600228 1.90599909270493
0.0467754045046085 1.15281655003669 1.32137416963197
0.166062424746236 0.983854155328954 1.12124556563403
0.166062424746236 0.983854155328954 1.12124556563403
0.106929338951432 1.33427938402551 1.68626425266363
0.681811988458681 1.52839019885265 1.21960349739160
0.681811988458681 1.52839019885265 1.21960349739160
0.530558617691603 1.03408524768725 1.49030105033613
0.530558617691603 1.03408524768725 1.49030105033613
0.530558617691603 1.03408524768725 1.49030105033613
0.228892938537771 0.897449070671858 1.45220358563978
0.228892938537771 0.897449070671858 1.45220358563978
-0.492269519445424 0.767166418513979 1.73094744105535
-0.492269519445424 0.767166418513979 1.73094744105535
-0.492269519445424 0.767166418513979 1.73094744105535
-0.492269519445424 0.767166418513979 1.73094744105535
-0.492269519445424 0.767166418513979 1.73094744105535
-0.492269519445424 0.767166418513979 1.73094744105535
0.338056870949408 0.398559566874302 1.43857456434668
-0.115228986759214 0.169059529410562 2.24176049567699
-0.115228986759214 0.169059529410562 2.24176049567699
-0.115228986759214 0.169059529410562 2.24176049567699
-0.115228986759214 0.169059529410562 2.24176049567699
-0.00413339476239705 0.0160195707941977 1.72385105983222
-0.00413339476239705 0.0160195707941977 1.72385105983222
-0.00413339476239705 0.0160195707941977 1.72385105983222
0.127720897556638 0.474887397788667 1.37221994941442
0.127720897556638 0.474887397788667 1.37221994941442
0.127720897556638 0.474887397788667 1.37221994941442
0.127720897556638 0.474887397788667 1.37221994941442
0.127720897556638 0.474887397788667 1.37221994941442
0.127720897556638 0.474887397788667 1.37221994941442
0.127720897556638 0.474887397788667 1.37221994941442
0.44701900276531 0.530335390412971 2.03315183884876
