1 1 1
1 1 1
1 1 1
1.71938903249737 0.521852976974693 1.19232757621894
1.71938903249737 0.521852976974693 1.19232757621894
1.71938903249737 0.521852976974693 1.19232757621894
1.71938903249737 0.521852976974693 1.19232757621894
1.71938903249737 0.521852976974693 1.19232757621894
1.71938903249737 0.521852976974693 1.19232757621894
1.71938903249737 0.521852976974693 1.19232757621894
1.30685818754637 1.07177333965062 1.80536697183669
0.207122337108588 1.28122477171768 1.08578919502506
0.418382362441975 0.887690751364461 0.690897776815908
0.418382362441975 0.887690751364461 0.690897776815908
1.12980873744353 1.67508338887399 1.30764157822663
1.09496119512046 1.23050247837604 2.04231930351774
0.521290575271879 0.890486431193563 2.42623345638999
0.521290575271879 0.890486431193563 2.42623345638999
-0.753951746355423 0.387856466801948 1.11245737752854
-0.753951746355423 0.387856466801948 1.11245737752854
0.452623815109168 0.746942662896467 1.59532721593236
0.443956706544652 1.24187931327833 1.79447097410386
1.12385849805278 0.5100557159889 1.75934901801812
1.12385849805278 0.5100557159889 1.75934901801812
1.12385849805278 0.5100557159889 1.75934901801812
1.12385849805278 0.5100557159889 1.75934901801812
0.393623354227365 0.918063318320819 2.36724050145199
0.102943532898848 0.627083732353332 1.82748313479518
0.102943532898848 0.627083732353332 1.82748313479518
0.102943532898848 0.627083732353332 1.82748313479518
