1 1 1
-0.207341778740620 1.14971596680871 0.349319563531592
-0.207341778740620 1.14971596680871 0.349319563531592
-0.207341778740620 1.14971596680871 0.349319563531592
-0.227202015921408 0.450370083027616 0.326967948923935
0.377678170183973 1.04406186785901 -0.0229536831057015
0.377678170183973 1.04406186785901 -0.0229536831057015
0.377678170183973 1.04406186785901 -0.0229536831057015
0.377678170183973 1.04406186785901 -0.0229536831057015
0.377678170183973 1.04406186785901 -0.0229536831057015
0.377678170183973 1.04406186785901 -0.0229536831057015
0.377678170183973 1.04406186785901 -0.0229536831057015
0.377678170183973 1.04406186785901 -0.0229536831057015
0.377678170183973 1.04406186785901 -0.0229536831057015
0.377678170183973 1.04406186785901 -0.0229536831057015
1.16609586341720 -0.0735953936446461 1.28692099815279
1.16609586341720 -0.0735953936446461 1.28692099815279
1.16609586341720 -0.0735953936446461 1.28692099815279
1.16609586341720 -0.0735953936446461 1.28692099815279
1.16609586341720 -0.0735953936446461 1.28692099815279
1.20448694174144 1.83464106042792 0.869540737719127
1.20448694174144 1.83464106042792 0.869540737719127
1.47886678020715 0.0283311569696776 0.940086769419155
1.47886678020715 0.0283311569696776 0.940086769419155
1.47886678020715 0.0283311569696776 0.940086769419155
1.33185283012132 0.360470555721427 2.24147667271014
1.33185283012132 0.360470555721427 2.24147667271014
1.33185283012132 0.360470555721427 2.24147667271014
1.33185283012132 0.360470555721427 2.24147667271014
1.33185283012132 0.360470555721427 2.24147667271014
1.33185283012132 0.360470555721427 2.24147667271014
0.302157817656262 0.140370126360246 2.68394628954602
0.302157817656262 0.140370126360246 2.68394628954602
0.302157817656262 0.140370126360246 2.68394628954602
0.302157817656262 0.140370126360246 2.68394628954602
0.302157817656262 0.140370126360246 2.68394628954602
0.302157817656262 0.140370126360246 2.68394628954602
0.0362078359449229 0.00498118015079571 1.47797273680436
0.0362078359449229 0.00498118015079571 1.47797273680436
0.0362078359449229 0.00498118015079571 1.47797273680436
0.0362078359449229 0.00498118015079571 1.47797273680436
0.0362078359449229 0.00498118015079571 1.47797273680436
0.0362078359449229 0.00498118015079571 1.47797273680436
0.169918620282761 0.624422912009235 1.62587530272816
0.445003491463053 0.320628261061658 1.82504790525903
0.445003491463053 0.320628261061658 1.82504790525903
0.445003491463053 0.320628261061658 1.82504790525903
0.445003491463053 0.320628261061658 1.82504790525903
0.445003491463053 0.320628261061658 1.82504790525903
0.445003491463053 0.320628261061658 1.82504790525903
