1 1 1
1 1 1
1 1 1
0.929156173940449 1.15721404667761 0.860929353113767
0.929156173940449 1.15721404667761 0.860929353113767
0.929156173940449 1.15721404667761 0.860929353113767
0.833694886093872 1.02289980319134 0.450951466257045
-0.0656987355980373 1.0432235229494 2.37193902419775
-0.0656987355980373 1.0432235229494 2.37193902419775
-0.0656987355980373 1.0432235229494 2.37193902419775
-0.44538718061418 1.14783822397053 1.80844727698003
-0.44538718061418 1.14783822397053 1.80844727698003
-0.44538718061418 1.14783822397053 1.80844727698003
-0.44538718061418 1.14783822397053 1.80844727698003
-0.44538718061418 1.14783822397053 1.80844727698003
-0.44538718061418 1.14783822397053 1.80844727698003
0.00959652404011974 1.50594348506643 1.99488861219527
0.945526567719071 1.87399040499199 2.11519306809028
0.823015370650072 3.39738092310281 1.4545180107171
0.823015370650072 3.39738092310281 1.4545180107171
0.823015370650072 3.39738092310281 1.4545180107171
0.823015370650072 3.39738092310281 1.4545180107171
0.728406485217074 0.726156510064773 1.79677149355689
0.728406485217074 0.726156510064773 1.79677149355689
0.158722005855938 -0.00398887636081191 2.41840211168277
0.103249049012962 0.213520697850115 2.32769225769615
0.103249049012962 0.213520697850115 2.32769225769615
0.713641553328362 0.0243809722309682 2.48386639874001
0.366877965308014 1.6326810333723 2.95329642512477
0.872526002746866 1.32647343694281 2.59346850576647
