1 1 1
0.990789767455598 0.266555784198369 1.17194591513368
0.990789767455598 0.266555784198369 1.17194591513368
1.49225272855944 0.749992993274315 1.81502489828896
1.49225272855944 0.749992993274315 1.81502489828896
1.49225272855944 0.749992993274315 1.81502489828896
1.49225272855944 0.749992993274315 1.81502489828896
1.18071493885065 1.15054472662711 1.16233942176766
1.18071493885065 1.15054472662711 1.16233942176766
1.18071493885065 1.15054472662711 1.16233942176766
1.18071493885065 1.15054472662711 1.16233942176766
1.18071493885065 1.15054472662711 1.16233942176766
1.18071493885065 1.15054472662711 1.16233942176766
2.24217099692658 1.82558300936569 2.48202748993836
2.24217099692658 1.82558300936569 2.48202748993836
2.9433521638412 2.99005890129125 1.98072912714166
2.9433521638412 2.99005890129125 1.98072912714166
1.98661995353535 3.40736932452387 2.05678510185845
1.0541270468943 3.5139245752862 2.7045845557318
1.0541270468943 3.5139245752862 2.7045845557318
1.0541270468943 3.5139245752862 2.7045845557318
1.0541270468943 3.5139245752862 2.7045845557318
0.750124538166961 3.35911799478152 2.2141550136475
0.519134467024763 3.00574231765497 1.61466110101778
0.519134467024763 3.00574231765497 1.61466110101778
0.519134467024763 3.00574231765497 1.61466110101778
0.519134467024763 3.00574231765497 1.61466110101778
0.696512213475598 1.98702705132049 1.65331114645447
0.458135911393589 1.61118447083581 1.76762363425003
-0.582755749798648 1.99649568465323 1.11595926009858
