1 1 1
1 1 1
1 1 1
1 1 1
1.93038940138075 1.09887629592575 1.33073412881821
1.93038940138075 1.09887629592575 1.33073412881821
1.93038940138075 1.09887629592575 1.33073412881821
1.93038940138075 1.09887629592575 1.33073412881821
1.80193533814815 0.60924467135661 1.00110509491164
1.80193533814815 0.60924467135661 1.00110509491164
1.92590738037475 1.18357501720947 0.452465670872545
1.92590738037475 1.18357501720947 0.452465670872545
1.92590738037475 1.18357501720947 0.452465670872545
1.92590738037475 1.18357501720947 0.452465670872545
2.83366983244975 2.28790870743685 1.90933627518203
2.83366983244975 2.28790870743685 1.90933627518203
2.83366983244975 2.28790870743685 1.90933627518203
1.83735831784018 1.41381844440827 1.15095529053314
1.83735831784018 1.41381844440827 1.15095529053314
1.83735831784018 1.41381844440827 1.15095529053314
1.83735831784018 1.41381844440827 1.15095529053314
1.70084931821977 1.27108151756496 0.697468181873008
1.70084931821977 1.27108151756496 0.697468181873008
1.70084931821977 1.27108151756496 0.697468181873008
1.7592186615944 1.17092010276521 0.939085022916962
1.7592186615944 1.17092010276521 0.939085022916962
1.46847546068485 1.96651067855815 0.844573469335877
1.90982366018326 2.03242521894653 1.50346298147706
2.1108913698812 2.83042090029979 1.69446378818362
1.10341170861085 1.34871498021283 1.66942451568801
