1 1 1
1 1 1
0.607356392502157 0.801653467366181 1.39655356924492
0.607356392502157 0.801653467366181 1.39655356924492
0.607356392502157 0.801653467366181 1.39655356924492
0.607356392502157 0.801653467366181 1.39655356924492
0.607356392502157 0.801653467366181 1.39655356924492
0.607356392502157 0.801653467366181 1.39655356924492
0.607356392502157 0.801653467366181 1.39655356924492
0.607356392502157 0.801653467366181 1.39655356924492
0.607356392502157 0.801653467366181 1.39655356924492
0.607356392502157 0.801653467366181 1.39655356924492
0.607356392502157 0.801653467366181 1.39655356924492
-0.223083033320670 1.24729031308809 1.76112918021825
0.0582546081642236 0.609929617265538 1.25618825290976
0.98323622837424 -0.0071333384431519 1.93993801668684
0.98323622837424 -0.0071333384431519 1.93993801668684
0.98323622837424 -0.0071333384431519 1.93993801668684
1.26598650910759 0.4222171837307 2.03339053325635
1.26598650910759 0.4222171837307 2.03339053325635
1.26598650910759 0.4222171837307 2.03339053325635
1.26598650910759 0.4222171837307 2.03339053325635
1.26598650910759 0.4222171837307 2.03339053325635
1.26598650910759 0.4222171837307 2.03339053325635
1.26598650910759 0.4222171837307 2.03339053325635
1.26598650910759 0.4222171837307 2.03339053325635
1.07200749576480 0.281322972859127 2.59090127357226
1.07200749576480 0.281322972859127 2.59090127357226
1.78149165778819 0.55578556321364 2.24282897462233
1.78149165778819 0.55578556321364 2.24282897462233
1.78149165778819 0.55578556321364 2.24282897462233
1.78149165778819 0.55578556321364 2.24282897462233
1.78149165778819 0.55578556321364 2.24282897462233
1.78149165778819 0.55578556321364 2.24282897462233
1.27040495577876 0.565891544323007 2.05740662935416
1.71188369529304 0.60331401177102 1.81492278344462
0.918921172079211 1.47146542138630 2.46377943827867
0.918921172079211 1.47146542138630 2.46377943827867
0.918921172079211 1.47146542138630 2.46377943827867
0.918921172079211 1.47146542138630 2.46377943827867
0.918921172079211 1.47146542138630 2.46377943827867
0.918921172079211 1.47146542138630 2.46377943827867
1.50272768607536 0.117882323003213 1.53042085191550
1.12672313064106 0.989000841997908 1.16734628203650
0.871581256719668 0.626518479813894 0.986345213677941
0.871581256719668 0.626518479813894 0.986345213677941
-0.311418541923998 0.982419654455398 2.13612701668461
-0.311418541923998 0.982419654455398 2.13612701668461
-0.311418541923998 0.982419654455398 2.13612701668461
0.466101487499904 0.604418932439331 2.09094409613298
