1 1 1
1 1 1
1.30653685931486 0.63576750302219 1.51191358152327
1.30653685931486 0.63576750302219 1.51191358152327
1.30653685931486 0.63576750302219 1.51191358152327
1.30653685931486 0.63576750302219 1.51191358152327
1.30653685931486 0.63576750302219 1.51191358152327
1.30653685931486 0.63576750302219 1.51191358152327
1.30653685931486 0.63576750302219 1.51191358152327
1.30653685931486 0.63576750302219 1.51191358152327
0.660442980912303 0.150078199955974 1.07393493321442
0.660442980912303 0.150078199955974 1.07393493321442
0.660442980912303 0.150078199955974 1.07393493321442
0.660442980912303 0.150078199955974 1.07393493321442
0.660442980912303 0.150078199955974 1.07393493321442
0.660442980912303 0.150078199955974 1.07393493321442
0.660442980912303 0.150078199955974 1.07393493321442
0.660442980912303 0.150078199955974 1.07393493321442
1.30882376710654 0.53485065418009 1.14411418474938
0.886076795643312 0.0437196102835039 1.69613957421267
0.886076795643312 0.0437196102835039 1.69613957421267
1.21691495021867 0.0446197439086037 1.41958586196974
0.477454877989765 0.204023389831497 1.30953593986984
0.477454877989765 0.204023389831497 1.30953593986984
0.477454877989765 0.204023389831497 1.30953593986984
0.450220501236707 -0.021217650519624 2.60539638184908
0.450220501236707 -0.021217650519624 2.60539638184908
0.450220501236707 -0.021217650519624 2.60539638184908
0.450220501236707 -0.021217650519624 2.60539638184908
0.450220501236707 -0.021217650519624 2.60539638184908
0.450220501236707 -0.021217650519624 2.60539638184908
1.23546143301424 0.737837549983257 0.00752867326257833
1.23546143301424 0.737837549983257 0.00752867326257833
1.057510997952 0.278354404700284 0.730219141767606
1.057510997952 0.278354404700284 0.730219141767606
1.057510997952 0.278354404700284 0.730219141767606
1.057510997952 0.278354404700284 0.730219141767606
1.057510997952 0.278354404700284 0.730219141767606
1.057510997952 0.278354404700284 0.730219141767606
1.057510997952 0.278354404700284 0.730219141767606
0.473082714540338 0.322820784053414 1.21260949569353
0.473082714540338 0.322820784053414 1.21260949569353
0.473082714540338 0.322820784053414 1.21260949569353
0.473082714540338 0.322820784053414 1.21260949569353
0.473082714540338 0.322820784053414 1.21260949569353
0.473082714540338 0.322820784053414 1.21260949569353
0.473082714540338 0.322820784053414 1.21260949569353
0.943566181688834 0.654886062387046 1.69739554410477
0.943566181688834 0.654886062387046 1.69739554410477
0.943566181688834 0.654886062387046 1.69739554410477
