1 1 1
1 1 1
1.77443069010478 1.13862417026389 1.02903300290019
1.77443069010478 1.13862417026389 1.02903300290019
0.984675746914658 0.845639183324886 1.68407307420404
0.984675746914658 0.845639183324886 1.68407307420404
0.916058864289336 0.689851999235838 1.5826094703971
0.916058864289336 0.689851999235838 1.5826094703971
0.916058864289336 0.689851999235838 1.5826094703971
1.17702370036995 0.99502930893261 1.53119255191180
1.17702370036995 0.99502930893261 1.53119255191180
1.17702370036995 0.99502930893261 1.53119255191180
1.17702370036995 0.99502930893261 1.53119255191180
1.17702370036995 0.99502930893261 1.53119255191180
1.17702370036995 0.99502930893261 1.53119255191180
1.97795039972191 1.00745144409645 0.82247103910914
0.828392543771125 0.962067453696795 0.517975724689023
0.828392543771125 0.962067453696795 0.517975724689023
0.828392543771125 0.962067453696795 0.517975724689023
1.58388882956047 0.863620733637247 0.598528689708097
1.66082920846186 0.71761690833651 1.30388998974145
1.66082920846186 0.71761690833651 1.30388998974145
1.24481396136071 0.334356485181437 1.74130411407778
1.24481396136071 0.334356485181437 1.74130411407778
1.24481396136071 0.334356485181437 1.74130411407778
1.24481396136071 0.334356485181437 1.74130411407778
0.854483304457973 0.351767233000661 0.822331120777921
1.58119564956635 0.626619076495236 1.39697966344678
1.58119564956635 0.626619076495236 1.39697966344678
1.58119564956635 0.626619076495236 1.39697966344678
1.58119564956635 0.626619076495236 1.39697966344678
1.58119564956635 0.626619076495236 1.39697966344678
1.58119564956635 0.626619076495236 1.39697966344678
1.58119564956635 0.626619076495236 1.39697966344678
1.58119564956635 0.626619076495236 1.39697966344678
1.58119564956635 0.626619076495236 1.39697966344678
1.58119564956635 0.626619076495236 1.39697966344678
1.58119564956635 0.626619076495236 1.39697966344678
1.58119564956635 0.626619076495236 1.39697966344678
1.58119564956635 0.626619076495236 1.39697966344678
1.20800784864574 0.848689890416907 1.21248087775155
1.20800784864574 0.848689890416907 1.21248087775155
1.20800784864574 0.848689890416907 1.21248087775155
1.20800784864574 0.848689890416907 1.21248087775155
1.20800784864574 0.848689890416907 1.21248087775155
1.20800784864574 0.848689890416907 1.21248087775155
0.560665198476838 0.586396607679328 0.711741433165904
0.560665198476838 0.586396607679328 0.711741433165904
0.560665198476838 0.586396607679328 0.711741433165904
0.560665198476838 0.586396607679328 0.711741433165904
