1 1 1
1 1 1
1 1 1
1 1 1
1 1 1
1 1 1
1 1 1
1 1 1
1 1 1
1 1 1
1 1 1
-0.569405309318128 1.02250156992467 0.354161141782031
-3.44661389560502 1.45816763358249 -0.171124289665473
-3.44661389560502 1.45816763358249 -0.171124289665473
-3.44661389560502 1.45816763358249 -0.171124289665473
-1.05064278745088 -0.154068644075122 0.446130066372937
-1.05064278745088 -0.154068644075122 0.446130066372937
-2.33146937612032 -0.0901729852799874 0.854968075970885
-2.33146937612032 -0.0901729852799874 0.854968075970885
-2.33146937612032 -0.0901729852799874 0.854968075970885
-2.33146937612032 -0.0901729852799874 0.854968075970885
-2.81568197779528 0.750033290104539 1.38554624590736
-2.98951330745765 0.610916227987645 1.0205454186786
-2.98951330745765 0.610916227987645 1.0205454186786
-2.26131141750261 0.0425777401432913 2.05296200829921
-2.26131141750261 0.0425777401432913 2.05296200829921
-2.27019068542654 0.552855011302502 2.45429419499529
-2.27019068542654 0.552855011302502 2.45429419499529
-2.27019068542654 0.552855011302502 2.45429419499529
-2.27019068542654 0.552855011302502 2.45429419499529
