1 1 1
1.11162997788117 1.84205342055001 1.61268882888664
1.45461030458021 1.10756454010381 1.37865917885026
0.364029614223537 0.412143961935416 0.572208907226534
0.364029614223537 0.412143961935416 0.572208907226534
-0.00413889767838188 0.797779329287167 0.96307933021181
-0.00413889767838188 0.797779329287167 0.96307933021181
-0.00413889767838188 0.797779329287167 0.96307933021181
-0.00413889767838188 0.797779329287167 0.96307933021181
1.41040850634717 0.523056753946433 1.48886382228660
1.41040850634717 0.523056753946433 1.48886382228660
1.41040850634717 0.523056753946433 1.48886382228660
1.41040850634717 0.523056753946433 1.48886382228660
1.46308027377455 0.280547402312027 1.94764322669253
1.46308027377455 0.280547402312027 1.94764322669253
1.46308027377455 0.280547402312027 1.94764322669253
0.445297558474948 0.618328681287138 1.52132637898269
0.445297558474948 0.618328681287138 1.52132637898269
0.445297558474948 0.618328681287138 1.52132637898269
0.445297558474948 0.618328681287138 1.52132637898269
0.445297558474948 0.618328681287138 1.52132637898269
0.445297558474948 0.618328681287138 1.52132637898269
0.445297558474948 0.618328681287138 1.52132637898269
0.445297558474948 0.618328681287138 1.52132637898269
-0.121530852322217 1.30561453223488 1.45518898545563
-0.121530852322217 1.30561453223488 1.45518898545563
-0.121530852322217 1.30561453223488 1.45518898545563
0.336453890500975 1.48036170156332 1.50940789696057
0.336453890500975 1.48036170156332 1.50940789696057
0.336453890500975 1.48036170156332 1.50940789696057
0.336453890500975 1.48036170156332 1.50940789696057
0.459588912240379 1.90671311709663 1.40746482882373
1.13931851735430 1.14939904569755 1.61924802578731
1.13931851735430 1.14939904569755 1.61924802578731
1.09959286987890 0.203728571315723 1.4728403126291
1.09959286987890 0.203728571315723 1.4728403126291
1.08772054044236 0.305491963817685 1.33280925159291
1.08772054044236 0.305491963817685 1.33280925159291
1.08772054044236 0.305491963817685 1.33280925159291
0.491771319539707 -0.525177355009547 0.873963555618924
0.491771319539707 -0.525177355009547 0.873963555618924
-0.130630316992246 0.320451118515529 1.60751961947408
0.943120703863657 0.955188194692872 2.06517404749589
0.943120703863657 0.955188194692872 2.06517404749589
0.943120703863657 0.955188194692872 2.06517404749589
0.943120703863657 0.955188194692872 2.06517404749589
0.943120703863657 0.955188194692872 2.06517404749589
0.943120703863657 0.955188194692872 2.06517404749589
0.943120703863657 0.955188194692872 2.06517404749589
0.943120703863657 0.955188194692872 2.06517404749589
