1 1 1
-0.38711474521872 0.617344512944161 0.468675715986786
-0.38711474521872 0.617344512944161 0.468675715986786
-0.0113239411364345 1.51676379087944 0.824323879361377
-0.0113239411364345 1.51676379087944 0.824323879361377
-0.0113239411364345 1.51676379087944 0.824323879361377
-0.0113239411364345 1.51676379087944 0.824323879361377
-0.0113239411364345 1.51676379087944 0.824323879361377
-0.0979310271313541 0.64940997086861 0.52625882079575
-0.0979310271313541 0.64940997086861 0.52625882079575
-0.0979310271313541 0.64940997086861 0.52625882079575
0.165745462104273 -0.150054475412831 0.391113601012127
0.118467765060990 -0.548525137054277 0.824545482340935
0.157674098380722 1.25987037086994 1.41748184761647
-0.137832025698897 0.794795720312631 0.950686132125842
-0.137832025698897 0.794795720312631 0.950686132125842
-0.137832025698897 0.794795720312631 0.950686132125842
-0.137832025698897 0.794795720312631 0.950686132125842
-0.137832025698897 0.794795720312631 0.950686132125842
-0.137832025698897 0.794795720312631 0.950686132125842
-0.137832025698897 0.794795720312631 0.950686132125842
-0.137832025698897 0.794795720312631 0.950686132125842
-0.137832025698897 0.794795720312631 0.950686132125842
-0.137832025698897 0.794795720312631 0.950686132125842
-0.137832025698897 0.794795720312631 0.950686132125842
-0.829644863634682 0.759030684174134 0.795816191916704
-0.442253211944277 -0.174239491325923 0.248647816559436
-0.442253211944277 -0.174239491325923 0.248647816559436
0.148821851960452 0.135305063240338 0.355044715749639
0.148821851960452 0.135305063240338 0.355044715749639
0.148821851960452 0.135305063240338 0.355044715749639
-0.160812220223532 0.619998946481173 0.622365367845862
-0.160812220223532 0.619998946481173 0.622365367845862
0.332466032901037 0.473435064376714 -0.259807969096807
0.332466032901037 0.473435064376714 -0.259807969096807
0.332466032901037 0.473435064376714 -0.259807969096807
0.332466032901037 0.473435064376714 -0.259807969096807
0.332466032901037 0.473435064376714 -0.259807969096807
0.332466032901037 0.473435064376714 -0.259807969096807
0.847736425010793 0.402092682595719 -0.0422023971111997
1.24088353584713 0.909766648298937 0.26571757615162
0.473568096240841 0.205934405884106 -0.133124726847362
0.473568096240841 0.205934405884106 -0.133124726847362
0.473568096240841 0.205934405884106 -0.133124726847362
0.473568096240841 0.205934405884106 -0.133124726847362
0.473568096240841 0.205934405884106 -0.133124726847362
0.473568096240841 0.205934405884106 -0.133124726847362
0.473568096240841 0.205934405884106 -0.133124726847362
0.473568096240841 0.205934405884106 -0.133124726847362
0.473568096240841 0.205934405884106 -0.133124726847362
