1 1 1
1 1 1
1 1 1
1 1 1
1 1 1
1 1 1
1 1 1
0.439838795803104 0.89119179129162 1.04114652427943
0.439838795803104 0.89119179129162 1.04114652427943
0.439838795803104 0.89119179129162 1.04114652427943
0.439838795803104 0.89119179129162 1.04114652427943
0.439838795803104 0.89119179129162 1.04114652427943
0.439838795803104 0.89119179129162 1.04114652427943
0.439838795803104 0.89119179129162 1.04114652427943
0.680048948588233 0.363959505941414 1.57710909915354
0.680048948588233 0.363959505941414 1.57710909915354
0.680048948588233 0.363959505941414 1.57710909915354
0.332267517773938 0.573357837462405 1.54177919691844
0.154485201995856 0.569333603202916 1.49636930328184
0.154485201995856 0.569333603202916 1.49636930328184
0.154485201995856 0.569333603202916 1.49636930328184
0.154485201995856 0.569333603202916 1.49636930328184
0.154485201995856 0.569333603202916 1.49636930328184
0.154485201995856 0.569333603202916 1.49636930328184
0.154485201995856 0.569333603202916 1.49636930328184
0.154485201995856 0.569333603202916 1.49636930328184
0.154485201995856 0.569333603202916 1.49636930328184
0.154485201995856 0.569333603202916 1.49636930328184
0.154485201995856 0.569333603202916 1.49636930328184
0.154485201995856 0.569333603202916 1.49636930328184
0.154485201995856 0.569333603202916 1.49636930328184
0.154485201995856 0.569333603202916 1.49636930328184
0.154485201995856 0.569333603202916 1.49636930328184
0.154485201995856 0.569333603202916 1.49636930328184
0.154485201995856 0.569333603202916 1.49636930328184
0.154485201995856 0.569333603202916 1.49636930328184
0.154485201995856 0.569333603202916 1.49636930328184
0.154485201995856 0.569333603202916 1.49636930328184
0.154485201995856 0.569333603202916 1.49636930328184
0.154485201995856 0.569333603202916 1.49636930328184
0.154485201995856 0.569333603202916 1.49636930328184
0.154485201995856 0.569333603202916 1.49636930328184
0.154485201995856 0.569333603202916 1.49636930328184
0.154485201995856 0.569333603202916 1.49636930328184
0.154485201995856 0.569333603202916 1.49636930328184
0.154485201995856 0.569333603202916 1.49636930328184
0.154485201995856 0.569333603202916 1.49636930328184
0.802158335991619 0.36068737436423 2.11319013842842
0.898751718323069 0.00628565789266011 2.40605514704724
0.898751718323069 0.00628565789266011 2.40605514704724
