1 1 1
0.529634494354138 1.46355310670178 1.5433973010295
0.529634494354138 1.46355310670178 1.5433973010295
0.529634494354138 1.46355310670178 1.5433973010295
0.529634494354138 1.46355310670178 1.5433973010295
0.744846329930669 1.40491538330864 1.59049360883769
0.744846329930669 1.40491538330864 1.59049360883769
0.744846329930669 1.40491538330864 1.59049360883769
0.744846329930669 1.40491538330864 1.59049360883769
0.744846329930669 1.40491538330864 1.59049360883769
0.744846329930669 1.40491538330864 1.59049360883769
0.744846329930669 1.40491538330864 1.59049360883769
0.744846329930669 1.40491538330864 1.59049360883769
0.744846329930669 1.40491538330864 1.59049360883769
0.744846329930669 1.40491538330864 1.59049360883769
0.744846329930669 1.40491538330864 1.59049360883769
0.744846329930669 1.40491538330864 1.59049360883769
0.634524650132527 0.742448633195769 1.68976055070017
0.634524650132527 0.742448633195769 1.68976055070017
0.0447466592381071 0.813050844009133 1.8079895761844
0.0447466592381071 0.813050844009133 1.8079895761844
0.0447466592381071 0.813050844009133 1.8079895761844
0.0447466592381071 0.813050844009133 1.8079895761844
0.0447466592381071 0.813050844009133 1.8079895761844
0.0447466592381071 0.813050844009133 1.8079895761844
0.0447466592381071 0.813050844009133 1.8079895761844
0.0447466592381071 0.813050844009133 1.8079895761844
0.0447466592381071 0.813050844009133 1.8079895761844
0.0447466592381071 0.813050844009133 1.8079895761844
0.383697743028642 1.47296742245666 2.22640386606335
