1 1 1
1 1 1
1.03767760316497 0.96914462864176 1.23929511233087
1.03767760316497 0.96914462864176 1.23929511233087
1.03767760316497 0.96914462864176 1.23929511233087
1.34546690363358 1.07371898231932 1.04048327752281
1.34546690363358 1.07371898231932 1.04048327752281
0.588272283745507 1.51936767221137 1.15038036703101
0.588272283745507 1.51936767221137 1.15038036703101
0.588272283745507 1.51936767221137 1.15038036703101
1.15804135263894 1.29258010325611 1.04059933707868
1.15804135263894 1.29258010325611 1.04059933707868
1.15804135263894 1.29258010325611 1.04059933707868
0.713028954928246 0.972244308131203 0.363980523549791
0.713028954928246 0.972244308131203 0.363980523549791
0.713028954928246 0.972244308131203 0.363980523549791
0.713028954928246 0.972244308131203 0.363980523549791
0.802976678096316 1.01736526011036 0.480762432083627
0.802976678096316 1.01736526011036 0.480762432083627
0.802976678096316 1.01736526011036 0.480762432083627
0.802976678096316 1.01736526011036 0.480762432083627
0.0440618516666625 0.805416981054564 0.606742274379298
0.0440618516666625 0.805416981054564 0.606742274379298
0.0440618516666625 0.805416981054564 0.606742274379298
0.0626053033617763 0.635793770660206 0.547553331317917
0.0626053033617763 0.635793770660206 0.547553331317917
0.0626053033617763 0.635793770660206 0.547553331317917
0.0626053033617763 0.635793770660206 0.547553331317917
0.0626053033617763 0.635793770660206 0.547553331317917
0.0626053033617763 0.635793770660206 0.547553331317917
1.33186073809984 0.106392209272644 1.10151272867662
1.30924888966896 0.291832266252089 1.58632699131213
1.30924888966896 0.291832266252089 1.58632699131213
1.30924888966896 0.291832266252089 1.58632699131213
1.30924888966896 0.291832266252089 1.58632699131213
1.30924888966896 0.291832266252089 1.58632699131213
-0.00459349493869521 0.682106532314118 1.87453690005342
-0.00459349493869521 0.682106532314118 1.87453690005342
-0.14988203039084 -0.088153812084618 1.50639114972298
-0.327945340228497 0.748316062771864 1.85874087502487
-0.327945340228497 0.748316062771864 1.85874087502487
-0.364896160645849 0.518189667005062 2.46667726176123
-0.14498292250642 0.957456775616783 1.95060050834996
0.0413884643438896 1.63361029681476 1.68427561407387
0.98682457484251 0.849459729330351 1.60584056302808
0.98682457484251 0.849459729330351 1.60584056302808
0.98682457484251 0.849459729330351 1.60584056302808
0.91595796624846 0.643517253106558 1.02288055242997
0.900530919454451 0.513654879363823 1.71976625917422
0.384680152127027 0.291416420057522 1.76321299174158
