1 1 1
1 1 1
1 1 1
0.256881937739401 1.57311735601135 2.48226497509877
-0.292782087263402 1.71369259651771 4.26606384417499
-0.292782087263402 1.71369259651771 4.26606384417499
-0.165254938475669 1.75284786886689 3.6821422662105
0.717341960336624 1.47968226885347 2.83306870645872
0.178741885678667 2.47288075584109 2.43756993212608
0.178741885678667 2.47288075584109 2.43756993212608
0.178741885678667 2.47288075584109 2.43756993212608
0.178741885678667 2.47288075584109 2.43756993212608
0.178741885678667 2.47288075584109 2.43756993212608
-0.167416315723594 1.8237112772243 2.8160087224534
0.830931630772602 1.59156046171186 1.87924219667544
-0.597813166933675 0.71172109504298 0.854833987488491
-0.597813166933675 0.71172109504298 0.854833987488491
-1.01749435424799 -0.0588653883043794 1.43596204030274
0.218532142205584 0.993122891752416 1.71729660136912
0.218532142205584 0.993122891752416 1.71729660136912
0.218532142205584 0.993122891752416 1.71729660136912
0.218532142205584 0.993122891752416 1.71729660136912
0.218532142205584 0.993122891752416 1.71729660136912
0.266530651058183 0.685491504358529 1.62277690137288
0.266530651058183 0.685491504358529 1.62277690137288
0.266530651058183 0.685491504358529 1.62277690137288
0.266530651058183 0.685491504358529 1.62277690137288
0.266530651058183 0.685491504358529 1.62277690137288
0.266530651058183 0.685491504358529 1.62277690137288
0.266530651058183 0.685491504358529 1.62277690137288
