1 1 1
0.99189615519187 1.49468002486554 1.50864463670280
0.722808221311687 1.06746611396982 1.99268543247531
0.722808221311687 1.06746611396982 1.99268543247531
0.722808221311687 1.06746611396982 1.99268543247531
0.722808221311687 1.06746611396982 1.99268543247531
0.722808221311687 1.06746611396982 1.99268543247531
0.722808221311687 1.06746611396982 1.99268543247531
0.722808221311687 1.06746611396982 1.99268543247531
0.722808221311687 1.06746611396982 1.99268543247531
0.440629474589419 0.284069697163151 1.46753009555742
0.440629474589419 0.284069697163151 1.46753009555742
0.440629474589419 0.284069697163151 1.46753009555742
0.440629474589419 0.284069697163151 1.46753009555742
0.440629474589419 0.284069697163151 1.46753009555742
0.440629474589419 0.284069697163151 1.46753009555742
0.440629474589419 0.284069697163151 1.46753009555742
0.440629474589419 0.284069697163151 1.46753009555742
0.440629474589419 0.284069697163151 1.46753009555742
0.440629474589419 0.284069697163151 1.46753009555742
0.440629474589419 0.284069697163151 1.46753009555742
0.440629474589419 0.284069697163151 1.46753009555742
0.440629474589419 0.284069697163151 1.46753009555742
0.618890950374007 0.164091760947864 1.71602921142282
0.618890950374007 0.164091760947864 1.71602921142282
0.618890950374007 0.164091760947864 1.71602921142282
0.856425835526162 -0.0282751737122382 2.25227626356651
0.856425835526162 -0.0282751737122382 2.25227626356651
0.856425835526162 -0.0282751737122382 2.25227626356651
0.856425835526162 -0.0282751737122382 2.25227626356651
0.995454607799529 -0.0166943552413008 1.95287584761372
0.995454607799529 -0.0166943552413008 1.95287584761372
0.995454607799529 -0.0166943552413008 1.95287584761372
0.995454607799529 -0.0166943552413008 1.95287584761372
0.826242973037196 -0.0291374133697944 2.22276075289984
0.826242973037196 -0.0291374133697944 2.22276075289984
0.439335115377851 0.428665578355382 2.02886774714576
0.439335115377851 0.428665578355382 2.02886774714576
0.439335115377851 0.428665578355382 2.02886774714576
0.439335115377851 0.428665578355382 2.02886774714576
0.439335115377851 0.428665578355382 2.02886774714576
0.439335115377851 0.428665578355382 2.02886774714576
0.384502983701462 -0.0203157815822428 1.92918819462166
0.384502983701462 -0.0203157815822428 1.92918819462166
0.384502983701462 -0.0203157815822428 1.92918819462166
0.384502983701462 -0.0203157815822428 1.92918819462166
0.686436092071442 0.320848587840865 2.57093756916725
0.686436092071442 0.320848587840865 2.57093756916725
0.686436092071442 0.320848587840865 2.57093756916725
0.686436092071442 0.320848587840865 2.57093756916725
