1 1 1
0.610071420830011 -0.432634082764923 3.32211117577951
0.610071420830011 -0.432634082764923 3.32211117577951
1.16351294195267 0.385030164035315 3.19730886539071
1.54727315362473 0.961178119170171 2.01347543506707
1.54727315362473 0.961178119170171 2.01347543506707
1.54727315362473 0.961178119170171 2.01347543506707
1.54727315362473 0.961178119170171 2.01347543506707
1.54727315362473 0.961178119170171 2.01347543506707
1.93914854901987 1.20831400457515 2.61010350139594
1.93914854901987 1.20831400457515 2.61010350139594
1.93914854901987 1.20831400457515 2.61010350139594
2.05510084003882 1.19299520364384 2.22640245922015
2.79832237822466 1.8432397043895 0.0949412962229159
2.79832237822466 1.8432397043895 0.0949412962229159
2.79832237822466 1.8432397043895 0.0949412962229159
2.82808647831985 2.34872538490726 0.159825131132211
2.82808647831985 2.34872538490726 0.159825131132211
3.58775129813708 2.28463534924708 0.890046175276576
3.92305639199946 1.25347114306734 2.49627164763634
3.84238408074823 0.590465599002655 2.77125551411769
3.84238408074823 0.590465599002655 2.77125551411769
3.84238408074823 0.590465599002655 2.77125551411769
3.21298137412591 0.656071254110601 3.15961295988168
3.21298137412591 0.656071254110601 3.15961295988168
2.69363703334261 -0.386039855102721 2.86451041453811
2.69363703334261 -0.386039855102721 2.86451041453811
2.69363703334261 -0.386039855102721 2.86451041453811
2.69363703334261 -0.386039855102721 2.86451041453811
2.69363703334261 -0.386039855102721 2.86451041453811
