1 1 1
0.717095339767965 -0.758722382789824 1.05569692644048
0.717095339767965 -0.758722382789824 1.05569692644048
0.717095339767965 -0.758722382789824 1.05569692644048
0.452929265509309 -0.369606965137129 1.45456331240899
0.452929265509309 -0.369606965137129 1.45456331240899
0.452929265509309 -0.369606965137129 1.45456331240899
0.610836469642679 0.991962562522514 1.62210123922921
0.610836469642679 0.991962562522514 1.62210123922921
0.225757896400303 0.431114480940278 1.61524380341697
0.225757896400303 0.431114480940278 1.61524380341697
0.225757896400303 0.431114480940278 1.61524380341697
0.600750456795247 0.619844436429707 1.82092029062648
0.600750456795247 0.619844436429707 1.82092029062648
-0.0022763026028908 1.26309102407715 2.30028108200798
-0.0022763026028908 1.26309102407715 2.30028108200798
-0.0022763026028908 1.26309102407715 2.30028108200798
-0.0022763026028908 1.26309102407715 2.30028108200798
-0.0022763026028908 1.26309102407715 2.30028108200798
-0.0022763026028908 1.26309102407715 2.30028108200798
-0.0022763026028908 1.26309102407715 2.30028108200798
-0.0022763026028908 1.26309102407715 2.30028108200798
-0.0318942934380382 -0.402890479007521 2.61467897180203
-0.0318942934380382 -0.402890479007521 2.61467897180203
-0.0318942934380382 -0.402890479007521 2.61467897180203
0.221611131214461 -0.0714684571499491 2.88406976970013
0.221611131214461 -0.0714684571499491 2.88406976970013
0.221611131214461 -0.0714684571499491 2.88406976970013
0.221611131214461 -0.0714684571499491 2.88406976970013
0.221611131214461 -0.0714684571499491 2.88406976970013
0.0435097549367218 -0.0847200934507615 2.59463690379759
0.0435097549367218 -0.0847200934507615 2.59463690379759
0.0435097549367218 -0.0847200934507615 2.59463690379759
-0.524456365507522 -0.183850433687055 1.77476498999888
-0.524456365507522 -0.183850433687055 1.77476498999888
-0.524456365507522 -0.183850433687055 1.77476498999888
-0.524456365507522 -0.183850433687055 1.77476498999888
-0.251864208865875 1.06316334134500 1.36408354525190
-0.251864208865875 1.06316334134500 1.36408354525190
-0.251864208865875 1.06316334134500 1.36408354525190
-0.343625820016983 1.04099238336291 2.87394821472217
-0.343625820016983 1.04099238336291 2.87394821472217
-0.343625820016983 1.04099238336291 2.87394821472217
-0.525454831537672 0.53033782915774 1.05749088567362
-0.525454831537672 0.53033782915774 1.05749088567362
0.0411417639240084 -0.110505967761442 1.16123322996380
0.0411417639240084 -0.110505967761442 1.16123322996380
0.66089928166574 -0.0758475580066643 1.45529606854384
0.66089928166574 -0.0758475580066643 1.45529606854384
0.745490015040783 0.777118130992612 1.2847583173661
