1 1 1
1.01779245758795 0.603991150172234 0.155055389045698
1.01779245758795 0.603991150172234 0.155055389045698
1.01779245758795 0.603991150172234 0.155055389045698
1.01779245758795 0.603991150172234 0.155055389045698
0.925029973619706 -0.10876760019163 0.891766458706958
0.717315607942442 -0.136976406710758 1.02188204598336
0.717315607942442 -0.136976406710758 1.02188204598336
0.717315607942442 -0.136976406710758 1.02188204598336
0.876021337778025 0.00081989721269693 1.1760044590395
0.764145262023726 1.56555391507072 0.980934509442856
0.764145262023726 1.56555391507072 0.980934509442856
0.764145262023726 1.56555391507072 0.980934509442856
0.764145262023726 1.56555391507072 0.980934509442856
0.461911021095894 0.516082864944827 1.29790391194173
0.461911021095894 0.516082864944827 1.29790391194173
0.461911021095894 0.516082864944827 1.29790391194173
-0.208447756067876 1.07358407481926 -0.0117535906624244
-0.286084269779924 2.01766670284187 1.1419566429762
-0.286084269779924 2.01766670284187 1.1419566429762
-0.286084269779924 2.01766670284187 1.1419566429762
-0.586110545331052 2.01373669520177 1.05985556576415
-0.586110545331052 2.01373669520177 1.05985556576415
-0.586110545331052 2.01373669520177 1.05985556576415
-1.04853070558444 0.949147569676697 0.936486343037603
-0.694946961637833 0.756950186673964 1.17850191587277
-0.694946961637833 0.756950186673964 1.17850191587277
-0.425986125900319 1.43198909524491 2.03646203939429
-0.131453600502433 1.32779410105625 2.35144068186999
-0.596238090638545 1.34977637171743 1.75751733717183
