1 1 1
1 1 1
1 1 1
1 1 1
1 1 1
1 1 1
1 1 1
1 1 1
1 1 1
1 1 1
1 1 1
1 1 1
1 1 1
0.489278645140716 0.577400506855567 0.112947645430857
0.227880249345391 0.367347924219131 0.705056573829242
0.227880249345391 0.367347924219131 0.705056573829242
0.227880249345391 0.367347924219131 0.705056573829242
0.639263810352606 -0.197559386242162 0.558394222853029
1.07942563606825 -0.1620505372142 0.650946188309677
1.07942563606825 -0.1620505372142 0.650946188309677
1.31075096213638 0.0288820451928844 0.781800859704898
1.3314303290642 0.492440816238484 1.37315292706074
1.236862613822 1.0580800979332 0.788231954129478
1.236862613822 1.0580800979332 0.788231954129478
0.935954421999251 1.12329894392695 0.960418428467047
0.935954421999251 1.12329894392695 0.960418428467047
0.94046982521317 1.25684381375981 1.38196401256462
0.778840155006476 1.32013197339267 1.33550198637779
0.778840155006476 1.32013197339267 1.33550198637779
0.778840155006476 1.32013197339267 1.33550198637779
