1 1 1
1.05288851935324 0.582708310606831 1.17219814061626
1.05288851935324 0.582708310606831 1.17219814061626
0.0584470359683014 0.295217853175353 0.496614692746776
0.0584470359683014 0.295217853175353 0.496614692746776
0.922707745527615 1.04983791094063 1.20781355736041
-0.0984529044456721 1.15961106033473 1.06503247387409
0.190559990377246 0.769103258852959 1.38820433438803
0.0547617250399651 0.76307998440922 1.12580518881194
0.723500622452785 1.07786033195214 1.00813303797099
0.723500622452785 1.07786033195214 1.00813303797099
1.69487171537419 1.21112556937831 1.58742954646397
0.869406121692801 1.27892031814553 0.572307550348389
0.833641408739643 1.2977597376284 0.872611367780622
0.833641408739643 1.2977597376284 0.872611367780622
-0.260058547125805 0.971644958735611 0.6112099023223
-0.508663616303645 1.07330230499588 0.304788554468668
-0.508663616303645 1.07330230499588 0.304788554468668
-0.508663616303645 1.07330230499588 0.304788554468668
-0.508663616303645 1.07330230499588 0.304788554468668
-0.425166375144051 0.85700516947207 1.06112437209563
0.115493136877917 0.684004417805156 1.18237827074595
-0.0549311182644341 1.00276428623345 0.625742231090912
-0.0549311182644341 1.00276428623345 0.625742231090912
-0.0549311182644341 1.00276428623345 0.625742231090912
-0.0549311182644341 1.00276428623345 0.625742231090912
-0.0549311182644341 1.00276428623345 0.625742231090912
-0.0549311182644341 1.00276428623345 0.625742231090912
-0.0549311182644341 1.00276428623345 0.625742231090912
1.52989365402565 0.547836790745973 1.93305023925691
