1 1 1
1 1 1
1 1 1
1 1 1
1 1 1
1 1 1
1 1 1
1 1 1
1 1 1
1 1 1
1 1 1
1.22811462410512 0.728712872067223 1.16216998137385
1.22811462410512 0.728712872067223 1.16216998137385
0.405367813137852 0.450291084678047 1.13617357687594
0.405367813137852 0.450291084678047 1.13617357687594
0.405367813137852 0.450291084678047 1.13617357687594
-0.170690947039064 1.41190730660144 0.531367224837468
-0.170690947039064 1.41190730660144 0.531367224837468
-0.170690947039064 1.41190730660144 0.531367224837468
-0.170690947039064 1.41190730660144 0.531367224837468
-0.170690947039064 1.41190730660144 0.531367224837468
-0.170690947039064 1.41190730660144 0.531367224837468
-0.336024708171805 1.81400679127532 1.05901812713113
0.377373917290986 2.20200161307307 0.925723291925257
0.377373917290986 2.20200161307307 0.925723291925257
0.285386127947093 1.47695699286991 1.78515491387529
0.371289411397696 0.604670507505052 0.885519328121177
1.33042396650401 1.16494582401436 1.35944932654897
1.33042396650401 1.16494582401436 1.35944932654897
1.33042396650401 1.16494582401436 1.35944932654897
1.33042396650401 1.16494582401436 1.35944932654897
1.33042396650401 1.16494582401436 1.35944932654897
1.33042396650401 1.16494582401436 1.35944932654897
0.847257804424904 1.63305447730560 1.56404383787298
0.847257804424904 1.63305447730560 1.56404383787298
0.847257804424904 1.63305447730560 1.56404383787298
0.847257804424904 1.63305447730560 1.56404383787298
0.847257804424904 1.63305447730560 1.56404383787298
0.847257804424904 1.63305447730560 1.56404383787298
0.163834838879394 1.27870308701759 1.35458376987258
0.163834838879394 1.27870308701759 1.35458376987258
0.163834838879394 1.27870308701759 1.35458376987258
0.163834838879394 1.27870308701759 1.35458376987258
0.163834838879394 1.27870308701759 1.35458376987258
0.163834838879394 1.27870308701759 1.35458376987258
0.163834838879394 1.27870308701759 1.35458376987258
0.163834838879394 1.27870308701759 1.35458376987258
-0.148919964818958 0.566844946333989 1.4248072075979
-0.249436226493253 0.603558078285933 0.784847922955638
0.240820371686774 0.82971763975966 1.5577205023638
