1 1 1
1 1 1
1 1 1
1 1 1
1 1 1
1 1 1
1 1 1
1 1 1
1 1 1
1.56789691229426 1.75557157385251 1.40807459063811
1.56789691229426 1.75557157385251 1.40807459063811
1.56789691229426 1.75557157385251 1.40807459063811
1.56789691229426 1.75557157385251 1.40807459063811
1.65139003600514 1.68479375995729 1.41634420238286
2.32350459470284 2.39596140374695 1.5498111873766
2.32350459470284 2.39596140374695 1.5498111873766
2.32350459470284 2.39596140374695 1.5498111873766
0.919491046535575 1.84958292132366 0.989102542265156
1.24136319778451 1.10134594013844 0.964846638051164
1.36031040157458 2.42715205860892 1.55108149244181
1.36031040157458 2.42715205860892 1.55108149244181
1.71115351762788 2.26321750123006 1.60029470225774
0.313708383059385 0.385188190256037 1.38473804712961
0.789872405278087 0.752744245746899 1.54935798111755
0.789872405278087 0.752744245746899 1.54935798111755
0.789872405278087 0.752744245746899 1.54935798111755
0.985148801628907 1.54007997621964 1.09142258721532
0.985148801628907 1.54007997621964 1.09142258721532
0.985148801628907 1.54007997621964 1.09142258721532
0.985148801628907 1.54007997621964 1.09142258721532
