1 1 1
1 1 1
1 1 1
1.45984390657031 0.966583649222001 0.649553679957044
1.45984390657031 0.966583649222001 0.649553679957044
1.45984390657031 0.966583649222001 0.649553679957044
1.45984390657031 0.966583649222001 0.649553679957044
1.86272371476986 0.91129530572849 0.710015838457152
1.86272371476986 0.91129530572849 0.710015838457152
1.86272371476986 0.91129530572849 0.710015838457152
1.86272371476986 0.91129530572849 0.710015838457152
1.65152198242058 0.980136450682362 0.501072486985263
1.86170499206685 0.250303674983949 1.23204618400008
2.30461556100795 1.92098936247549 0.352102976916728
2.30461556100795 1.92098936247549 0.352102976916728
2.48436443893433 2.53799686795197 0.987856090850892
2.48436443893433 2.53799686795197 0.987856090850892
2.48436443893433 2.53799686795197 0.987856090850892
2.48436443893433 2.53799686795197 0.987856090850892
3.30297883934836 1.87605844419674 1.32303742374699
3.30297883934836 1.87605844419674 1.32303742374699
3.56464200828295 2.14275238953038 1.75714918990629
2.55072068847244 2.49816957294561 1.73904749685263
2.55072068847244 2.49816957294561 1.73904749685263
1.97067108957807 2.67442266532381 1.93946574049217
0.944344915553658 0.886113173287967 1.99823540918835
0.944344915553658 0.886113173287967 1.99823540918835
1.17770514730835 0.729192382529597 2.18685808948643
0.480938336148524 2.00117510398362 2.23623833712775
0.480938336148524 2.00117510398362 2.23623833712775
