1 1 1
0.796818420096213 0.191364042035464 0.657749791240373
-0.0907320608811828 0.57370145514123 1.98578622793401
-0.0907320608811828 0.57370145514123 1.98578622793401
-0.0907320608811828 0.57370145514123 1.98578622793401
-0.0907320608811828 0.57370145514123 1.98578622793401
-0.0907320608811828 0.57370145514123 1.98578622793401
-0.0907320608811828 0.57370145514123 1.98578622793401
-0.0907320608811828 0.57370145514123 1.98578622793401
-0.0907320608811828 0.57370145514123 1.98578622793401
0.0397337354843406 2.4690813491701 2.57278612178057
0.0397337354843406 2.4690813491701 2.57278612178057
0.0397337354843406 2.4690813491701 2.57278612178057
0.110661088225716 1.68267113223496 2.1997138304039
0.27038894000863 0.534246715525335 3.36153045061634
-0.0023110221835323 -0.0235163674278873 3.09717814248289
-0.00434956028364102 0.032157064005272 3.23834705902231
0.137487001322647 0.717636092472955 2.9898646382681
0.137487001322647 0.717636092472955 2.9898646382681
0.137487001322647 0.717636092472955 2.9898646382681
0.137487001322647 0.717636092472955 2.9898646382681
1.49075264449104 0.870759914631798 2.21790309174162
1.49075264449104 0.870759914631798 2.21790309174162
0.898228447868577 2.10902577261308 1.9262472900998
0.898228447868577 2.10902577261308 1.9262472900998
0.898228447868577 2.10902577261308 1.9262472900998
0.898228447868577 2.10902577261308 1.9262472900998
0.898228447868577 2.10902577261308 1.9262472900998
0.898228447868577 2.10902577261308 1.9262472900998
0.898228447868577 2.10902577261308 1.9262472900998
