1 1 1
1.17685741439383 0.656040039911128 1.71811575128999
0.672612137268986 0.784772453721828 0.693482158459928
0.672612137268986 0.784772453721828 0.693482158459928
0.726133453756806 0.560580677882302 1.29982902741484
0.726133453756806 0.560580677882302 1.29982902741484
0.726133453756806 0.560580677882302 1.29982902741484
0.726133453756806 0.560580677882302 1.29982902741484
0.726133453756806 0.560580677882302 1.29982902741484
0.726133453756806 0.560580677882302 1.29982902741484
0.726133453756806 0.560580677882302 1.29982902741484
0.726133453756806 0.560580677882302 1.29982902741484
0.799725644152248 0.0967852713591945 1.88177719485552
0.7023166532483 0.550325477473221 2.1048207361868
0.7023166532483 0.550325477473221 2.1048207361868
0.7023166532483 0.550325477473221 2.1048207361868
0.386612428871526 0.136821850488567 2.40680940369784
0.386612428871526 0.136821850488567 2.40680940369784
0.386612428871526 0.136821850488567 2.40680940369784
0.386612428871526 0.136821850488567 2.40680940369784
0.386612428871526 0.136821850488567 2.40680940369784
0.492064267875537 0.46583429512078 1.55564680680441
0.492064267875537 0.46583429512078 1.55564680680441
0.492064267875537 0.46583429512078 1.55564680680441
0.492064267875537 0.46583429512078 1.55564680680441
1.41417982189681 0.0353732804957928 1.00794056104240
1.41417982189681 0.0353732804957928 1.00794056104240
1.42718656642793 0.0219594961294654 0.595885773331316
1.00045077906502 -0.722323428859248 2.05975240498128
1.00045077906502 -0.722323428859248 2.05975240498128
0.885357057507569 -0.737908346300088 1.40332337204275
1.34867275034440 -0.410982520035588 1.41271717537416
0.269969442331917 0.152357242334906 1.79120555033145
0.12124574957729 1.19001274795760 2.2209425652167
0.12124574957729 1.19001274795760 2.2209425652167
0.12124574957729 1.19001274795760 2.2209425652167
0.735761069956167 0.619348735645232 1.93124959541879
1.02595196225558 -0.0983809163307845 0.942140974349294
0.938683980889111 0.524142026595089 1.21574240341616
0.938683980889111 0.524142026595089 1.21574240341616
0.938683980889111 0.524142026595089 1.21574240341616
0.938683980889111 0.524142026595089 1.21574240341616
0.651261863650389 0.412500546337735 1.19892824053804
0.651261863650389 0.412500546337735 1.19892824053804
0.651261863650389 0.412500546337735 1.19892824053804
0.651261863650389 0.412500546337735 1.19892824053804
0.610331880409112 0.884790968516944 1.06356075301595
0.610331880409112 0.884790968516944 1.06356075301595
0.610331880409112 0.884790968516944 1.06356075301595
0.610331880409112 0.884790968516944 1.06356075301595
