1 1 1
-1.53121493742957 1.20251476133766 1.34588588663449
-1.53121493742957 1.20251476133766 1.34588588663449
-1.74275443867379 -0.0536517602226736 1.30447714148588
-1.37387691524898 -0.381830162907614 1.26001837094435
0.0857706144328867 0.333935832270254 0.923367877557549
0.0857706144328867 0.333935832270254 0.923367877557549
0.0857706144328867 0.333935832270254 0.923367877557549
0.0857706144328867 0.333935832270254 0.923367877557549
0.0857706144328867 0.333935832270254 0.923367877557549
0.758604949564386 0.939607063174514 1.54545218788756
0.758604949564386 0.939607063174514 1.54545218788756
0.758604949564386 0.939607063174514 1.54545218788756
0.758604949564386 0.939607063174514 1.54545218788756
1.27245736221210 0.528783500349306 1.07968313944103
1.27245736221210 0.528783500349306 1.07968313944103
1.27245736221210 0.528783500349306 1.07968313944103
1.09974363601789 0.605191464336021 1.05370619445112
1.09974363601789 0.605191464336021 1.05370619445112
1.09974363601789 0.605191464336021 1.05370619445112
0.609821028864696 -0.0604021818161139 1.28342999060250
0.609821028864696 -0.0604021818161139 1.28342999060250
0.609821028864696 -0.0604021818161139 1.28342999060250
0.609821028864696 -0.0604021818161139 1.28342999060250
0.609821028864696 -0.0604021818161139 1.28342999060250
0.609821028864696 -0.0604021818161139 1.28342999060250
0.609821028864696 -0.0604021818161139 1.28342999060250
0.609821028864696 -0.0604021818161139 1.28342999060250
-0.176136289826794 0.243170929955445 1.14707640300436
0.388451622738411 0.494762531052995 0.706765053081949
0.233221817939617 0.706938946271312 0.814528232005833
1.09326763829416 0.702159176915097 0.789935394292325
1.09326763829416 0.702159176915097 0.789935394292325
1.56259847041553 1.01776743990878 1.10950562867680
1.56259847041553 1.01776743990878 1.10950562867680
1.56259847041553 1.01776743990878 1.10950562867680
0.823942846759526 1.58075719383677 1.35478347364223
0.389095815524861 0.867746480682404 1.68533797422443
0.389095815524861 0.867746480682404 1.68533797422443
0.389095815524861 0.867746480682404 1.68533797422443
0.389095815524861 0.867746480682404 1.68533797422443
0.389095815524861 0.867746480682404 1.68533797422443
0.389095815524861 0.867746480682404 1.68533797422443
0.389095815524861 0.867746480682404 1.68533797422443
0.389095815524861 0.867746480682404 1.68533797422443
0.389095815524861 0.867746480682404 1.68533797422443
0.389095815524861 0.867746480682404 1.68533797422443
0.389095815524861 0.867746480682404 1.68533797422443
0.389095815524861 0.867746480682404 1.68533797422443
0.413544861471005 0.423452312459292 1.40288607769617
