1 1 1
0.171821512778389 0.858954860310246 0.142917928470376
1.022044154004 1.20607983787720 0.821970355654904
0.316711548751688 1.35943613037539 0.578925581687535
0.316711548751688 1.35943613037539 0.578925581687535
0.316711548751688 1.35943613037539 0.578925581687535
0.316711548751688 1.35943613037539 0.578925581687535
0.316711548751688 1.35943613037539 0.578925581687535
0.529110804035474 1.99863813731563 1.16642238904092
0.529110804035474 1.99863813731563 1.16642238904092
0.529110804035474 1.99863813731563 1.16642238904092
0.529110804035474 1.99863813731563 1.16642238904092
0.529110804035474 1.99863813731563 1.16642238904092
0.529110804035474 1.99863813731563 1.16642238904092
0.529110804035474 1.99863813731563 1.16642238904092
0.529110804035474 1.99863813731563 1.16642238904092
0.529110804035474 1.99863813731563 1.16642238904092
0.504599769056777 1.79176413735060 0.949354080079408
0.520752138254989 1.74175045152234 0.983029823040745
0.520752138254989 1.74175045152234 0.983029823040745
0.381464442497767 2.05807804693271 0.395931689638526
0.381464442497767 2.05807804693271 0.395931689638526
0.381464442497767 2.05807804693271 0.395931689638526
0.381464442497767 2.05807804693271 0.395931689638526
0.381464442497767 2.05807804693271 0.395931689638526
-0.153740715483488 1.67798138406572 1.14082700296756
0.179609446673151 1.54607687787864 1.55078978807683
0.179609446673151 1.54607687787864 1.55078978807683
0.179609446673151 1.54607687787864 1.55078978807683
0.485439099943159 1.39159734496569 1.28316867615083
0.485439099943159 1.39159734496569 1.28316867615083
0.485439099943159 1.39159734496569 1.28316867615083
0.624844682540089 1.38120192583456 1.69433325189893
-0.0400889526321292 1.27171544234215 1.56392576644374
-0.0400889526321292 1.27171544234215 1.56392576644374
-0.0400889526321292 1.27171544234215 1.56392576644374
-0.0400889526321292 1.27171544234215 1.56392576644374
0.0316769202360689 1.37998600103278 1.43008764943064
0.0316769202360689 1.37998600103278 1.43008764943064
0.0316769202360689 1.37998600103278 1.43008764943064
0.0316769202360689 1.37998600103278 1.43008764943064
0.0316769202360689 1.37998600103278 1.43008764943064
0.500297928409855 1.31500952470682 1.70102960573898
0.500297928409855 1.31500952470682 1.70102960573898
0.500297928409855 1.31500952470682 1.70102960573898
0.553781096779453 1.88810978003762 2.18781681293352
0.857429898764899 1.52475297149968 2.09475005989952
0.857429898764899 1.52475297149968 2.09475005989952
0.857429898764899 1.52475297149968 2.09475005989952
0.857429898764899 1.52475297149968 2.09475005989952
