1 1 1
1 1 1
1 1 1
1 1 1
1 1 1
1 1 1
1.02307172297956 1.58397580195453 1.45387531194613
1.02307172297956 1.58397580195453 1.45387531194613
1.06605806069324 1.65418712680936 1.24779135378184
1.06605806069324 1.65418712680936 1.24779135378184
1.06605806069324 1.65418712680936 1.24779135378184
1.06605806069324 1.65418712680936 1.24779135378184
1.06605806069324 1.65418712680936 1.24779135378184
1.53186511583656 1.02717914853136 1.33013090148933
1.53186511583656 1.02717914853136 1.33013090148933
1.05725713933731 0.200652764669981 0.674604948763773
1.05725713933731 0.200652764669981 0.674604948763773
1.05725713933731 0.200652764669981 0.674604948763773
1.05725713933731 0.200652764669981 0.674604948763773
0.586463175048502 1.01040352109171 1.13049952885631
0.844346968934477 0.341069461364338 1.33316529972935
0.844346968934477 0.341069461364338 1.33316529972935
0.844346968934477 0.341069461364338 1.33316529972935
0.855519553420078 0.260035804854206 1.69015174955842
0.855519553420078 0.260035804854206 1.69015174955842
0.855519553420078 0.260035804854206 1.69015174955842
0.855519553420078 0.260035804854206 1.69015174955842
0.322853021827987 0.545044245159173 1.57264997908597
0.322853021827987 0.545044245159173 1.57264997908597
0.322853021827987 0.545044245159173 1.57264997908597
0.322853021827987 0.545044245159173 1.57264997908597
0.100868830240042 -0.351262775232198 1.37221089698268
0.100868830240042 -0.351262775232198 1.37221089698268
0.522834892312400 0.0821868557460653 1.03971604179332
0.136389612440117 0.659186758268552 1.12870460806539
0.335533897918951 0.259885578725693 0.0872781604317097
0.335533897918951 0.259885578725693 0.0872781604317097
-0.00167699367232527 0.432631422878656 0.209272819833483
-0.00167699367232527 0.432631422878656 0.209272819833483
-0.00167699367232527 0.432631422878656 0.209272819833483
-0.00167699367232527 0.432631422878656 0.209272819833483
-0.00167699367232527 0.432631422878656 0.209272819833483
-0.00167699367232527 0.432631422878656 0.209272819833483
0.105900909610680 -0.0132160714427693 1.06186355433681
0.105900909610680 -0.0132160714427693 1.06186355433681
0.105900909610680 -0.0132160714427693 1.06186355433681
0.121804962993023 1.41632290961394 1.89068115244249
0.367529416206094 1.36589649359406 1.63243238889942
0.367529416206094 1.36589649359406 1.63243238889942
0.367529416206094 1.36589649359406 1.63243238889942
