1 1 1
1 1 1
1 1 1
1.50123205174362 0.631684833760473 1.27133774513624
1.50123205174362 0.631684833760473 1.27133774513624
1.50123205174362 0.631684833760473 1.27133774513624
1.50123205174362 0.631684833760473 1.27133774513624
1.50123205174362 0.631684833760473 1.27133774513624
0.289787780641248 0.835664456540866 0.83985346228314
0.289787780641248 0.835664456540866 0.83985346228314
0.289787780641248 0.835664456540866 0.83985346228314
0.322361913557028 1.11498076436844 1.33094268870942
0.322361913557028 1.11498076436844 1.33094268870942
0.795040434286576 1.22815377079622 1.66749557872402
0.96631401619726 1.94513234777445 1.20110921907222
0.96631401619726 1.94513234777445 1.20110921907222
0.96631401619726 1.94513234777445 1.20110921907222
0.996388904031755 2.05007163385790 1.37296673706393
0.996388904031755 2.05007163385790 1.37296673706393
0.996388904031755 2.05007163385790 1.37296673706393
0.994137957667673 1.95795904737227 1.48779050596546
0.994137957667673 1.95795904737227 1.48779050596546
0.415010004323518 2.01113559292475 1.3057196326224
0.676507307572449 1.91022270459593 0.782323894400581
0.676507307572449 1.91022270459593 0.782323894400581
1.09800206665749 1.92910007590543 1.03084435235221
1.09800206665749 1.92910007590543 1.03084435235221
1.09800206665749 1.92910007590543 1.03084435235221
0.163947725926129 1.40567998003207 0.63244417610803
0.163947725926129 1.40567998003207 0.63244417610803
0.0295582184892166 1.49816071511955 1.42656664493030
0.259609957662913 1.4699446089176 1.48716263567502
0.999255446741623 1.38969599472421 0.834019250686814
0.999255446741623 1.38969599472421 0.834019250686814
0.999255446741623 1.38969599472421 0.834019250686814
0.999255446741623 1.38969599472421 0.834019250686814
0.143931180220989 1.65230571891628 0.822489851163116
0.143931180220989 1.65230571891628 0.822489851163116
0.580030161857268 1.11490090562054 1.76609616695170
0.580030161857268 1.11490090562054 1.76609616695170
0.139410887646410 0.877427547392574 1.39075882442396
0.139410887646410 0.877427547392574 1.39075882442396
0.139410887646410 0.877427547392574 1.39075882442396
0.139410887646410 0.877427547392574 1.39075882442396
0.139410887646410 0.877427547392574 1.39075882442396
0.139410887646410 0.877427547392574 1.39075882442396
0.139410887646410 0.877427547392574 1.39075882442396
0.139410887646410 0.877427547392574 1.39075882442396
0.139410887646410 0.877427547392574 1.39075882442396
0.243259405636371 1.16967664154241 1.24617100752325
