1 1 1
0.0809589606485983 0.903867687887552 0.571453783898793
0.0809589606485983 0.903867687887552 0.571453783898793
0.0809589606485983 0.903867687887552 0.571453783898793
0.592527772542467 1.28086276742569 1.00746401121693
0.592527772542467 1.28086276742569 1.00746401121693
0.592527772542467 1.28086276742569 1.00746401121693
0.592527772542467 1.28086276742569 1.00746401121693
0.592527772542467 1.28086276742569 1.00746401121693
0.592527772542467 1.28086276742569 1.00746401121693
1.67386609211108 0.983672938783568 1.40170140847104
1.67386609211108 0.983672938783568 1.40170140847104
1.17903629221387 0.173744225067301 1.46850141652559
0.521237904604166 0.627851868769579 0.951375858371121
0.521237904604166 0.627851868769579 0.951375858371121
0.319210350036407 1.08236180227204 0.622504226564941
1.07554742521327 1.27877054878288 0.454423965007831
0.567196456846896 1.08019273232264 1.18685537656945
0.567196456846896 1.08019273232264 1.18685537656945
-0.479690242535205 -0.00255706633926533 1.33888165232415
2.34080145228047 -0.203092526999691 2.39062834867268
2.66491093010571 -0.164713157637585 2.50287529215503
2.43303503999816 0.157182513264743 1.86230937528161
2.43303503999816 0.157182513264743 1.86230937528161
1.91928472764718 0.153412625224316 1.95072778412595
1.91928472764718 0.153412625224316 1.95072778412595
1.91928472764718 0.153412625224316 1.95072778412595
1.91928472764718 0.153412625224316 1.95072778412595
3.30734616679135 -0.15768123088782 2.13639231925011
3.30734616679135 -0.15768123088782 2.13639231925011
