1 1 1
1 1 1
1 1 1
1 1 1
1 1 1
1 1 1
1 1 1
1 1 1
1 1 1
1 1 1
1 1 1
1 1 1
1 1 1
0.497132249642572 1.55304716252812 1.00890105962477
0.497132249642572 1.55304716252812 1.00890105962477
0.760608001252412 0.875954020365817 1.13961277662321
0.313136812894322 0.337902939351905 1.61666443115875
0.454585409974126 0.683093962221241 1.58716890525029
0.718744359313298 0.08100239529111 1.81253938472676
0.718744359313298 0.08100239529111 1.81253938472676
1.39700508547193 -0.364201756363414 1.96278143222727
1.46802612566276 -0.303273252457453 2.34439316286129
0.558896169187976 0.0656400093219334 2.01420494734659
0.558896169187976 0.0656400093219334 2.01420494734659
0.558896169187976 0.0656400093219334 2.01420494734659
0.558896169187976 0.0656400093219334 2.01420494734659
0.465766911312927 0.228862577024481 2.10258844749738
0.465766911312927 0.228862577024481 2.10258844749738
0.465766911312927 0.228862577024481 2.10258844749738
0.755177264388214 0.111412688850193 2.48290587459337
