1 1 1
1 1 1
0.751693854169379 -0.188683572314088 1.63743031434953
0.418237562797933 0.649445534899633 1.93758389855718
0.949774346101435 0.371579494188192 1.55725965586107
0.949774346101435 0.371579494188192 1.55725965586107
0.949774346101435 0.371579494188192 1.55725965586107
0.765329898946994 0.573563862691348 1.79820223282651
0.703622065963664 0.374486052174597 1.98569117589201
0.703622065963664 0.374486052174597 1.98569117589201
1.13621246471196 0.665432444142545 1.10573606861154
0.6759623603339 0.662792550629899 1.28032048147312
0.6759623603339 0.662792550629899 1.28032048147312
0.6759623603339 0.662792550629899 1.28032048147312
0.6759623603339 0.662792550629899 1.28032048147312
0.671682381661895 0.206277250143934 0.283849038417529
0.650854053430749 1.29256447690559 1.40668863606097
0.650854053430749 1.29256447690559 1.40668863606097
0.479245361582706 1.25593481146101 2.18542960573659
0.479245361582706 1.25593481146101 2.18542960573659
0.479245361582706 1.25593481146101 2.18542960573659
0.479245361582706 1.25593481146101 2.18542960573659
0.479245361582706 1.25593481146101 2.18542960573659
0.479245361582706 1.25593481146101 2.18542960573659
0.479245361582706 1.25593481146101 2.18542960573659
-0.06895996291501 1.67303869565512 2.70884099594511
1.07964908646331 0.961957544023266 1.73154111497683
1.07964908646331 0.961957544023266 1.73154111497683
1.07964908646331 0.961957544023266 1.73154111497683
0.999502908441964 0.743661655609669 2.33388101121468
1.24267033062784 0.339290365083428 1.64765049378135
1.20401499338521 0.762022745826326 2.76596710147506
1.20401499338521 0.762022745826326 2.76596710147506
1.20401499338521 0.762022745826326 2.76596710147506
1.20401499338521 0.762022745826326 2.76596710147506
1.20401499338521 0.762022745826326 2.76596710147506
1.20401499338521 0.762022745826326 2.76596710147506
1.20401499338521 0.762022745826326 2.76596710147506
1.20401499338521 0.762022745826326 2.76596710147506
1.20401499338521 0.762022745826326 2.76596710147506
1.20401499338521 0.762022745826326 2.76596710147506
1.20401499338521 0.762022745826326 2.76596710147506
1.20401499338521 0.762022745826326 2.76596710147506
1.20401499338521 0.762022745826326 2.76596710147506
0.635023027323754 1.01962080202156 2.70646697521835
0.635023027323754 1.01962080202156 2.70646697521835
0.434420816197434 0.889337748641983 2.69644376069021
-0.0517426426583092 0.526211830065329 2.49097744914985
-0.0517426426583092 0.526211830065329 2.49097744914985
-0.0517426426583092 0.526211830065329 2.49097744914985
