1 1 1
1 1 1
1 1 1
1 1 1
1 1 1
1 1 1
1 1 1
1 1 1
1 1 1
1 1 1
1 1 1
1 1 1
1 1 1
1 1 1
0.204390923405173 0.785485015749865 0.864680918998837
0.399337558145538 0.697311015570404 0.669733418207175
0.399337558145538 0.697311015570404 0.669733418207175
0.399337558145538 0.697311015570404 0.669733418207175
0.399337558145538 0.697311015570404 0.669733418207175
0.816230324741935 0.613985311929119 0.403686371528948
0.816230324741935 0.613985311929119 0.403686371528948
0.816230324741935 0.613985311929119 0.403686371528948
0.816230324741935 0.613985311929119 0.403686371528948
0.816230324741935 0.613985311929119 0.403686371528948
-0.0996396092494314 1.73289575191764 1.41546165728030
-0.0996396092494314 1.73289575191764 1.41546165728030
0.48628733421603 1.24008547065435 1.18082905598664
0.48628733421603 1.24008547065435 1.18082905598664
0.292731446002107 0.74500490295464 1.11143620396817
0.292731446002107 0.74500490295464 1.11143620396817
0.292731446002107 0.74500490295464 1.11143620396817
0.602306247507158 0.535747106197943 1.00322449768245
0.602306247507158 0.535747106197943 1.00322449768245
0.602306247507158 0.535747106197943 1.00322449768245
0.602306247507158 0.535747106197943 1.00322449768245
0.602306247507158 0.535747106197943 1.00322449768245
0.602306247507158 0.535747106197943 1.00322449768245
0.602306247507158 0.535747106197943 1.00322449768245
0.602306247507158 0.535747106197943 1.00322449768245
1.09650874829955 0.677183400711957 0.890755801296129
1.09650874829955 0.677183400711957 0.890755801296129
1.09650874829955 0.677183400711957 0.890755801296129
1.09650874829955 0.677183400711957 0.890755801296129
1.09650874829955 0.677183400711957 0.890755801296129
1.09650874829955 0.677183400711957 0.890755801296129
1.08583248481914 1.19455237024503 1.05583558279341
0.973691069418027 0.963221857939403 1.63281111420020
0.973691069418027 0.963221857939403 1.63281111420020
0.973691069418027 0.963221857939403 1.63281111420020
0.973691069418027 0.963221857939403 1.63281111420020
