1 1 1
1.26505572194082 0.208913385118409 1.01497075305685
1.26505572194082 0.208913385118409 1.01497075305685
1.26505572194082 0.208913385118409 1.01497075305685
1.26505572194082 0.208913385118409 1.01497075305685
1.26505572194082 0.208913385118409 1.01497075305685
1.26505572194082 0.208913385118409 1.01497075305685
1.26505572194082 0.208913385118409 1.01497075305685
0.463027473340499 1.36682520641848 0.545242280879056
0.463027473340499 1.36682520641848 0.545242280879056
0.463027473340499 1.36682520641848 0.545242280879056
1.06702304401281 1.15356110476811 0.74194949099387
1.06702304401281 1.15356110476811 0.74194949099387
-0.15310436707454 1.12557335724468 2.01732619149943
-0.528569961065168 1.28540422488598 1.65158764537294
0.155569358037547 1.49634714779155 1.56801280075042
0.155569358037547 1.49634714779155 1.56801280075042
0.155569358037547 1.49634714779155 1.56801280075042
0.155569358037547 1.49634714779155 1.56801280075042
0.155569358037547 1.49634714779155 1.56801280075042
0.155569358037547 1.49634714779155 1.56801280075042
0.155569358037547 1.49634714779155 1.56801280075042
0.155569358037547 1.49634714779155 1.56801280075042
0.155569358037547 1.49634714779155 1.56801280075042
0.155569358037547 1.49634714779155 1.56801280075042
0.155569358037547 1.49634714779155 1.56801280075042
-0.369522844398995 2.2582425427604 2.34269974370256
-0.369522844398995 2.2582425427604 2.34269974370256
-0.675146229125317 2.85749817747579 2.48138798953397
-0.675146229125317 2.85749817747579 2.48138798953397
