1 1 1
1.44617383142565 1.07209743183925 1.93205545220157
1.01922986771400 0.694041879095936 1.87912165946493
1.01922986771400 0.694041879095936 1.87912165946493
0.921752076311467 0.799383947991603 1.66337861716630
0.921752076311467 0.799383947991603 1.66337861716630
0.82755734931555 0.390970273933899 2.00797853174723
0.448780477465211 -0.137162145336422 1.47254982563446
0.92968968521812 0.474035182393462 1.03914325370605
0.92968968521812 0.474035182393462 1.03914325370605
0.345018106865298 0.60380095756678 1.42280454484350
0.345018106865298 0.60380095756678 1.42280454484350
0.345018106865298 0.60380095756678 1.42280454484350
-0.00952612621701576 0.235270397673640 1.66744118629806
-0.00952612621701576 0.235270397673640 1.66744118629806
-0.00952612621701576 0.235270397673640 1.66744118629806
0.70438515886066 1.46060706487147 2.30843689581322
-0.434610146941585 0.536545333043538 1.48457650935439
-0.434610146941585 0.536545333043538 1.48457650935439
-0.434610146941585 0.536545333043538 1.48457650935439
0.134370480902640 0.758116518679288 1.85004136757130
0.134370480902640 0.758116518679288 1.85004136757130
0.134370480902640 0.758116518679288 1.85004136757130
0.241803679138509 0.421251277413847 1.81441372902496
0.241803679138509 0.421251277413847 1.81441372902496
1.05794945054722 -0.0300424379934431 1.74136738969752
1.05794945054722 -0.0300424379934431 1.74136738969752
1.05794945054722 -0.0300424379934431 1.74136738969752
1.05794945054722 -0.0300424379934431 1.74136738969752
1.05794945054722 -0.0300424379934431 1.74136738969752
0.845112594508994 0.098670799257038 2.40979443575618
0.845112594508994 0.098670799257038 2.40979443575618
0.845112594508994 0.098670799257038 2.40979443575618
0.302954174827762 0.852121001969808 3.53941742164589
0.302954174827762 0.852121001969808 3.53941742164589
-0.584872007718712 1.11425462251939 3.63787376658141
-0.584872007718712 1.11425462251939 3.63787376658141
-0.584872007718712 1.11425462251939 3.63787376658141
-0.584872007718712 1.11425462251939 3.63787376658141
-0.406473039668819 1.30572242706221 2.91407919016505
-0.231682683293467 1.76795254671666 2.28525442160598
-0.560071902976992 1.45964034378320 2.02639041382921
-1.02850067397358 0.115079864640373 1.62981801317385
-1.02850067397358 0.115079864640373 1.62981801317385
-0.592841544522208 0.126969050419487 1.37118380859607
-0.592841544522208 0.126969050419487 1.37118380859607
0.0651521781036563 0.0907438413636764 1.32786659838899
0.0651521781036563 0.0907438413636764 1.32786659838899
0.0651521781036563 0.0907438413636764 1.32786659838899
0.234207567427941 0.275189733138489 1.67294560319835
