1 1 1
1.30703301889784 0.471691648872007 1.87316724744440
1.30703301889784 0.471691648872007 1.87316724744440
1.30703301889784 0.471691648872007 1.87316724744440
1.30703301889784 0.471691648872007 1.87316724744440
1.30703301889784 0.471691648872007 1.87316724744440
1.30703301889784 0.471691648872007 1.87316724744440
1.30703301889784 0.471691648872007 1.87316724744440
1.30703301889784 0.471691648872007 1.87316724744440
1.30703301889784 0.471691648872007 1.87316724744440
1.30703301889784 0.471691648872007 1.87316724744440
1.30703301889784 0.471691648872007 1.87316724744440
1.30703301889784 0.471691648872007 1.87316724744440
1.30703301889784 0.471691648872007 1.87316724744440
1.30703301889784 0.471691648872007 1.87316724744440
1.30703301889784 0.471691648872007 1.87316724744440
1.30703301889784 0.471691648872007 1.87316724744440
1.30703301889784 0.471691648872007 1.87316724744440
1.02438181746127 0.119664514993264 1.7871507191464
1.02438181746127 0.119664514993264 1.7871507191464
1.02438181746127 0.119664514993264 1.7871507191464
1.02438181746127 0.119664514993264 1.7871507191464
0.543553696731857 1.19385017504082 1.82516949249293
0.543553696731857 1.19385017504082 1.82516949249293
0.336991210763081 0.950150429306232 2.13285520542275
0.885236688734787 0.247034319361771 1.55075642448988
0.242853251240472 0.392016149698624 2.16698735728411
0.242853251240472 0.392016149698624 2.16698735728411
0.242853251240472 0.392016149698624 2.16698735728411
1.05680443238435 -0.131160080497876 1.68776307108731
1.05680443238435 -0.131160080497876 1.68776307108731
1.05680443238435 -0.131160080497876 1.68776307108731
1.05680443238435 -0.131160080497876 1.68776307108731
1.05680443238435 -0.131160080497876 1.68776307108731
1.05680443238435 -0.131160080497876 1.68776307108731
0.702217203683589 0.566220186443919 2.14572676962987
0.702217203683589 0.566220186443919 2.14572676962987
0.702217203683589 0.566220186443919 2.14572676962987
0.702217203683589 0.566220186443919 2.14572676962987
0.702217203683589 0.566220186443919 2.14572676962987
0.702217203683589 0.566220186443919 2.14572676962987
0.702217203683589 0.566220186443919 2.14572676962987
0.702217203683589 0.566220186443919 2.14572676962987
0.702217203683589 0.566220186443919 2.14572676962987
0.305006483229238 1.25054594727876 1.93437649827678
0.305006483229238 1.25054594727876 1.93437649827678
0.305006483229238 1.25054594727876 1.93437649827678
0.305006483229238 1.25054594727876 1.93437649827678
0.305006483229238 1.25054594727876 1.93437649827678
0.305006483229238 1.25054594727876 1.93437649827678
