1 1 1
1 1 1
1 1 1
1.07632153610431 0.0579710899222086 1.28542689115216
1.07632153610431 0.0579710899222086 1.28542689115216
1.07632153610431 0.0579710899222086 1.28542689115216
1.07632153610431 0.0579710899222086 1.28542689115216
0.955754692425657 -0.189210070642327 1.83506126155145
0.955754692425657 -0.189210070642327 1.83506126155145
0.955754692425657 -0.189210070642327 1.83506126155145
0.746663871474096 0.43711490344302 1.47708509286810
0.746663871474096 0.43711490344302 1.47708509286810
0.746663871474096 0.43711490344302 1.47708509286810
0.746663871474096 0.43711490344302 1.47708509286810
0.746663871474096 0.43711490344302 1.47708509286810
0.746663871474096 0.43711490344302 1.47708509286810
0.746663871474096 0.43711490344302 1.47708509286810
0.746663871474096 0.43711490344302 1.47708509286810
0.746663871474096 0.43711490344302 1.47708509286810
0.746663871474096 0.43711490344302 1.47708509286810
0.746663871474096 0.43711490344302 1.47708509286810
0.746663871474096 0.43711490344302 1.47708509286810
0.746663871474096 0.43711490344302 1.47708509286810
0.372207317216009 1.0970631269768 2.59990936802726
0.372207317216009 1.0970631269768 2.59990936802726
0.372207317216009 1.0970631269768 2.59990936802726
0.372207317216009 1.0970631269768 2.59990936802726
0.372207317216009 1.0970631269768 2.59990936802726
0.372207317216009 1.0970631269768 2.59990936802726
0.372207317216009 1.0970631269768 2.59990936802726
0.372207317216009 1.0970631269768 2.59990936802726
0.372207317216009 1.0970631269768 2.59990936802726
0.372207317216009 1.0970631269768 2.59990936802726
0.376896615262247 -0.623347476584583 2.21744377782147
0.376896615262247 -0.623347476584583 2.21744377782147
0.376896615262247 -0.623347476584583 2.21744377782147
0.376896615262247 -0.623347476584583 2.21744377782147
0.376896615262247 -0.623347476584583 2.21744377782147
0.376896615262247 -0.623347476584583 2.21744377782147
1.36875622729971 0.0663086548824664 2.29721423732108
1.36875622729971 0.0663086548824664 2.29721423732108
1.36875622729971 0.0663086548824664 2.29721423732108
1.36875622729971 0.0663086548824664 2.29721423732108
1.36875622729971 0.0663086548824664 2.29721423732108
1.36875622729971 0.0663086548824664 2.29721423732108
1.36875622729971 0.0663086548824664 2.29721423732108
1.36875622729971 0.0663086548824664 2.29721423732108
1.36875622729971 0.0663086548824664 2.29721423732108
1.14011092174673 0.128259231418323 2.41306458720178
1.14011092174673 0.128259231418323 2.41306458720178
