1 1 1
0.531206570295775 1.87632184500392 1.37344359876471
1.51969488637443 2.05771954625932 1.54907040276075
1.51969488637443 2.05771954625932 1.54907040276075
0.626331831193169 1.34665959530749 1.43594553942496
0.626331831193169 1.34665959530749 1.43594553942496
0.626331831193169 1.34665959530749 1.43594553942496
0.626331831193169 1.34665959530749 1.43594553942496
0.626331831193169 1.34665959530749 1.43594553942496
0.626331831193169 1.34665959530749 1.43594553942496
0.626331831193169 1.34665959530749 1.43594553942496
0.626331831193169 1.34665959530749 1.43594553942496
-0.28638317442294 0.616304304475359 2.25630285197856
0.347233303918652 1.78189219507857 2.40373773103728
0.347233303918652 1.78189219507857 2.40373773103728
0.347233303918652 1.78189219507857 2.40373773103728
0.347233303918652 1.78189219507857 2.40373773103728
0.599012167408388 2.08522232264250 2.06422916614204
0.599012167408388 2.08522232264250 2.06422916614204
0.0532196494319165 1.64968256069547 1.77702675389539
-0.655163238476274 0.862262074457861 1.55678550605573
-0.655163238476274 0.862262074457861 1.55678550605573
-0.655163238476274 0.862262074457861 1.55678550605573
-0.655163238476274 0.862262074457861 1.55678550605573
-0.655163238476274 0.862262074457861 1.55678550605573
-0.222791239012139 1.26479890370984 1.26679999914801
-0.222791239012139 1.26479890370984 1.26679999914801
-0.222791239012139 1.26479890370984 1.26679999914801
0.099105211760076 0.933378525811034 0.623922265453732
0.099105211760076 0.933378525811034 0.623922265453732
0.099105211760076 0.933378525811034 0.623922265453732
0.099105211760076 0.933378525811034 0.623922265453732
0.099105211760076 0.933378525811034 0.623922265453732
0.099105211760076 0.933378525811034 0.623922265453732
0.099105211760076 0.933378525811034 0.623922265453732
0.099105211760076 0.933378525811034 0.623922265453732
0.099105211760076 0.933378525811034 0.623922265453732
0.099105211760076 0.933378525811034 0.623922265453732
0.099105211760076 0.933378525811034 0.623922265453732
0.826907452391741 1.79760643069486 2.232970704417
1.93316590886278 0.57274066147027 2.21456858970483
1.93316590886278 0.57274066147027 2.21456858970483
1.93316590886278 0.57274066147027 2.21456858970483
0.102072672304491 0.405352600019417 1.76081946206806
0.102072672304491 0.405352600019417 1.76081946206806
0.102072672304491 0.405352600019417 1.76081946206806
0.102072672304491 0.405352600019417 1.76081946206806
1.18940916880672 0.397154275140176 0.6342135665518
1.18940916880672 0.397154275140176 0.6342135665518
1.18940916880672 0.397154275140176 0.6342135665518
