1 1 1
0.55694479572049 0.637039839694095 0.603820303600565
0.714663804138059 0.824178672620703 0.278633288869524
0.714663804138059 0.824178672620703 0.278633288869524
0.714663804138059 0.824178672620703 0.278633288869524
0.714663804138059 0.824178672620703 0.278633288869524
0.498042400074690 1.00867976108443 0.39228807044894
0.498042400074690 1.00867976108443 0.39228807044894
0.498042400074690 1.00867976108443 0.39228807044894
0.498042400074690 1.00867976108443 0.39228807044894
0.498042400074690 1.00867976108443 0.39228807044894
0.548816606240985 2.31570081823554 0.360386661535365
0.548816606240985 2.31570081823554 0.360386661535365
0.951833060163727 1.99743047093235 1.63868239841431
0.760514638075045 1.68955118127736 1.18631183289491
0.760514638075045 1.68955118127736 1.18631183289491
0.760514638075045 1.68955118127736 1.18631183289491
0.710883511140722 0.310227327877047 1.55298784604661
1.07926082763601 0.284707640988981 1.79894559728938
0.836723803285512 -0.0201815920975522 0.903487542081504
0.836723803285512 -0.0201815920975522 0.903487542081504
0.836723803285512 -0.0201815920975522 0.903487542081504
0.836723803285512 -0.0201815920975522 0.903487542081504
0.836723803285512 -0.0201815920975522 0.903487542081504
0.836723803285512 -0.0201815920975522 0.903487542081504
0.836723803285512 -0.0201815920975522 0.903487542081504
1.29051083981112 -0.0487360170904157 1.64514385657240
1.29051083981112 -0.0487360170904157 1.64514385657240
1.29051083981112 -0.0487360170904157 1.64514385657240
1.29051083981112 -0.0487360170904157 1.64514385657240
1.29051083981112 -0.0487360170904157 1.64514385657240
1.29051083981112 -0.0487360170904157 1.64514385657240
1.29051083981112 -0.0487360170904157 1.64514385657240
1.34579506833633 0.257919892624585 1.59031038492248
1.34579506833633 0.257919892624585 1.59031038492248
1.34579506833633 0.257919892624585 1.59031038492248
1.34579506833633 0.257919892624585 1.59031038492248
1.34579506833633 0.257919892624585 1.59031038492248
1.34579506833633 0.257919892624585 1.59031038492248
1.34579506833633 0.257919892624585 1.59031038492248
1.34579506833633 0.257919892624585 1.59031038492248
0.542702346884062 1.09580951241295 0.683059537426883
-1.06840454921326 0.300738800367303 0.0718336642331425
-1.06840454921326 0.300738800367303 0.0718336642331425
-1.08929734309155 -0.224194938245868 0.993791848031115
0.0433419076725863 0.525581247105195 1.77047868143845
0.0433419076725863 0.525581247105195 1.77047868143845
0.0433419076725863 0.525581247105195 1.77047868143845
0.0433419076725863 0.525581247105195 1.77047868143845
0.0433419076725863 0.525581247105195 1.77047868143845
