1 1 1
1.15236009758984 0.901953379194153 1.50912777021031
1.15236009758984 0.901953379194153 1.50912777021031
0.281236459587787 0.460597469668342 0.721510707719817
0.281236459587787 0.460597469668342 0.721510707719817
0.281236459587787 0.460597469668342 0.721510707719817
0.281236459587787 0.460597469668342 0.721510707719817
0.281236459587787 0.460597469668342 0.721510707719817
0.281236459587787 0.460597469668342 0.721510707719817
0.924752862206204 0.566881912579506 0.85174449624775
0.924752862206204 0.566881912579506 0.85174449624775
0.924752862206204 0.566881912579506 0.85174449624775
0.354497686586646 0.535499694273088 1.13503332028881
0.354497686586646 0.535499694273088 1.13503332028881
0.354497686586646 0.535499694273088 1.13503332028881
0.354497686586646 0.535499694273088 1.13503332028881
0.796375561091966 0.280374894241825 1.43999308456025
0.274477621880404 0.739818344554022 1.27249482240923
0.274477621880404 0.739818344554022 1.27249482240923
0.291286342157099 0.487759101409876 0.741474371862912
0.114267363772365 -0.619703272490586 1.26365794789201
0.745010145610802 -0.208747514248875 1.2922915786192
0.745010145610802 -0.208747514248875 1.2922915786192
0.745010145610802 -0.208747514248875 1.2922915786192
0.310305877073338 0.0986763617831972 1.76301725815003
0.945614586465512 0.254545685504804 2.16627465793440
0.945614586465512 0.254545685504804 2.16627465793440
1.45458264519889 0.236545397273834 1.50120722987699
1.45458264519889 0.236545397273834 1.50120722987699
1.45458264519889 0.236545397273834 1.50120722987699
1.11520357815767 0.102198820762357 2.14587396307493
1.11520357815767 0.102198820762357 2.14587396307493
1.28690056530682 0.077074035504248 1.62245380288436
1.28690056530682 0.077074035504248 1.62245380288436
1.28690056530682 0.077074035504248 1.62245380288436
1.28690056530682 0.077074035504248 1.62245380288436
1.28690056530682 0.077074035504248 1.62245380288436
1.28690056530682 0.077074035504248 1.62245380288436
-0.170967034794186 0.0576497046398976 1.48602776444872
-0.170967034794186 0.0576497046398976 1.48602776444872
-0.170967034794186 0.0576497046398976 1.48602776444872
-0.179293556338932 -0.164450492090269 1.48268233398246
0.0563160723358145 0.094593605236769 1.98677784019701
0.0563160723358145 0.094593605236769 1.98677784019701
0.0563160723358145 0.094593605236769 1.98677784019701
0.0356765638964809 1.35045681167253 1.40246914209504
0.0356765638964809 1.35045681167253 1.40246914209504
0.0356765638964809 1.35045681167253 1.40246914209504
0.0356765638964809 1.35045681167253 1.40246914209504
0.515783967888326 1.1212634312826 1.62093863719988
