1 1 1
1 1 1
1 1 1
1 1 1
1.03680172755973 1.81287100214201 1.06897298571514
1.65355062062686 0.0359387731641803 1.12090940841043
1.62058183037898 0.584877135725003 0.389003544035518
1.62058183037898 0.584877135725003 0.389003544035518
1.62058183037898 0.584877135725003 0.389003544035518
1.62058183037898 0.584877135725003 0.389003544035518
0.102937803759782 1.01021426679892 2.29613851717332
0.102937803759782 1.01021426679892 2.29613851717332
-0.170499084961923 1.09409012705449 1.54439139052091
0.761660604979655 1.30813361852941 1.40835833082568
-0.0314108964898531 0.727134098935362 2.95498404650118
1.25470211107076 1.39744346152525 2.19912091627352
1.25470211107076 1.39744346152525 2.19912091627352
0.985593931422919 1.08639280531855 0.81224030194833
0.985593931422919 1.08639280531855 0.81224030194833
1.77230274286249 -0.452334231158916 0.777203591529143
1.77230274286249 -0.452334231158916 0.777203591529143
0.15278108837619 -0.235625361516406 1.13376651609765
0.15278108837619 -0.235625361516406 1.13376651609765
0.15278108837619 -0.235625361516406 1.13376651609765
0.15278108837619 -0.235625361516406 1.13376651609765
-0.234472574120955 -1.11583791146112 1.70503408070556
0.638817865803421 0.0906730572934706 -0.757339381065116
0.638817865803421 0.0906730572934706 -0.757339381065116
0.638817865803421 0.0906730572934706 -0.757339381065116
0.638817865803421 0.0906730572934706 -0.757339381065116
