1 1 1
-0.670838774709276 1.15521956741355 0.753846006332175
-0.670838774709276 1.15521956741355 0.753846006332175
-0.38268708898671 0.333449667184538 1.85134681802482
0.778240754932996 1.51303170104163 1.90391928740616
0.778240754932996 1.51303170104163 1.90391928740616
0.858996232973441 0.895221233936932 1.36474732827811
0.858996232973441 0.895221233936932 1.36474732827811
-0.451302952702184 0.10410476837343 1.09831653653794
-0.211912395248664 0.914908281639916 0.652082748784655
-0.211912395248664 0.914908281639916 0.652082748784655
-0.211912395248664 0.914908281639916 0.652082748784655
0.294795147253385 2.2727021593627 2.36035431897667
0.294795147253385 2.2727021593627 2.36035431897667
0.294795147253385 2.2727021593627 2.36035431897667
0.294795147253385 2.2727021593627 2.36035431897667
0.610813401639449 1.34054760761888 1.67427891367053
0.261622195549965 1.27429051093999 1.2978380671822
0.261622195549965 1.27429051093999 1.2978380671822
0.261622195549965 1.27429051093999 1.2978380671822
-0.733007345221285 1.88752094063094 2.9406182184782
0.58573523690069 2.37042139277782 3.56783663760259
1.76489968978836 2.46398201908375 2.29545543814864
2.33680815255426 2.98298613994688 2.12187542466157
2.18004759291895 2.74235982920822 1.72208885749832
-0.00699038705483757 1.27388844550006 2.75496007718124
-0.931976881892106 0.29324227812712 1.90599568694087
-1.08876526079512 0.741958469830841 2.00117878775491
-0.61543595437305 0.00920774177183714 3.21090656586414
-0.61543595437305 0.00920774177183714 3.21090656586414
