1 1 1
-0.841405663869405 -0.650779195756523 1.05279447573512
0.484689420800398 -0.0971823691662436 1.80785034341229
0.484689420800398 -0.0971823691662436 1.80785034341229
0.484689420800398 -0.0971823691662436 1.80785034341229
0.484689420800398 -0.0971823691662436 1.80785034341229
0.484689420800398 -0.0971823691662436 1.80785034341229
0.484689420800398 -0.0971823691662436 1.80785034341229
0.484689420800398 -0.0971823691662436 1.80785034341229
0.484689420800398 -0.0971823691662436 1.80785034341229
0.484689420800398 -0.0971823691662436 1.80785034341229
0.484689420800398 -0.0971823691662436 1.80785034341229
0.484689420800398 -0.0971823691662436 1.80785034341229
0.484689420800398 -0.0971823691662436 1.80785034341229
0.484689420800398 -0.0971823691662436 1.80785034341229
0.484689420800398 -0.0971823691662436 1.80785034341229
1.03412249559075 0.311241113658561 2.12703031184755
1.03412249559075 0.311241113658561 2.12703031184755
1.03412249559075 0.311241113658561 2.12703031184755
1.03412249559075 0.311241113658561 2.12703031184755
1.03412249559075 0.311241113658561 2.12703031184755
1.03412249559075 0.311241113658561 2.12703031184755
1.03412249559075 0.311241113658561 2.12703031184755
1.31158868595280 0.731778031611455 2.07083250292058
1.24158142624867 1.02867620505767 1.04043495956160
1.24158142624867 1.02867620505767 1.04043495956160
-0.152348306030480 0.573995943958125 1.42130976349898
-0.152348306030480 0.573995943958125 1.42130976349898
-0.152348306030480 0.573995943958125 1.42130976349898
-0.152348306030480 0.573995943958125 1.42130976349898
-0.152348306030480 0.573995943958125 1.42130976349898
-0.152348306030480 0.573995943958125 1.42130976349898
-0.152348306030480 0.573995943958125 1.42130976349898
0.615176690049747 0.791978339285308 2.63883523617173
0.615176690049747 0.791978339285308 2.63883523617173
0.615176690049747 0.791978339285308 2.63883523617173
0.615176690049747 0.791978339285308 2.63883523617173
0.615176690049747 0.791978339285308 2.63883523617173
0.615176690049747 0.791978339285308 2.63883523617173
0.615176690049747 0.791978339285308 2.63883523617173
0.615176690049747 0.791978339285308 2.63883523617173
0.615176690049747 0.791978339285308 2.63883523617173
0.615176690049747 0.791978339285308 2.63883523617173
0.615176690049747 0.791978339285308 2.63883523617173
0.615176690049747 0.791978339285308 2.63883523617173
0.615176690049747 0.791978339285308 2.63883523617173
0.615176690049747 0.791978339285308 2.63883523617173
0.615176690049747 0.791978339285308 2.63883523617173
0.615176690049747 0.791978339285308 2.63883523617173
0.615176690049747 0.791978339285308 2.63883523617173
