1 1 1
1 1 1
1 1 1
1 1 1
1 1 1
1 1 1
1 1 1
1 1 1
1 1 1
1 1 1
1 1 1
1 1 1
1 1 1
1.87634854963552 1.67586540496633 0.350866319771427
1.87634854963552 1.67586540496633 0.350866319771427
1.87634854963552 1.67586540496633 0.350866319771427
1.87634854963552 1.67586540496633 0.350866319771427
1.87634854963552 1.67586540496633 0.350866319771427
0.520461910388388 1.56570477870007 0.431869779093125
0.520461910388388 1.56570477870007 0.431869779093125
0.520461910388388 1.56570477870007 0.431869779093125
0.520461910388388 1.56570477870007 0.431869779093125
0.520461910388388 1.56570477870007 0.431869779093125
0.520461910388388 1.56570477870007 0.431869779093125
0.520461910388388 1.56570477870007 0.431869779093125
0.520461910388388 1.56570477870007 0.431869779093125
0.520461910388388 1.56570477870007 0.431869779093125
0.366820921869496 0.793858698361541 2.49320712276501
0.366820921869496 0.793858698361541 2.49320712276501
0.999502365652445 -0.0102836920340454 0.278218454141569
