1 1 1
1.89469099928007 1.33856547025136 -0.395016848050098
2.26762395051717 -0.117564485579867 0.449354189581002
2.26762395051717 -0.117564485579867 0.449354189581002
2.26762395051717 -0.117564485579867 0.449354189581002
2.26762395051717 -0.117564485579867 0.449354189581002
2.92665074550929 0.0402303091010087 1.05621265761332
2.92665074550929 0.0402303091010087 1.05621265761332
1.28259086223265 1.21015001914218 1.78984226058666
0.858225516015994 0.680116452988624 1.67253581400009
0.858225516015994 0.680116452988624 1.67253581400009
0.293450579562954 0.40955998414927 2.39110164486091
0.88109223416254 0.904708807359548 2.76573900763358
0.88109223416254 0.904708807359548 2.76573900763358
0.88109223416254 0.904708807359548 2.76573900763358
0.88109223416254 0.904708807359548 2.76573900763358
0.88109223416254 0.904708807359548 2.76573900763358
0.88109223416254 0.904708807359548 2.76573900763358
1.25062315503362 1.65218544945962 1.90914446363929
1.25062315503362 1.65218544945962 1.90914446363929
1.25062315503362 1.65218544945962 1.90914446363929
1.25062315503362 1.65218544945962 1.90914446363929
1.25062315503362 1.65218544945962 1.90914446363929
0.9220486949238 1.03089408027413 2.49283532251301
0.9220486949238 1.03089408027413 2.49283532251301
0.9220486949238 1.03089408027413 2.49283532251301
0.9220486949238 1.03089408027413 2.49283532251301
0.9220486949238 1.03089408027413 2.49283532251301
0.9220486949238 1.03089408027413 2.49283532251301
0.9220486949238 1.03089408027413 2.49283532251301
0.9220486949238 1.03089408027413 2.49283532251301
1.31659498878201 1.20446216611203 2.84284544258444
0.906702372619729 0.388836304603097 2.88270095984209
0.906702372619729 0.388836304603097 2.88270095984209
0.906702372619729 0.388836304603097 2.88270095984209
0.906702372619729 0.388836304603097 2.88270095984209
0.906702372619729 0.388836304603097 2.88270095984209
0.900608543686143 0.724814837987306 1.81585680991508
0.900608543686143 0.724814837987306 1.81585680991508
0.900608543686143 0.724814837987306 1.81585680991508
0.900608543686143 0.724814837987306 1.81585680991508
0.900608543686143 0.724814837987306 1.81585680991508
0.900608543686143 0.724814837987306 1.81585680991508
0.900608543686143 0.724814837987306 1.81585680991508
0.900608543686143 0.724814837987306 1.81585680991508
0.900608543686143 0.724814837987306 1.81585680991508
0.900608543686143 0.724814837987306 1.81585680991508
0.900608543686143 0.724814837987306 1.81585680991508
0.900608543686143 0.724814837987306 1.81585680991508
0.900608543686143 0.724814837987306 1.81585680991508
