1 1 1
1 1 1
1 1 1
1 1 1
0.463894282940868 0.654590600435528 1.3537657737644
1.49613429642264 1.09022937489095 0.120762865404949
1.49613429642264 1.09022937489095 0.120762865404949
1.49613429642264 1.09022937489095 0.120762865404949
1.49613429642264 1.09022937489095 0.120762865404949
0.273940135401981 0.631311423641043 0.628799550850213
-2.43352536465425 0.938588886508838 1.76522324180612
-2.43352536465425 0.938588886508838 1.76522324180612
-0.270878445134464 1.97675246328333 0.754245894673823
-0.270878445134464 1.97675246328333 0.754245894673823
-0.270878445134464 1.97675246328333 0.754245894673823
-0.270878445134464 1.97675246328333 0.754245894673823
-0.270878445134464 1.97675246328333 0.754245894673823
-0.270878445134464 1.97675246328333 0.754245894673823
-1.57438794259868 1.36637383272762 1.24789944541456
-1.57438794259868 1.36637383272762 1.24789944541456
-1.57438794259868 1.36637383272762 1.24789944541456
-1.57438794259868 1.36637383272762 1.24789944541456
-1.57438794259868 1.36637383272762 1.24789944541456
-1.57438794259868 1.36637383272762 1.24789944541456
-0.577559429678214 1.68048397492913 1.0823316950901
1.14751741838665 1.33009483404539 1.38743789838267
1.14751741838665 1.33009483404539 1.38743789838267
-0.297305837920432 0.930489278156272 2.34111990693379
-0.297305837920432 0.930489278156272 2.34111990693379
-0.297305837920432 0.930489278156272 2.34111990693379
