1 1 1
1 1 1
1 1 1
1 1 1
1 1 1
1 1 1
1 1 1
1 1 1
1 1 1
1 1 1
1 1 1
1 1 1
1 1 1
1 1 1
1 1 1
1 1 1
1 1 1
0.893004558524784 0.359550137909272 2.1130333183874
0.893004558524784 0.359550137909272 2.1130333183874
0.562543058403836 1.28825837092798 2.49533385578311
0.562543058403836 1.28825837092798 2.49533385578311
0.562543058403836 1.28825837092798 2.49533385578311
-0.407069039486909 1.07966980958586 2.78991727495768
-0.407069039486909 1.07966980958586 2.78991727495768
-0.407069039486909 1.07966980958586 2.78991727495768
-0.407069039486909 1.07966980958586 2.78991727495768
-0.407069039486909 1.07966980958586 2.78991727495768
0.256266970224365 1.05305634913139 2.57623109389572
0.256266970224365 1.05305634913139 2.57623109389572
0.712848058244999 0.807390226209612 1.91304853560175
