1 1 1
1.52670465443457 -0.334557832336706 0.971938004324338
1.52670465443457 -0.334557832336706 0.971938004324338
1.52670465443457 -0.334557832336706 0.971938004324338
1.52670465443457 -0.334557832336706 0.971938004324338
1.52670465443457 -0.334557832336706 0.971938004324338
1.52670465443457 -0.334557832336706 0.971938004324338
1.15916247767224 1.080214099092 1.39237402096166
1.15916247767224 1.080214099092 1.39237402096166
1.15916247767224 1.080214099092 1.39237402096166
1.15916247767224 1.080214099092 1.39237402096166
1.15916247767224 1.080214099092 1.39237402096166
-0.322647454623836 2.37585966616687 2.23805429984622
0.371331827105856 2.03267718442981 1.87148727232349
0.371331827105856 2.03267718442981 1.87148727232349
0.371331827105856 2.03267718442981 1.87148727232349
0.0284396596552503 1.75312877449856 1.402371319731
0.0284396596552503 1.75312877449856 1.402371319731
0.0284396596552503 1.75312877449856 1.402371319731
0.0199528683631812 1.60019301151864 1.18556327441575
0.0199528683631812 1.60019301151864 1.18556327441575
0.756382130237846 0.578048433877218 1.4140582647538
0.996906853199506 0.21466376656724 1.96190998958542
-0.473063538062806 2.3157425424123 2.37562616553496
0.213594730644927 0.427436996750438 1.21469076242783
0.14868943475339 0.627358772309231 1.68048850904962
0.14868943475339 0.627358772309231 1.68048850904962
0.14868943475339 0.627358772309231 1.68048850904962
0.14868943475339 0.627358772309231 1.68048850904962
-0.458610704365971 1.27949105392445 1.69938039127629
