1 1 1
0.0284950756061255 0.646307922971528 0.423143893072361
0.0284950756061255 0.646307922971528 0.423143893072361
0.0284950756061255 0.646307922971528 0.423143893072361
0.0284950756061255 0.646307922971528 0.423143893072361
0.0284950756061255 0.646307922971528 0.423143893072361
0.0284950756061255 0.646307922971528 0.423143893072361
0.0284950756061255 0.646307922971528 0.423143893072361
0.0284950756061255 0.646307922971528 0.423143893072361
0.0284950756061255 0.646307922971528 0.423143893072361
1.47910435230210 1.16198781754967 0.923483940129102
1.47910435230210 1.16198781754967 0.923483940129102
1.47910435230210 1.16198781754967 0.923483940129102
1.47910435230210 1.16198781754967 0.923483940129102
-0.202117502538653 0.853095360898748 0.342219709850968
-0.202117502538653 0.853095360898748 0.342219709850968
-0.202117502538653 0.853095360898748 0.342219709850968
-0.202117502538653 0.853095360898748 0.342219709850968
-0.202117502538653 0.853095360898748 0.342219709850968
-0.202117502538653 0.853095360898748 0.342219709850968
-0.202117502538653 0.853095360898748 0.342219709850968
-0.202117502538653 0.853095360898748 0.342219709850968
0.381479166450996 0.659665341412171 0.495956526506999
0.381479166450996 0.659665341412171 0.495956526506999
0.381479166450996 0.659665341412171 0.495956526506999
0.381479166450996 0.659665341412171 0.495956526506999
0.381479166450996 0.659665341412171 0.495956526506999
0.381479166450996 0.659665341412171 0.495956526506999
1.32699627767070 0.548957082730277 0.627362669543265
1.32699627767070 0.548957082730277 0.627362669543265
1.32699627767070 0.548957082730277 0.627362669543265
0.465302588314982 0.313600747309802 0.122169484288380
0.465302588314982 0.313600747309802 0.122169484288380
0.632771951252883 0.124556706427142 0.906063393450721
0.632771951252883 0.124556706427142 0.906063393450721
0.632771951252883 0.124556706427142 0.906063393450721
0.632771951252883 0.124556706427142 0.906063393450721
0.632771951252883 0.124556706427142 0.906063393450721
0.632771951252883 0.124556706427142 0.906063393450721
-0.320781243669569 0.331146440607224 0.308350354892372
-0.320781243669569 0.331146440607224 0.308350354892372
-0.320781243669569 0.331146440607224 0.308350354892372
-0.602878311816807 0.687580491048248 0.488795510695418
0.401010178680645 0.710842421507212 0.696240445818405
0.401010178680645 0.710842421507212 0.696240445818405
0.401010178680645 0.710842421507212 0.696240445818405
0.401010178680645 0.710842421507212 0.696240445818405
0.401010178680645 0.710842421507212 0.696240445818405
0.401010178680645 0.710842421507212 0.696240445818405
0.401010178680645 0.710842421507212 0.696240445818405
