1 1 1
1.22504557797475 0.826226189263207 0.269592226383406
1.22504557797475 0.826226189263207 0.269592226383406
2.08640171032799 0.582859784621861 0.714337873137488
2.08640171032799 0.582859784621861 0.714337873137488
2.08640171032799 0.582859784621861 0.714337873137488
2.08640171032799 0.582859784621861 0.714337873137488
2.08640171032799 0.582859784621861 0.714337873137488
2.0347419380388 -0.28845405457049 -0.309422961177398
2.0347419380388 -0.28845405457049 -0.309422961177398
2.0347419380388 -0.28845405457049 -0.309422961177398
2.0347419380388 -0.28845405457049 -0.309422961177398
2.0347419380388 -0.28845405457049 -0.309422961177398
2.0347419380388 -0.28845405457049 -0.309422961177398
2.0347419380388 -0.28845405457049 -0.309422961177398
1.28375717327927 0.160668809442834 0.115131328068679
1.47099257716385 -0.216648045509403 1.10115261372654
0.449405684957669 0.0331176686638509 1.24746732998838
0.449405684957669 0.0331176686638509 1.24746732998838
-0.444998831756387 0.132324230752680 1.71470713217571
-0.444998831756387 0.132324230752680 1.71470713217571
-0.444998831756387 0.132324230752680 1.71470713217571
-0.444998831756387 0.132324230752680 1.71470713217571
-0.444998831756387 0.132324230752680 1.71470713217571
-0.444998831756387 0.132324230752680 1.71470713217571
-0.444998831756387 0.132324230752680 1.71470713217571
-0.444998831756387 0.132324230752680 1.71470713217571
-0.444998831756387 0.132324230752680 1.71470713217571
-0.444998831756387 0.132324230752680 1.71470713217571
-0.444998831756387 0.132324230752680 1.71470713217571
0.430019265191349 1.27050577574256 2.90168273823570
0.430019265191349 1.27050577574256 2.90168273823570
0.430019265191349 1.27050577574256 2.90168273823570
0.430019265191349 1.27050577574256 2.90168273823570
0.430019265191349 1.27050577574256 2.90168273823570
0.430019265191349 1.27050577574256 2.90168273823570
0.430019265191349 1.27050577574256 2.90168273823570
0.750716661565814 0.697669475579864 3.03304759813932
0.750716661565814 0.697669475579864 3.03304759813932
0.313866645137519 -0.376479226059415 2.51561687696144
0.313866645137519 -0.376479226059415 2.51561687696144
0.313866645137519 -0.376479226059415 2.51561687696144
0.766977050345103 0.0476102056366338 2.90838596252631
0.766977050345103 0.0476102056366338 2.90838596252631
0.766977050345103 0.0476102056366338 2.90838596252631
0.766977050345103 0.0476102056366338 2.90838596252631
0.766977050345103 0.0476102056366338 2.90838596252631
0.766977050345103 0.0476102056366338 2.90838596252631
0.766977050345103 0.0476102056366338 2.90838596252631
0.766977050345103 0.0476102056366338 2.90838596252631
