1 1 1
0.085472748673559 1.18444897652577 0.68805413896026
0.085472748673559 1.18444897652577 0.68805413896026
0.00579644182337337 0.310925104445195 0.628290028625491
0.147115448536634 1.02618134193033 0.408321288547028
0.147115448536634 1.02618134193033 0.408321288547028
0.494489925086274 1.27319122802447 0.80572976246094
0.617831880850245 1.74346503180512 1.05484811874531
0.617831880850245 1.74346503180512 1.05484811874531
1.60930234476718 0.887778279711515 0.319493221172572
2.33248157304135 1.86654359876304 0.363053631161309
1.51265733353706 0.943491187001174 1.21406094478153
1.57125957030364 1.67908938977546 1.00650568211053
1.85402943387261 1.72685581098661 1.71950278764125
1.85402943387261 1.72685581098661 1.71950278764125
0.984995644382978 0.854141980598657 1.30253421175109
0.0751104055871649 0.511335275705789 1.3958560678245
1.00602356001727 2.15595181342757 1.36174394679586
0.256693196793255 1.67711664592453 1.39931397529171
1.32641514470431 2.14829167502098 1.34974041154454
1.32641514470431 2.14829167502098 1.34974041154454
1.32641514470431 2.14829167502098 1.34974041154454
1.714663678771 1.16456817806266 2.09191408894652
1.53682969809477 1.48432730918849 1.88391120651131
1.53682969809477 1.48432730918849 1.88391120651131
1.5112724800929 1.87540989633787 1.93674176730042
1.5112724800929 1.87540989633787 1.93674176730042
0.545970001230923 0.617890915495705 0.847275333175519
0.634326766088941 2.03790536456511 0.354521201406738
0.634326766088941 2.03790536456511 0.354521201406738
