1 1 1
1 1 1
1 1 1
1 1 1
1 1 1
1 1 1
1 1 1
1 1 1
1 1 1
1 1 1
1 1 1
1 1 1
1 1 1
1 1 1
1 1 1
1 1 1
1 1 1
1 1 1
0.6794725378827 0.666139119654246 1.13225198716163
0.6794725378827 0.666139119654246 1.13225198716163
0.6794725378827 0.666139119654246 1.13225198716163
0.79874658832111 0.655168333301982 1.58311698584203
0.79874658832111 0.655168333301982 1.58311698584203
0.79874658832111 0.655168333301982 1.58311698584203
0.79874658832111 0.655168333301982 1.58311698584203
0.79874658832111 0.655168333301982 1.58311698584203
0.79874658832111 0.655168333301982 1.58311698584203
0.79874658832111 0.655168333301982 1.58311698584203
0.79874658832111 0.655168333301982 1.58311698584203
0.79874658832111 0.655168333301982 1.58311698584203
0.79874658832111 0.655168333301982 1.58311698584203
0.79874658832111 0.655168333301982 1.58311698584203
0.79874658832111 0.655168333301982 1.58311698584203
0.593440630327246 0.601955311400944 1.11495042754972
0.593440630327246 0.601955311400944 1.11495042754972
-0.502604243391412 0.624811052018158 1.37837103585994
-0.502604243391412 0.624811052018158 1.37837103585994
-0.150165991284090 0.0812765785611046 2.18867933846931
-0.150165991284090 0.0812765785611046 2.18867933846931
-0.101632832729547 0.289796888534684 1.14811813319292
0.506621893587209 0.529663338640295 1.02500197814377
0.506621893587209 0.529663338640295 1.02500197814377
0.506621893587209 0.529663338640295 1.02500197814377
0.506621893587209 0.529663338640295 1.02500197814377
0.506621893587209 0.529663338640295 1.02500197814377
0.506621893587209 0.529663338640295 1.02500197814377
0.506621893587209 0.529663338640295 1.02500197814377
0.506621893587209 0.529663338640295 1.02500197814377
0.506621893587209 0.529663338640295 1.02500197814377
0.506621893587209 0.529663338640295 1.02500197814377
