1 1 1
1 1 1
1 1 1
1 1 1
0.547478614588978 0.457221872744829 1.66173949125324
0.917066914266816 0.275952363887909 1.73432109934984
0.917066914266816 0.275952363887909 1.73432109934984
-0.0512400842540399 0.727306867386074 1.85830180040007
-0.585014231306242 1.08982516736379 1.64376044154623
-0.585014231306242 1.08982516736379 1.64376044154623
-0.585014231306242 1.08982516736379 1.64376044154623
-0.585014231306242 1.08982516736379 1.64376044154623
0.0565795865997335 0.253263662509353 1.29249613163671
0.0565795865997335 0.253263662509353 1.29249613163671
0.733807563263332 0.0252177966282073 1.35915601172356
0.733807563263332 0.0252177966282073 1.35915601172356
0.733807563263332 0.0252177966282073 1.35915601172356
0.0370466225078731 -0.684637437068398 1.45998206274425
0.352528654635922 -0.992312662752626 0.70562370038887
0.670809450601781 -0.962000786414347 1.07928171108125
0.670809450601781 -0.962000786414347 1.07928171108125
2.04099194101814 -1.32205922316248 0.70304543927464
2.04099194101814 -1.32205922316248 0.70304543927464
2.62703461723695 -1.90138324608423 1.31115742500713
3.5949550093888 -1.14638726455968 0.511458411372818
3.5949550093888 -1.14638726455968 0.511458411372818
4.0426424881464 -0.74146124530574 0.466158696158811
4.0426424881464 -0.74146124530574 0.466158696158811
3.52901793552112 -0.595964336464183 1.30921266245405
3.37686801554586 0.0828102905057405 2.1594559057747
