0.4
0.304526527291525
0.297385705511328
0.312837404484498
0.385428241818736
0.384807001098879
0.300918399553519
0.34001878069157
0.343539745469622
0.327925138436098
0.378255792379646
0.355529872675991
0.305227304272514
0.341524658476109
0.32231639935927
0.312165197036206
0.373666664110419
0.344848746398824
0.321357585353911
0.353261233459255
0.336926475604656
0.30502911190456
0.328102643861384
0.329598309437063
0.297632795110282
0.377177700586059
0.327481930882237
0.33024180940087
0.349911859428167
0.334946041421772
