1.75
1.69476491657918
2.12054904569599
1.96846975164027
2.12296305949194
1.63987727227332
1.65664667498245
1.47909066074953
1.55945497031284
1.60303551334767
1.44718160396404
1.49525047068105
1.55960339654524
1.46349362391591
1.19579588610861
1.26468292789453
1.23324293743335
1.44690604739005
1.45643762455784
1.72388303226983
1.93889529186529
1.98867006632168
1.89222998995019
1.98660564406253
2.21520193079911
2.19086005459794
2.38267019239724
2.38930218322815
2.15875423523796
1.63161202068932
1.46311375680627
1.34104100433332
1.41876395205079
1.25392699583216
1.23289209227578
1.54674831824995
1.51711743911661
1.24858945224734
1.26732237662446
1.25340675928237
1.2603557745226
1.41204156408252
1.25362823873529
1.42711704416992
1.81145324886572
1.65673756573265
1.84952301962134
2.12699358365319
1.72183521893247
2.11851359588962
