1.75
1.88113183281527
2.01796495290993
1.94226360205103
2.09245100854693
1.66387524475270
1.32293384266937
1.31864221478920
1.22713732360411
1.44399507308475
1.29009969647062
1.43848055819077
1.32862261705499
1.22332601960768
1.17005612986669
1.32294274917165
1.21004196121164
1.22152907903778
1.19166514298585
1.59240719417358
1.45790959242086
1.85452486522046
2.04666118740621
1.74237841186785
1.70249530773366
1.86897804057898
1.92669504283703
1.90337478239606
2.24737833130014
2.28503017638211
2.40918392747115
2.28913811867183
1.85929934193992
2.22292102467171
2.19037626269589
2.17835213880631
2.22691067552810
2.18698110939395
2.23957475078374
2.20267741127886
2.14603891572060
2.02456990816302
2.08033125294146
2.07738785407585
2.28061363001359
2.41759346476866
2.42046721865847
2.43274964045386
2.43238134141849
2.41649689159941
