2.45
2.41111000697777
2.44553470784662
2.4039929037763
2.29027743998567
1.89102292899934
1.87284411924134
1.87931035137104
1.80021790602055
1.98286085767721
1.57387448673150
1.56425503995073
1.50741478092274
1.50663630540567
1.66628511854882
1.29426124047490
1.34983323607303
1.61871706993828
1.61148784859213
1.85162015385327
1.77491229111957
1.96251902307551
1.86633057307900
1.75165966681249
1.70415125549962
1.84200144204149
1.84288078018954
1.99468766210157
2.06736700496804
2.20391552064077
2.14478712568369
2.15164042496933
1.92695527076135
1.89831361804280
1.77864161387337
1.8712116547118
2.31757167522141
2.37978888778663
2.30694450814805
2.36512324794112
2.28450158865331
2.19627718363334
2.25186504935178
2.28360431144184
2.42887301448157
2.36586568040806
2.39701318323351
2.36542019576175
1.90015379383599
2.06361879979007
