1.5
1.81951813381594
2.01494800064935
2.21582623163292
2.25720793418146
2.29914957263719
2.01664974002770
1.98042632709990
2.20625471847205
2.22866279276296
2.02271447575562
1.98222124152595
1.96775150798990
1.77576094981780
1.81783948012268
1.99905332102005
2.24417075192388
2.12859714480016
1.58777438351176
1.5568650190227
1.87683748542024
2.24403898990206
2.28414928239127
2.14406346381005
2.09742605909703
2.00284268299885
1.45424691203323
1.5290536426314
1.46568169128265
1.84330634161191
1.57825477866716
1.4755625260558
1.65623887917216
1.40436748345053
1.42366813216173
1.649968629612
1.34112228394869
1.39147657145444
1.80358647989902
1.26187904917324
1.32983933707449
1.40455075859280
1.37092417412109
1.52138883768345
1.65970393372991
1.83204220649918
1.86002146932692
1.71285748235912
1.73716949897792
1.80608409936693
