2.18
1.80133415670523
1.62361694744526
1.51253204025833
1.71450682608209
1.58397597093084
1.3903297450992
1.59989336681824
1.75500703759340
1.42230475287855
1.33296745104180
1.34453623259208
1.49405730559920
1.46760770277901
1.74898288956589
2.16067022268462
1.76580168177874
1.99689329584224
1.86413869672776
1.90910073881656
1.80628750415259
1.56593502535483
1.47421455406948
1.32208071218871
1.79155946503183
1.77338675231181
1.77257994809030
1.80522201356351
2.15961184692454
2.14965507459934
2.18590705261686
1.73192432865149
2.14764561884251
2.06022733063976
1.85502196608039
1.91639235205648
1.95343881895482
1.37953379842891
1.61819836651529
1.28848393726897
1.41734239490449
1.61787590763409
1.54320452793400
1.40385237391663
1.61116513637036
1.92029749145799
2.19214085777775
1.70547729702753
1.77481167229004
1.49221681622583
