1.69
1.76483131978466
1.52444553477962
1.56453893612323
1.70895177673304
1.96946302607107
1.95047970251419
2.12302651532624
2.22873596048680
2.33778933534298
2.35862068905082
2.22532975096435
2.25091138601305
1.71492220421983
2.18279002008499
1.97337188009586
1.97291596813942
2.11272811457883
2.04526961824515
1.83226336440465
1.77982165253482
1.98771256870418
1.95925833399962
1.93535580781001
1.79906205904741
1.84027170649086
1.98562995674998
1.69072544919373
1.62660017658872
1.58019468018722
1.70286453485096
1.62015389724063
1.63113017845234
1.8867358349474
2.05413060353841
1.98591987278201
1.79949778628836
1.87219871614480
1.78014953262583
1.68502528838765
1.56668572516069
1.81966043938337
1.56172514290891
1.65944546867004
1.5081363761098
1.51253260909971
1.36156485258508
1.54497099959752
2.06061808640004
2.07314433322053
