1.75
1.62579585368288
2.09478563158905
2.17308007118433
1.6656462543069
1.87902238636939
1.99525008913496
1.85981368677844
1.56180216225053
1.64819922675842
1.69671456356443
1.75643855114094
1.75481690485264
2.14950361898977
1.99618574814676
1.44805705691224
1.26869706494719
1.38440341560598
1.50624331552579
1.83041030968287
1.99873539842070
2.39813854772223
2.37545082148310
2.36140163642168
2.38926099717131
2.33832738021911
2.18815586641526
2.15553441413553
1.87813875828537
1.48791366924297
1.79031491994905
2.03806898320598
2.20438596773342
1.94584395196846
1.94891967300855
1.59766026967407
1.77867989501264
2.04356097550025
2.04165713736571
1.84657583249863
1.88620019146629
1.85708864201691
2.20012770698483
2.02959460657181
2.02151647509553
1.94211605170655
2.02967538983563
1.69641229813197
1.47178916955138
1.52949851165198
