1.75
1.72921281202431
1.50115890788844
1.51163682497253
1.98612984293493
1.55807811560044
1.41122571995596
1.46304527919734
1.58326305011145
1.4066013742162
1.45493512651782
1.44928524284309
1.65359302614894
1.33909409621949
1.45131533996126
1.93679390009508
2.00207284092368
1.97696794548968
1.84561637931488
1.72590297189680
1.62518276519871
1.73275093203514
2.24776525038281
2.18248327171249
1.92970045573971
2.07171556462021
1.90866291745393
1.77883209489053
1.67824711862676
1.66282156297016
1.49447046448939
1.55315699929007
1.75924141263464
1.68156332660843
1.71673549837467
1.78341910719878
1.40402897495282
1.57222242949456
1.61090093947836
1.46741251264414
1.66207595194612
1.76748310972339
2.2376906863507
2.13248080291471
2.00013699893451
1.96596117372522
1.95642378875150
1.54771722380244
1.5283107838674
1.46917981474453
