1.79
1.59395898236246
1.70668490026502
1.69725130546012
1.74654619992233
2.12982320182556
2.07919266327397
2.22944078339843
1.85414586143723
2.21122931031409
1.8260407087412
1.55445638502583
2.03884431865344
2.20316153953036
2.12044709811532
2.26249017111593
2.23900844208578
1.82751245813978
1.82678392617795
1.72698587222987
2.01502307167323
1.66241304411756
1.9576984633415
1.43837924569414
1.79746870315809
1.70203702528771
1.66664058957773
1.61774683858087
1.63632218605001
1.49091667884513
1.46829439284919
1.38286192157978
1.31474646068556
1.17689773744014
1.21239061660271
1.30913655648946
1.14156931161706
1.12190604653696
1.27870040227714
1.19316283971626
1.54124096577379
1.51138073916234
1.93044478734699
2.31176252063195
2.34636364349380
2.35130535682789
2.31098605476585
2.17774105191235
2.15313865844181
2.16338480852392
