1.75
2.17561157900413
1.82634464446335
1.92813384739225
2.0185246724197
2.03481016453739
2.25568908030262
1.75226899190304
1.61772826659676
1.82095221235223
2.31937020646066
2.14101528081378
2.0121488163309
2.07011868603454
1.98300688436442
1.57227870347184
1.93708372374429
2.34034113652683
2.28847381946869
2.13515839773437
2.14608438290227
2.19579872396344
1.95408963419463
1.91729513902960
1.86148892928224
1.92217016524985
2.18843461927931
2.29535171132853
2.32784725419784
1.91645119902932
2.01577705629431
2.32896626983447
2.40418274794329
2.41791313259830
2.45827183277497
2.46320865932332
2.43143256677578
2.33500588502445
2.37550679831678
2.18858730272397
2.18863773535553
2.24284173855568
2.27695077595823
2.13582667532596
1.88733990989933
1.96371437981429
2.26778437252318
2.28746914637965
2.21779868432399
2.27387267926797
