2.1
2.17966752517788
2.37567701400534
2.04979188654285
2.01333036302557
2.10353920176144
1.97688002251109
1.88278750268086
2.07307024712315
2.00886356440466
2.07580492373317
2.0868441053286
1.66126626533156
1.77130935676293
1.49296843483154
1.55765171447891
1.90522561771303
2.06104841906558
1.95075157930038
1.63997253424678
1.33765460076176
1.33394803587068
1.33198268489590
1.79839316572207
1.87664230213782
2.26306504611912
2.33701906544758
2.36356337601448
2.39899774720026
2.31940643576064
2.07197435432102
1.86555576757246
1.88064397710935
1.82795267506525
1.89889146851621
1.60043784392951
1.55867187386275
1.46727113204269
1.28797135073192
1.72336677919568
1.79870812456537
1.96943066194957
2.18803889295872
2.24641111069146
2.16434247604379
1.67038492897457
1.93113419548083
1.93512441812339
1.74918978737818
1.94015921713002
