1.9
2.25229839469015
2.05237837802033
2.06334547954787
2.11704873706901
2.32559575397988
2.33756228308016
2.22245804787353
2.15939860627101
2.30198688224558
2.28128862512114
2.41977252733100
2.38468012728920
2.20701777144524
2.04132574918042
1.98750702776812
2.10307728254564
2.10154632071327
2.098072709997
2.35018669602138
2.37126421431243
2.31764724268317
2.46013448972177
2.45590342437967
2.47213801003300
2.46511717155989
2.46857671813756
2.39170717700759
2.43621096272304
2.43640028324664
2.33049299712181
2.25046242041235
2.13348808502312
2.22136303513533
2.23299455952850
2.19086610017002
2.33772673075745
2.13204722012974
1.91811364627166
2.08385347084997
1.90374803595216
1.73531652024727
1.81902795380462
1.75245214624423
1.82430762548555
1.84653840875756
1.79686938214912
1.76036756650365
1.69148313605366
1.71179879402180
