1.75
1.48333202225651
2.13573481205839
1.74705151450831
1.83826544217958
2.12238993019117
2.41456438780531
2.42073844061867
2.35082554784326
2.21405297974088
2.27484481087258
2.23372486788169
2.11214631378885
2.33908346228341
2.24069409702745
2.29629826349234
2.32528937863396
2.35290556448072
2.28128710615154
2.41469053641226
2.30704849430392
2.26066746126589
2.01662414935394
1.94549649340011
2.04048534149681
2.00358011198585
2.02863328554135
2.12188783289466
2.13803328275751
2.17073188358797
2.34942042773502
2.33045100050685
2.36906427981345
2.19772985147665
2.30599171221322
2.31096697793656
2.06372165470457
2.12938359633262
2.03136398749419
1.90442686746238
2.00483254960092
1.69563920578058
1.29571699805740
1.64120228368158
1.79149853622534
1.69311159974632
1.71012053932284
1.66343626807924
2.18850049208591
2.11763581025700
