1.28
1.38754298812428
1.28443535808537
1.32061925294398
1.38263320456699
1.45203597727904
1.46489913977828
1.46007483451640
1.47362645019422
1.41118587258796
1.71470965868603
2.03951416216348
1.96558360473943
1.65932034158762
1.66208338231953
1.5727778512829
1.46765352954183
1.75757700826315
1.65050056684835
1.6350695482561
1.76908580590034
1.60429909339431
1.43140846520582
1.74971770739048
1.78917932792721
1.77082109609726
1.51465818284617
1.77341511694254
1.64923278218414
1.85429246224269
1.67361392696142
1.87944471264824
1.91412915266137
1.84914240634163
1.81742010506737
1.89871183752891
2.07971044002560
1.7514426322761
2.03737354648021
2.15952061754594
1.99340209829593
1.79231231756836
1.55782969143536
2.00016931298701
2.20329366014741
2.14374529267161
2.07541286519628
2.00027785902715
2.02905613377593
2.02400406893471
