1.75
2.15692322175864
2.14314316874130
2.0812025958626
1.85541510779099
1.70692283870257
1.64595907665409
1.67890034510428
1.41456293799863
1.38726656408677
1.28878969793391
1.35674721881410
1.49415816267751
1.65104957198931
1.62567190322757
1.50755732953693
1.50863663047881
1.40261713846653
1.52597924804416
2.14385758104764
1.81100099308307
1.77469289490497
2.05445884916209
2.07704488590315
1.87196742166605
1.73125735576940
1.60795295386193
1.58045391688447
1.86040491026931
1.64563589985378
2.05433110661456
1.60273293363942
1.53678948129226
1.43618826281789
1.63922919834555
1.81359635490099
1.95111549893622
1.92403470278366
2.10394697825936
2.10167115488898
1.99374270495279
2.05121976903811
2.03252379249944
2.10972991889418
2.19766512197604
1.81386442875769
1.7517987917127
1.62936911433697
1.63922025271563
1.79672984181210
