1.75
1.63762525142081
2.06432644050091
1.98191765772228
1.62802183984423
1.2642963766658
1.43305383173259
1.33426551261344
1.49950197197157
1.77489504543027
1.94611396600107
1.84619986127268
2.16487884932838
2.36873885196960
2.39031806128877
2.22860994792437
2.29764844509779
2.04684790489554
1.85970260456166
2.07433069742359
1.98710736661835
1.78747306472054
2.01409304673856
2.03433817557712
2.01988670125648
1.9089112681232
1.96673772153117
1.66801851657392
1.63158308477701
1.64851975442784
1.70503195001141
2.09691258872226
1.90578769968645
1.95602190618169
1.94925567303841
1.76512146074602
2.09775915402784
1.81310598472412
2.06748575344216
2.05733219565767
2.33097411608755
2.32828257625866
2.08678919199993
1.77402692971932
1.62985248622933
1.39825320158622
1.42228168224428
1.44717355159994
1.60998236362862
1.64298463550614
