1.75
1.44367074782283
1.47608491930167
1.56391261907248
1.49851510623540
1.39616731191130
1.40466916618408
1.14002457902321
1.19715332757808
1.21566289542695
1.10265356618343
1.11241313744763
1.11603447405759
1.22671896270059
1.24642353266072
1.44183166427279
1.27389087560948
1.39096032943857
1.41803702842239
1.57026385332767
1.42771514243979
1.52671279668387
1.25293172970139
1.25868231425174
1.33392970008256
1.3746759101646
1.25966626018212
1.40429993215268
1.62346146678217
1.53457603438110
1.59146975717104
1.38222237678220
1.50556709434369
1.87928482055204
1.7003844766545
1.95230062932972
1.83160933216745
2.14298559234576
2.28912741781166
2.18121494877437
1.78823812022670
2.0582561146351
1.98527901254481
1.55729580750054
1.61022082977892
1.41591809057608
1.88972424421832
1.50205232490718
1.99803393082202
2.01696641487490
