1.9
1.97245384153837
2.13412744105374
2.14279089562512
1.90444239392175
2.14625373906443
2.11794763369506
2.374669318847
2.38805858313358
2.41835387296811
2.42659148896082
2.36726483458811
2.43879249356541
2.34853875232128
2.12994627767165
1.66067971976263
1.88171494944006
2.03787443569026
1.93901864655776
2.14217504809043
1.88184793869395
1.91896095361949
1.97029192363897
2.05099547808098
2.20034948340402
2.25189714216387
2.10140022439000
1.96981656403990
1.66918734017619
2.03745787126831
1.93905833378822
1.54704538036066
1.49528902763001
1.59124918964716
1.62188237437263
1.51537011627801
1.25544508031090
1.27446760033847
1.55333131905098
1.19554254413216
1.51719000147773
1.77676901412794
1.74118170413275
1.95213570139417
2.11890482605433
2.26180288161321
2.24968454154806
2.16241256742886
2.13800155345299
2.09097394506292
