1.75
1.81882157919101
1.97552303549054
1.54561483427908
1.72004229241341
2.01348845300177
1.87979290338611
1.82041624223062
2.18294650281114
2.25313591456496
1.86281852539403
1.67549267607624
1.63626143179856
1.87365047733502
1.53160683101147
1.52933875938843
1.43017299877936
1.38427597051158
1.17008654732529
1.41336646587861
1.83132289996579
1.86614561194332
1.55998019189439
1.16502498779405
1.35637469323164
1.42718634710968
1.48224034236142
1.51392646576555
1.52193321222642
1.38300709877800
1.81130308714149
1.72022925617259
2.2507115634305
2.37028938033386
2.36335072838585
2.41222751510193
2.41038644141237
2.42136656362411
2.42713816921235
2.39495095207415
2.14138311372626
2.18668371987012
2.26633705196637
2.23387583819088
2.02983800217638
2.1459314040715
2.17825931164471
2.22808381016717
2.16143519460772
2.16570607315102
