2.43
2.21648265296754
2.24237924279970
2.09994646923075
2.26289920381101
1.90211224276996
1.79023407489496
1.78712132605949
1.37021276261015
1.72846809831132
1.66517262775953
1.63257092531792
1.47108068199000
1.4318662578314
1.44030135690111
1.20679165920194
1.20040700728497
1.26310789152047
1.26040301931941
1.19397111657273
1.47034851368699
1.51932167224488
1.58050505841501
1.5467949800633
1.9519888421113
1.74604057137484
1.55769563830092
1.6353183904273
1.79691248365984
1.72481413549934
1.60263000215765
1.53122577138004
1.27453918222313
1.33179754454645
1.44808022388033
1.34307215444714
1.25341348940255
1.46890795454584
1.43064483873718
1.82366252443132
1.93425367499607
2.07330422367993
1.84516625648884
1.38599684822711
1.50358648283559
1.99112626171341
2.19472468956647
2.04648780483224
1.6411671072721
1.30876876051945
