1.69
2.00724528646572
2.09393387175639
2.38531943761984
2.47280982020438
2.47230496272511
2.46168518963011
2.44319980020239
2.36589562406716
2.33575218317644
2.42735328964829
2.19299027159668
2.25927332059891
2.24202268525362
2.06086019885732
2.25442671078436
2.11022361442662
2.10364560621468
2.24014233327113
2.22371801846050
2.22722749019031
2.30625284983068
2.13984503055794
2.15099770591059
2.30722837123117
2.26374021439279
2.23833811825700
2.42394168908977
2.46070590698278
2.38015186740966
2.41005141496807
2.05904035263399
1.96589308138502
1.87027628456799
1.80703629075603
1.86995271176334
1.84991837152845
1.82906560687360
1.95256257606123
2.26165475915799
2.29109376798401
2.36393934016245
2.41366722382260
2.38888144673043
2.19452485979838
2.2058030268083
2.18632244645695
1.9495293818038
2.27698128652214
2.01678548093359
