1.75
1.35578507028262
1.52050861787890
1.94962562505712
1.89174892228577
1.9949275028832
1.92650282996359
1.98179155866128
1.45764449442483
1.52601965017371
1.31897563112325
1.36002920881720
1.57078207265353
1.83124983422831
1.61963681603355
1.83624332224442
1.84734315938607
1.95952131909015
1.55723209097343
1.58591370570776
1.92095925245949
1.62355587541701
1.21025066395922
1.21399992324734
1.24757670678387
1.32319915598568
1.60860295531316
1.41879361094646
1.61764663219517
1.57002037594134
2.08927971399061
1.95168294909346
2.07945584726808
2.01721612683585
2.06841414635628
2.22735946091157
1.76268714660561
1.58612494244887
1.55328736212910
1.99920351020197
2.02740089962066
1.90219617892306
2.19277477341677
2.24081525658036
2.31038365547297
2.33669398926001
2.33919543578910
2.13634863666743
1.95995635945997
1.71100371213217
