1.71
1.71943003697480
1.70267583775672
1.86626293750962
1.61310063534124
1.76925754587383
2.06670753097905
2.30129814053843
2.31915161574128
2.24478216991543
2.2602070373022
1.74581085280198
1.99376373296548
2.09676540326480
2.17411560622157
1.96336948670575
2.07656727039012
1.73652493259666
2.01763742893263
2.17602500407744
2.03759080497695
1.75825576958618
1.96653167099901
1.52112412360629
1.57445938871165
1.86151190174861
1.69403726967433
1.77735016389695
1.45849930615425
1.34709906573475
1.39827804432312
1.67828134443233
1.91431850832752
1.7385253153317
2.2494717254081
2.26809984132842
2.4035434976475
2.4241162278729
2.41117462299735
2.3817544779811
2.43719909604638
2.47030777327796
2.43547870950104
2.42335220036887
2.45906872047466
2.45917954122603
2.46019992230385
2.40045470326287
2.32499182464162
2.33706009755189
