2.29
2.37022559096686
2.32702435018273
2.05350636832874
2.02055306228254
1.9578656777971
1.64295536237797
1.50136525315556
1.96847959618186
1.85205532349431
2.13450094848673
2.35286878510268
2.30164269831235
2.2599888076115
1.9355675006677
2.03661364463858
1.91369081197105
2.20290560603615
1.99448726844825
1.97728229241861
2.12413888606489
2.00298514471866
1.84482815067675
2.19564797636237
2.29172296694793
2.06108027043364
2.17259943912822
2.20007735737034
2.31611104683072
2.24667064305729
2.41841439348162
2.41797624330525
2.44216197652337
2.42821534136259
2.4464926507037
2.36595117351766
2.0543226037202
1.44915866386485
1.36721762515853
1.19902213540432
1.25523124398545
1.10528327553283
1.2621790195629
1.46305327419230
1.70963663020294
1.70418004982395
1.26977758024692
1.23542945995394
1.15475265638029
1.19264632077078
