2.05
1.93288148446897
2.22699784924801
2.38575090732385
2.25887588893097
2.36744091548820
2.36703149351416
2.34070810059789
2.43540298658307
2.43505074272022
2.40702270814154
2.34176228606643
2.35607013475412
2.36314934856566
2.40879139755608
2.38643346742107
2.39303639104991
2.32962511080432
2.18556217251336
2.33991971272019
2.34458274093241
2.30451541578038
2.2465965793019
2.09134913776256
2.20771631570820
2.04649718039973
1.85397464335661
1.82155316659194
1.69849014067590
1.57654036589084
1.41883810469247
1.46578130618863
1.38586747829784
1.29875238358618
1.23675705696664
1.32290672749322
1.34138096408713
1.29846142037967
1.60500803909902
1.80064753719924
1.91643846525857
1.91143477564545
1.9519885094385
1.55912396879110
1.57528549878442
2.01804665191953
1.76456598502555
1.53940215031258
1.55676251090738
1.36184487556851
