1.86
2.25717165638491
2.29449072473038
2.19466367923965
2.14568282535194
2.25179923580254
2.04844042392197
2.35042663178835
2.33731261033198
2.36993993800886
2.31110882733655
2.36999938433816
2.24022979326953
2.11401400187004
2.24787624962936
2.31172176639895
2.11790720120849
2.20988614791053
2.20407504787628
2.29619849049304
2.30303227554660
2.2789539703411
2.40457336361818
2.16881889945878
2.31554182535970
2.16866614751554
1.90932410576047
1.96311863531925
1.98489619718126
2.04803269603655
2.16324316476198
2.11442933248727
2.05227486614277
1.93754574702220
1.87714964133789
2.29473086754218
2.31450478364811
2.43237165932359
2.42887140452263
2.44874831166896
2.42620864653713
2.35129649858355
2.29719806785036
2.30729888313185
2.32049687421045
2.34722673756727
2.23613926506895
2.28604818783318
2.29443267425944
2.26964907181468
