1.36
1.37551875144551
1.78482103599197
1.53810222531897
1.46341427569528
1.43785063344582
1.70520634826474
1.87385236844227
1.80660254680793
2.15834444417286
2.17064932397669
1.82274292153876
1.92057936179628
1.91123219962251
1.97462622332838
1.78694770846185
1.76734916862708
2.12616844383277
1.68380502466401
2.03674471805785
2.05532093727281
1.86893037847326
1.89075452290107
1.99850562267956
1.93835683657713
1.75850327867457
2.07283213573734
1.94202520052265
1.70488823682161
1.89463044408545
1.90000911418807
1.78610574786636
2.04955854029208
1.96620667086525
1.83301216858736
1.67588180787442
1.75443659771862
1.50583828701119
1.45433900989732
1.66546038469125
1.35374263135107
1.56455206607655
1.60224595073325
1.48869041505351
1.46449373696774
1.50695582600929
1.75298820749253
1.73113759567028
1.87749582313117
2.07410337781514
