1.18
1.29022549603699
1.46765958929904
1.39964657504902
1.64208020388110
1.65047087915042
1.61821399723409
1.89481072755832
1.99958660897625
2.21996952153723
2.03341708239290
1.98535158771827
1.65300477446256
1.99137122586899
1.63663686300408
1.66039891458798
1.77494212124392
1.39299224908362
1.69978294589957
1.77115963020943
1.68382943131456
1.54941966844932
1.59641303551498
1.26358622128690
1.28507512935427
1.22480226110822
1.37136909757872
1.68329499178409
1.82260441363723
1.91118951251188
1.48198635395205
1.49285398319371
1.63333706200878
1.90554347325847
1.78991854068131
2.01095629039405
1.90353034494094
2.2228178864992
2.29678692460304
2.18657586427331
2.10449339473002
2.08910877022458
2.02650454104855
2.01142169471715
2.07938661868675
1.67144477601437
1.86492534782164
1.56610512986114
1.25255970572353
1.39058808573572
