1.75
1.85422908838808
1.98672530347527
2.26754179926361
2.11351830596478
2.07412088783875
2.05969844791706
2.11716515904020
1.89404909436171
2.02792223302033
2.28229063354708
2.27167575819166
1.99034371512195
2.01336781990774
1.68188561918996
2.17010977951959
2.20812221444286
2.34488168368064
2.19657333833708
2.34261921783849
2.28618258255512
2.24446312462736
2.09178404532651
2.12145417388543
1.97469099660009
1.96745345922775
2.24579182317311
2.40429410701788
2.42941168194346
2.39261370448873
2.33943185558568
2.26801286086262
1.99417273921731
1.77165699320431
2.08358289069774
2.12307732946254
2.08615210070629
1.99744905929802
2.31084380968067
1.92725619180434
1.84091265122950
1.95334727213755
2.12819423330163
2.3226717226524
2.31324740413328
2.32172474019201
2.0601087803844
1.90725353197246
1.84810774977971
2.04518492586467
