1.75
1.91375979673590
2.21140959259029
2.3371108865284
2.43414323132442
2.38666786995195
2.41602641031514
2.37067029832291
2.25467249105959
2.19728568755840
2.11627998601569
1.93357059053076
2.37713698803747
2.37806509014367
2.41799209681552
2.38831304976978
2.42459573760846
2.47734899013272
2.47634205414593
2.43921823826565
2.32546992019771
2.07407169026236
2.10255210357441
2.23123045915365
2.17455836248010
2.21566254909029
2.02731580599095
2.06062612014547
2.17248780446375
2.36146573900073
2.36669455765414
2.35228300694074
2.43816272199442
2.45666278253914
2.44784099554121
2.45433483787132
2.48686798198747
2.47384712863347
2.40769300213853
2.45240153358515
2.46231327293272
2.47697876537057
2.47410620225395
2.42323929679039
2.42306896982863
2.45976608217827
2.46825657406117
2.45595231770562
2.40762549959838
2.32464205442092
