1.75
1.83611212690200
2.24710638528431
2.06924620451738
2.27131747703865
2.38441502193030
2.37879478051248
2.22093613397920
2.31655170009335
2.27452946153488
2.02287948276472
2.30618907467112
2.28170382138186
2.30271405168061
2.13810759885183
2.12909693325298
1.93666038931384
1.83761559059675
1.59479217724073
1.72176885700136
2.23900227340652
2.00443494128178
1.94352761255243
1.93385728236190
2.20730596846146
2.22598755027904
1.85617613063581
2.29067527463872
2.38594153667573
2.19856593361876
2.36624655282837
2.39446138572407
2.25154011216107
2.37020108176998
2.30458677974106
2.09314631684844
2.20624618030579
2.18395560434995
2.17943116547183
2.27604075683094
1.78336050273926
1.88344049604791
1.54941595275279
1.57404365223899
1.75182213525536
1.60094893190946
1.96531181538249
2.04847840651665
1.69616908622136
2.07612515408866
