1.72
1.94821857228846
1.88991329971325
1.92007031223984
2.15526944138792
2.22471470130271
2.25901855669653
2.25798438466716
1.77722761158512
1.38745138404514
1.29600483840506
1.40049103730686
1.34574571748953
1.53139247313551
1.84391099097118
1.50137231093759
1.42518931819010
1.76631475295683
1.67924844475052
1.80829518092623
1.70890974255306
1.62357041471984
1.83760401656865
2.02155945490271
1.64723086633077
1.88155841914397
1.62790684059573
1.36101101512888
1.51027626971636
1.36021681798974
1.32087667715115
1.28137326796838
1.15149964963353
1.22305389789326
1.27937286651801
1.32408004017931
1.32238131679816
1.47430877755142
1.532761373072
1.64051530574130
1.87986805495633
1.89944317464562
1.89519477471318
1.91629279558719
2.20413460349886
2.21658190621019
2.23080050256508
2.23209673926339
1.99057817091191
1.42424507612812
