1.75
2.1343749232094
1.94180674767391
1.88139727927659
1.52031972362901
1.35790523329716
1.54485655203913
1.27747435921041
1.44712820977614
1.68491624125646
1.47755061043174
1.30869154910972
1.41727667250867
1.67935140986909
1.72185042690779
1.84514366167977
2.22750772219059
2.10021636129915
1.93783233079185
2.01188183404086
2.22339859417979
1.68168548488131
1.53101456070618
1.43223158626215
1.24492883928138
1.15113211764344
1.11344372535449
1.20356491136792
1.23867335646322
1.50291296387067
1.58030511259105
1.53068286476191
1.54346690491885
2.14058494885625
2.32382687434381
2.33796360669744
2.33002250343117
2.36312835771511
2.32882239324357
2.34694665754119
2.39583161884442
2.38958882602294
2.4063369286262
2.35384333154779
2.34210997654598
2.34482210745667
2.07631878579955
2.08241641030201
1.87928253707513
1.96042138415494
