1.75
2.03593422012014
2.03939351333402
2.01478399678563
1.69099353976921
1.89794369263921
1.70410834006462
1.7261715988977
1.65766304673562
1.69391498060270
1.56117046914044
1.83819581568976
1.58574371924865
1.53580607653162
1.66077490258531
1.91346222375045
1.82416882451773
2.05833564878988
2.12065487998853
2.14356232753894
2.1436905425059
2.30595097358498
2.374481043483
2.36395687684609
2.37461098233855
2.35331533724337
2.10637775973853
1.78809621956356
1.85750797617661
1.85536036199504
1.71906074269512
1.51388307583513
1.92549042579072
1.74561865104496
2.05083325332203
1.90535156128327
1.69051477649077
1.85342719295199
2.07405447797798
1.66890265415969
1.41084410673408
1.24724209197838
1.17109736352104
1.17513308509813
1.27112630611730
1.82481236813870
2.23656183181525
2.21361597955621
2.33898809918054
2.33770020316668
