1.75
1.81174067030478
1.97423954630144
1.95868489230117
1.41341788370064
1.52160045774328
1.91050203392463
1.84150553058915
1.62169703167073
1.93225887975987
2.04549042305195
1.92343540664899
1.93162929358262
1.9783823451006
1.84591649375669
2.00681518774323
1.63861373272013
2.11646964228099
2.08662605265174
1.98005354629837
1.81631185968425
1.57007865692762
1.45097399941261
1.57570813171027
1.65014462937140
1.52870490580427
1.82367760137782
2.02498174280563
2.08193773035535
2.18863590788633
2.00114516247978
1.60313673275157
1.40270934945561
1.88026198055683
2.09591455724391
1.78827028652753
1.93628084575001
1.97665262044096
2.11090398248852
2.35757470072124
2.36167595648354
2.37222674531067
2.33657219009344
2.33828126040442
2.40602198746357
2.20189441335538
2.05600180800982
1.56964336788770
1.82823572137012
1.65023744925383
