1.99
2.05891383567594
1.96148971534542
1.99615548994712
2.32353570351710
2.11260622471517
1.93004260754595
2.30839860134491
2.32729081615436
2.3931408877229
2.4548170611289
2.46429282448523
2.45760861020215
2.4556744520127
2.41358996651718
2.29846402482491
2.33782837784636
2.14308830203959
2.20490415109576
2.23621192200899
2.32442350278032
2.30545717862460
2.31341682631918
2.22928648490557
1.94964894759251
2.22267541554546
2.25589282450944
2.25721722110755
2.18697345286704
1.92593997803038
1.85382918836861
2.26938128905138
2.10777721320956
2.19241698252193
2.33647399824332
2.40568451753031
2.42668043322024
2.43562896966249
2.37789920618968
2.36901343786978
2.36647898623615
2.01002536935076
1.67271483330263
2.16338421590721
2.17744502409654
2.16649417494368
2.17126696821688
2.24642836797245
2.21286221766521
1.91858296998421
