1.52
1.64269272453604
1.61393799953169
1.79734069346904
1.73781425772275
1.46094982530252
1.96175875811629
1.50883627802977
1.36085774723014
1.43498763294771
1.89358137958013
1.87702011942982
1.59306068823688
1.94612886481221
2.3245670860894
2.32536336034380
2.17212606438836
2.26861328334547
2.18350562031115
1.87897078045223
2.00201477850374
2.03826454258761
1.63788102045585
1.59043970582295
1.60327437902456
1.88663127800362
2.12353536289547
2.23861521585074
2.22914700845691
2.26801913688749
2.33406757758238
2.40640536860902
2.43654885193489
2.35423498157664
2.35001215710086
2.03015688497604
1.98561119124545
1.72323186142304
1.63845932251864
1.55299438421303
1.7057786322347
1.81243722284025
1.82471943783045
1.69337381662428
1.68741248264117
1.82257257304370
1.78685103891162
1.95793066861259
1.94382034181530
2.12142589761985
