1.75
1.95660467416207
1.69372002807428
1.58470759820943
1.43365651551796
1.79421560248751
1.72436007765529
1.20538668208099
1.18828375972726
1.17172990424078
1.22902881794409
1.38968302882094
1.62816099623406
1.67349944124190
1.67949801637020
1.54526614636101
1.80074718162718
1.84590421509124
1.68700449487616
1.39511066448948
1.25965960444185
1.22748776785063
1.49308961641148
1.50972511741913
1.91613172840053
1.95169513619518
2.26895582626565
2.04612555190322
1.66852286859089
1.55058438437122
1.23031009316927
1.54152455747571
1.74759661396419
2.00538670663054
1.60356674270499
1.62367728311223
1.45994288370911
1.41653641471775
1.7725038573546
2.19841166696552
2.08393380135654
2.05556951876781
2.16413207870371
2.03522553018717
1.86769920300102
1.67222731657566
1.91556724240089
2.10920350216475
2.04746624502222
2.12866663843926
