1.25
1.24185425333546
1.39102936362755
1.39357580967236
1.40845781598430
1.74159411799367
2.16333899958726
1.81053672499134
2.16411884626225
1.82377132652990
1.76590795645983
1.66352781851442
2.04325164530964
2.00199876813412
2.00352740626814
2.02486834917566
2.26740279086962
2.20150199647033
2.37231974430986
2.28237426532066
2.39643413614131
2.41061741675377
2.44164819808717
2.47645973134054
2.47656653374218
2.43244155573221
2.39113135045528
2.38995523522652
2.34978266484148
2.34417201595718
2.39268487928487
2.40145461552997
2.35742036250677
2.38654643551317
2.41900277044519
2.41351545438557
2.38576736095036
2.29882393195234
2.21542939163624
2.25061831522881
2.26540918186436
2.01697724050887
1.90622911855601
2.00388902617798
2.04079761341675
1.99352626651891
1.72854528318487
1.90621057086747
2.02389725446427
1.60132822225644
