0.3
-0.0665771811873315
0.145372731027868
0.186476129397109
0.215423988338527
0.540333023269538
0.355733079992833
0.395827398818034
0.193582296022889
0.554070474754502
0.483781281680549
0.513176050512859
0.551662798891194
0.344232299786483
0.454054428472291
0.385217670393923
0.497306430346738
0.534903194275033
0.541445663567633
0.507058242378379
0.6252422708909
0.561495104660539
0.617407281733732
0.483147249082960
0.557014269822809
0.581336284299217
0.478314544731477
0.561241131823229
0.70373686101067
0.478997613653655
0.564452439073394
0.48946708296963
0.496463484935938
0.609968566234419
0.767270444806416
0.680044395715526
0.511336419886191
0.520230045787221
0.622349972764118
0.455362896144789
0.437662689108757
0.517365948886403
0.446348149906055
0.450467756226156
0.298809198433021
0.430621394747515
0.398448282733754
0.405820533383542
0.447414094590476
0.339289137873104
