1.52
1.96232972062134
1.62869357482263
1.61229489073490
1.83159095593306
2.0997000206231
2.19870435832105
1.98536757282421
2.01395224621245
1.88685067629934
1.71586335067363
1.95017922224227
2.03211902446202
2.06907561652599
2.18616817682431
2.30115129092362
2.18812196112874
2.14676772423640
1.96818829550472
1.83349808990462
2.04982921917584
2.17009892833529
1.84365829071355
1.72894859694184
1.76559815508552
1.46610490082954
1.29433798972795
1.25811278715821
1.25240586148029
1.19685262990031
1.23554638440574
1.47365349459298
1.85513604786795
2.21806694656540
2.24367003610207
2.41703257639524
2.21845366135384
2.22704244799215
2.12484244891816
1.94388611324938
1.95459594306345
1.88487700684945
1.80257878930019
2.02421520449560
1.87075125780558
2.02708623034149
1.82831442275097
1.66648065548464
1.93610391189572
1.50315984841254
