1.98
2.12799654745241
2.26088924603907
2.20409717229826
2.27432259427954
2.25781027475081
2.15624360529733
2.34051702056985
2.29470437137700
2.21600752339443
2.16730630885361
2.15842020381663
2.15217853776297
2.32477716759216
2.23783950914186
2.43945688851643
2.39327215559877
2.45796448546221
2.45268259670477
2.44292941625215
2.35748215032340
2.39478085507548
2.32828282737099
2.29796509870860
1.96350423280701
2.22828043387370
2.08581508713708
2.34219635690889
2.35354253136891
2.29250142257574
2.44356923212193
2.36057079396174
2.38217999056931
2.38780568812272
2.01703306970434
2.15743229247705
2.26258740224776
1.88693411840636
1.80244761559706
1.76430416932208
2.24743197186833
2.25390301528834
2.22605074048514
2.24711472474183
2.27177290032681
2.29417498666189
2.36110091279617
2.16895073037531
2.13622697308570
2.08955535723349
