2
1.98676272217349
2.17355561468142
2.26596457198251
2.25547543978707
2.16842661292755
2.14293543401881
2.1973423498145
2.14213084011470
2.28760953617497
2.1938797182712
2.25954740974652
2.25177021130281
2.10937461155851
2.35946605132407
2.3352567027678
2.24656851248613
2.38013535859041
2.33691783628544
2.14494702176316
1.97056904040770
1.85995359760782
1.36039671172523
1.68143943111594
2.19715572621873
2.20290476622273
2.24687792985406
2.15851241190345
2.12515732637046
2.10136813210786
1.9934164523377
1.99426627925293
1.97843027193739
1.58930754475415
1.52902643922783
1.42945044992019
1.78788798779303
2.02573486731766
2.00224110339491
1.70847728890126
2.1339713621236
1.95186861928230
1.86417588970349
1.96640537058149
2.34519795135291
2.35734183115278
2.12708517971776
2.09168071266461
1.83698101908691
1.79146206952379
