1.75
1.92498681844098
2.25068247044824
2.07272324590760
1.93628402160660
1.56468563671569
1.50794558960054
1.84870546130869
1.93061238472048
2.22999972219818
2.06505855274045
2.03766083260287
2.15257179672009
1.97760884624630
1.83583192661804
1.72936937924218
1.43133149422308
1.40957265326023
1.19249393363399
1.08569537752525
1.06360678354529
1.05551115513243
1.11341401561756
1.17942780679653
1.14890428810191
1.28401111439895
1.18167226876729
1.48849456047918
1.34661810003728
1.44632011100170
1.70512641794877
1.55062191824833
1.41247872552279
1.33171186746901
1.16117790355318
1.15882804754044
1.15862477801884
1.19738134671544
1.19847235231134
1.4979681975146
1.50721605725012
1.33423191229224
1.22165693033485
1.72504637191906
1.56559141998310
1.55460492348326
1.58506589100534
1.51728096361888
1.50838591275592
1.87425293408873
