1.75
1.56376294954797
1.89742053248599
1.74943499469875
1.66217411907385
1.63612923028988
2.06241769340432
2.21568569004861
2.30390186031271
2.15792073699832
2.3454650750662
2.44847697404574
2.44919216880724
2.47526437710108
2.45878112377919
2.45396194554650
2.47567659836092
2.47688824255649
2.43444112552878
2.43214329820996
2.42804649408188
2.42576792161679
2.42378519288965
2.4170711975586
2.43825588870726
2.35034309081159
2.34480798588031
2.40259069994634
2.31787326872965
2.14020889880278
2.02053489457664
1.98854922795081
1.81335985020785
2.23334203855496
1.87101772586969
1.95067809804248
2.16496932822808
1.83998700333747
1.86864612061283
1.80508367391970
1.85396181487503
1.94699445010175
2.06252886513642
2.28649121382513
2.27436903695009
2.37378080564299
2.32895564993206
2.30799940693865
2.28895277334711
2.23564301836167
