1.95
1.68514701334413
1.60382639854315
1.5066124575331
1.52618126251492
2.03946621358648
2.03837508882721
1.94661391813876
1.38238550681196
1.30911182206529
1.46294923715166
1.31396617233375
1.38191478958903
1.81258926733245
2.08685367285391
2.37138650155020
2.36396724994495
2.26471429945337
2.23440489528142
2.31143054884632
2.36880298074781
2.25266270159413
2.02375135313059
1.96019414454407
2.01807586785502
1.84525359469698
1.4424042250841
1.26569420993374
1.32405839310872
1.59833949397833
1.46914661613602
1.49412633924349
1.49596350389457
1.70342626088884
1.83366690881304
1.69529827254912
1.64185190367911
1.88130436919730
1.8061890544825
1.74912904302864
1.66878325508082
1.47979740017519
1.2434447174841
1.25762510505796
1.39576634986315
1.37184889989352
1.42525997953228
1.40640475512555
1.54265255403010
1.63032386422542
