1.64
1.96408375581324
1.92653129342134
2.00065184165575
2.07802803140265
2.07479830283755
2.11550290412861
1.99352529572532
2.18221743386934
2.26926358631404
2.24567520595228
1.92517438003215
2.29257001775792
2.23738508339135
2.38039713267288
2.3038332646079
2.34641191105361
2.26216879274051
1.7397378388614
2.26293987162538
2.37609655939698
2.35227879650206
2.03440484788847
1.90828341643354
2.19103236993947
2.04859277497085
2.25852779699776
2.28680157976883
2.28742350861309
2.01772107424525
2.32365565650168
2.32992730518044
2.26684165736618
1.94919118446864
1.86941324862708
1.50116081379967
1.54191203518022
1.60641233386717
1.64252146949483
1.77967980072917
2.03177771690317
2.03918827219358
1.68673380098557
1.65783198592560
1.81427106918254
1.85364842024861
1.84454189482954
1.96631483103936
2.12496535930203
1.77196278107553
