2.4999
2.49991511333776
2.49998033557225
2.49998911205139
2.49998922363993
2.49996926825397
2.49997631781386
2.49991711188875
2.49994558894979
2.49986219879446
2.49980268487722
2.49937841368099
2.49924351382291
2.49964585160324
2.49973644388296
2.49983593041494
2.49907854282556
2.49845908435746
2.49927947078566
2.49828520336734
2.49771714622135
2.49801149582189
2.49835739763507
2.49887045787167
2.49963631524745
2.49990951531217
2.49996553077594
2.49996431618761
2.49999037144141
2.49995028845865
