1.75
1.32780873098617
1.29716980134490
1.33530262803935
1.39661886804592
1.68596173596709
2.17332043618224
2.05630902519929
2.09903936570542
1.92338742346535
1.94821650602304
1.76921169161543
1.74219953157815
1.69282965791067
1.55557067731662
1.30304181652518
1.71912427530262
1.67785010750906
1.97471839184267
1.92606184615092
1.86390608512925
1.72156102312649
2.08924774343220
1.86299109106574
1.97581192445698
2.32424700203649
2.36979122168595
2.37680127118114
2.34847386819924
2.02962637849860
2.03522655169426
1.85115797874478
1.57389198527944
1.45758425361188
1.53416179551846
1.61989514684
1.71088893985106
1.37389183677146
1.45606837851095
1.38762654534018
1.66898494934471
1.61949038400804
1.54453201562527
1.72137803969266
1.24597019006963
1.27885257064074
1.18809979039041
1.27259267533845
1.21091934728273
1.30804176032914
