2.3
2.14953955475327
1.57128888990027
1.97914357600476
1.6742018519637
1.35273667917853
1.17735226284722
1.14245959302974
1.08078119383476
1.22809853127991
1.2320281801781
1.26907498317286
1.3444378830604
1.35839758731723
1.9753989268015
2.04424859894497
2.05238939910679
2.23815585616932
1.88103342866545
2.11746886707025
2.28138615644879
2.14236889365586
2.17739965729189
2.10049264819445
2.11287324489212
2.1235106551426
2.02961563058356
2.04036584546263
1.58485113599513
2.09046232205181
2.07103713636481
2.14212988616960
2.24036396567741
2.17838048368249
2.3203740178929
2.24693572398430
1.85756641799204
2.09022629212008
1.94626113779280
2.00836560868765
2.17626911456296
2.16582332976106
1.9129370883758
1.90172102328880
1.85132221765319
1.56047056741808
1.5524606214044
1.55760928236629
1.86496934801786
1.48789170384897
