2.16
2.35126698579114
2.36405789035792
2.28074299672684
2.30654718582434
2.25008422053778
2.32847168596075
2.34512274602326
2.36982181530869
2.16556869371791
2.15507691311764
2.18898537317271
2.2051412447818
2.13066198248883
2.24641786535881
2.33817141857134
2.39287924429545
2.35085398845962
2.28287941036236
2.05869494798804
2.08775641012901
2.04385038488526
2.06429582591064
2.09036282501905
2.14861685422003
1.87890615370450
1.62789512708147
1.54538258759037
1.56630083344568
1.87052909189750
1.91013255649700
1.80281648847427
1.38097731643764
1.29964495989670
1.21228482542962
1.37463575705661
1.24392146663448
1.61241606956820
2.09117482668193
1.64857447967653
1.51850047216016
1.97794648066359
1.75635564576732
1.98339973383789
1.61071006709586
2.01273792835711
1.75822274271259
1.75013247102419
1.68026090121420
2.03765281166516
