1.75
2.17563981817619
1.90556009356473
1.81828572602998
1.7912388257211
1.85277881207580
1.96582383900955
1.66417661619306
2.12078495985438
2.33830364377265
2.3995995044151
2.20426762902686
2.07958592673533
1.78403524022732
1.93775860057761
2.05851759216894
2.3145986496253
2.19379735228667
2.38455306374702
2.44616275462414
2.44039405200297
2.41252350412628
2.41292957674043
2.41475999953063
2.42679718695544
2.44549658126113
2.38563041605689
2.41118894037526
2.37852190589631
2.26021591750546
2.37320096270398
2.04184940679449
1.91601563935344
1.78436156164051
2.00544105861966
2.21766534445646
2.21116541984314
2.249442741078
2.23392141230578
2.12343996364871
2.28731753664433
2.12513501246271
2.25817915839718
2.3000406168123
2.13618085532085
2.22094602516373
2.27854590998186
1.98956957496417
2.01459145291355
1.96959649123628
