1.96
2.0659309919931
2.10048500892433
2.15002349527685
2.15710826792334
2.16211702336079
2.06369839995941
2.04425999758961
2.06781166777554
2.0465226105361
1.82131557822304
1.28257605493084
1.30740565969271
1.22222082064384
1.70253857745764
1.61620012785677
1.61151630164188
2.01367553793855
1.89162726695254
2.09059642302112
1.99006339755777
2.08585743827977
1.59722878373568
1.68412937402077
1.43841637194089
1.59028783324472
1.68425205046365
1.65929513269299
1.21324749402138
1.32620211912348
1.59166924547933
1.70340060384955
1.86760867883508
1.57159589049494
1.55521026655760
2.06390924711075
2.36728775684184
2.39464039212968
2.35595174328805
2.42319822941915
2.46051540264266
2.46075695083470
2.46713067080683
2.47391974640938
2.44955344599325
2.38115011692955
2.24789708730395
2.32203800374141
1.90997585025850
1.94908530476349
