1.37
1.35851328609176
1.60135874352286
1.97641397990485
2.02415007904177
1.99824888309095
2.02074625221293
2.10178326095962
2.31587303835033
2.36763666284880
2.31614810629681
2.31805862651897
2.25803091328478
2.20936450261103
2.03752373512756
1.94790539414976
2.17751409571456
2.22240250906778
1.85582283227637
1.44785910533574
1.46399075930882
1.37393149064625
1.52014246965670
1.55957137563221
1.77636131970245
1.74391542929775
1.95937877732527
2.06713725007908
2.06000869022680
1.90088083597309
2.20857696396798
2.23232369796767
2.40554083988600
2.45506776577005
2.45404711549965
2.40422380477465
2.35816410485277
2.29077654355309
2.31390236794773
2.30518954721583
2.37817196129765
2.34287677421003
2.07337628995044
1.57207629265312
1.61995269243953
1.49174826373523
2.05904925901550
2.23631063284686
2.16528057523596
1.73761704120509
