1.75
1.46170353541110
1.51073674398850
1.70331906615246
1.90306009045987
2.02315345659597
1.78671506642546
1.73501468747267
1.94515912668621
2.00839452077961
2.08891539020679
1.51373903709283
1.51503918263134
1.43597218273117
1.46878914450946
1.55822679514792
1.25637232868046
1.50940505101364
1.15128698978346
1.11233800866384
1.36708875389679
1.38704064158959
1.66538960674847
1.71290904890076
1.69238070474609
1.96072227844898
2.18768533994485
2.19177076285674
2.2503820201901
2.10083149792941
2.09732421128082
2.03571042997305
1.58468175997372
1.79362508031347
1.68425096455230
1.83276046486973
1.89723914014867
2.09967233346365
1.90485093916100
2.17828200881008
1.97570665971487
1.69543579896831
2.01278965774108
1.83052163163391
2.08720030913180
1.70859527441669
2.06569903375518
1.94244312877421
1.76585882202412
1.97156454011745
