1.43
1.43547037722035
1.42806811513863
1.43501786551021
1.71401474232860
1.74010861229179
1.86498166862427
2.02749104814560
1.88762239190466
2.14901097474363
2.24819412525247
2.27788993524904
2.32781731135810
2.20091743769911
2.25965641743603
2.29387222568029
2.23019013834566
2.06489293019863
1.71405017022322
1.94652899538072
1.87048200620138
1.34525002688726
1.32208440178142
1.43002919855230
1.53263592822710
1.72644881450485
1.88926169948801
1.97617904194972
2.34892560461027
2.28090358655478
2.25035834039815
2.09093210329190
2.28295410581303
2.30179562744075
2.22010077900132
2.20813318625701
2.19816891970458
2.24128236104132
2.27397676223227
1.79628822779936
1.42596747258214
1.99122116617512
2.03027622757525
2.19962219526497
2.21428179543653
2.08245119457364
1.53476059128807
1.65837591221715
1.68054279055559
1.78031973538582
