1.75
1.75919537010846
1.85940743662201
1.68082529240109
1.7001105248551
1.80344941819136
1.56961219287574
1.42460171192263
1.45419722571904
1.34665085014919
1.36881000599910
1.35406426894735
1.53909435729155
1.58531611402965
1.44797437505263
1.94514637191918
1.98245101513295
2.05626770444979
1.94537692553397
2.10140243261775
1.82026966702534
2.07921038638011
2.16218977705491
2.05590629559797
2.08936291032380
2.10475703353376
2.07429001870450
2.29062301004398
2.33144907743044
2.35899675318517
2.43498073406895
2.39849123816456
2.42068920162139
2.36592759437548
2.43346659492847
2.37784763864216
2.31853605295339
2.36468520189953
2.36085013852551
2.37492192865856
2.03256578488736
2.19194035813977
2.04662763457922
2.07830398503749
2.08735662187006
2.24132224854498
2.3562719542754
2.34858210875135
2.29285972577426
2.32293206772736
