2.21
2.12685485825690
2.24388112910514
2.02241621944896
2.04665041985614
2.09551917172792
2.16081995019752
1.93005678215981
1.69245483808090
1.44115134252841
1.45356238718216
1.84787051600514
1.69012937121733
1.59030192309403
1.64660645894786
1.59019428814156
1.58899040550605
2.09839507151002
1.96708907353923
1.96142904242576
1.73008464445499
1.55528961387982
1.95811830047649
1.97344362447522
2.12346942258882
1.86424798770733
1.75687937858392
1.94359949807174
1.82219167678417
2.03885446748361
1.9212805574727
2.10431701832218
2.36863104282568
2.31733616475615
2.27117976378326
2.02472597573985
1.82585987365155
1.7784648477634
1.90903746360729
2.14761279485522
2.09646911838828
2.17284216611812
2.20379733756120
2.14436430419491
2.01020107111726
2.05295276278229
2.08361214826800
1.88790986251779
1.64379766454540
1.51249304034586
