2.33
2.33949951234469
2.3289549927649
2.14574393575635
2.16926411419547
2.10325141079886
2.05792504478476
2.02247686405599
1.95470060145263
1.82168099218648
1.75818655485734
1.66715888733671
1.57454814171354
1.30096958096044
1.51520650935896
1.70739010828897
1.50958918528599
1.64505235431481
1.60230383124296
1.66302752644635
2.09923756172954
2.22101262598191
2.36092342085778
2.37341177140967
2.27622452942595
2.27859993017939
2.30820634418153
2.30110011384539
2.36829869401106
2.44042469897274
2.44385720538394
2.44031729028733
2.43114113243519
2.42796836331173
2.47489195904802
2.43741912115182
2.41505553129655
2.39364978945914
2.35788201559855
2.26868486035595
2.11803639817235
1.99131920360599
1.90503546470130
2.3315991209366
2.32384315937366
2.29177422893895
2.28437230855265
2.10284875482845
2.0984948692741
1.68180761084356
