1.75
2.03389892550821
1.78256805615977
1.86577758667678
2.08775699522917
2.32352681534577
2.13980379760103
2.12620670140069
1.78850427155160
1.45693968655894
1.91379184823415
1.92450092533709
1.97777412457147
1.92966348381483
1.94095408606755
2.20889954926391
1.99748842818733
2.21421616417750
2.1203777733846
2.27731822105184
2.05126974783640
1.94897113943273
1.7910295027411
1.90586630848358
1.93548730731898
1.88344134095369
1.87781523402052
1.81564628686768
1.82431744502363
1.67689569770456
1.51607593785151
1.66520859801157
1.42243419422268
1.46492721905642
1.53592127724491
1.64521568506841
1.85725553848961
1.88698741322300
2.03843960222312
1.69142798649900
1.67088466739613
2.18138852823309
2.27537559151909
1.91111876974842
2.34005157848593
2.33545244694308
2.39244596055956
2.3943528843975
2.27322973874263
2.26633621444094
