1.9
1.93640794274578
2.21820578282292
2.04391400819311
2.22063411107525
1.97096221874905
2.29558129331094
2.11813498264055
2.18776059085579
2.17629591407318
2.21462711604991
2.13148251989458
2.09127594067172
2.00714126290721
1.88251231909871
1.93613272280801
1.94274465829607
1.89205692166467
2.14978873303486
2.02516101803829
1.94958486926149
1.86123620752583
1.92464891230767
1.955728518641
2.01508943309626
1.9592985134266
1.87153780609701
1.87157666286144
1.98464376832965
2.31654237125817
1.92979473007667
2.07803245358698
2.00836279218221
2.20207344360690
2.11863545775921
2.10527298091703
2.13615793455865
2.26068225642362
2.23521493876951
2.32900089091116
2.28209977042873
2.1886614159561
2.12349076505231
2.2428370919015
1.87090909442632
1.89134301330419
1.80755242695518
2.18052274977154
2.37078410459995
2.09214806232792
