1.75
1.71005736846243
2.02717583683076
2.0081883025804
2.10326467123814
1.89979006213177
1.38451409695819
1.53762056280283
1.93499070015248
1.83891612600551
1.44943578090030
1.45727804464877
1.53089782599994
1.24638739844548
1.22608092202406
1.21085183773484
1.22307779700456
1.20396814918910
1.18224200411142
1.35127875964784
1.42795717774144
1.83047043736708
2.32882752145794
2.18290223200592
2.18441023753010
2.17590451188289
2.25454587995202
2.23853320341948
2.12543484502544
2.19011862668904
2.3635484097424
2.35686540471845
2.28131096635822
2.03754524755601
1.61026764428819
1.71606617899025
1.86251964808659
1.65584729299928
1.63475463828009
1.51699993893502
1.74797465277533
2.1326795659739
2.15925108723262
2.33323527170252
2.28929366797119
2.20728488427078
2.11592347941128
1.99451245154816
2.07872513559016
2.03145171233538
