2.29
2.1755796201474
2.14812382116578
1.72547863602311
1.86640940833809
2.00242095117625
2.19322251843252
2.08160058890720
1.74675462058661
1.77582625630629
1.70814344189464
1.51214532705493
1.25468696631311
1.39424534541211
1.35788443656368
1.20657197251980
1.15059653277801
1.17490214804979
1.19444137310517
1.21186927760011
1.30827316030418
1.51032007838981
1.51880898814501
2.13863816750062
1.82460751715815
1.82736564771901
2.01350119435676
1.82534371187824
1.92095774599266
1.84056291265488
1.9059866848923
1.96829880567658
2.06954445363691
2.12981782672321
1.75111433450551
1.98481468057880
2.04538996702510
2.20829688837523
2.32884122178196
2.41202886338943
2.42090252932278
2.41880640462886
2.39402902609951
2.42498346845793
2.45985899918978
2.40606707734169
2.15829465403407
1.80960885898956
1.981571928797
1.73054732230384
