1.62
2.05797511105498
2.00032064427268
1.84257797673398
2.17284270005733
2.19704392587525
2.14671155379927
2.13742367429019
2.28715795090321
2.29649545086153
2.17877184232474
2.10602895654640
2.24656943422475
2.40386268950737
2.24384149492056
2.2756993632635
2.18644249054818
2.18083102592936
1.86771281545002
2.12313591139909
2.39596940954793
2.35429097762907
2.36725761151266
2.33093192631404
1.91354528975065
2.27674727574761
2.28112645845827
2.19826843227093
2.34365356215238
2.40190410483775
2.32446144651011
2.15649124307313
2.16943558618843
2.12182902559578
2.28947352520964
2.31561342043183
2.24413279381310
2.27097029325062
2.19441075667664
1.94434932113619
1.86650828617678
1.4393309566317
1.54684526879642
1.30132747999266
1.35427635262164
1.63753375916410
1.95918269440512
1.71686481457765
1.56474104255291
1.54626714150391
