7.83443855682854
8.671465241526
8.79796356196645
8.79533933169664
8.7996960056761
8.79935577785782
8.79949153470883
8.79817952664259
8.79735974419871
8.79867160785401
8.34240031478812
7.58526089125638
6.99523017760797
5.54528269316672
5.55442928483879
5.77920299003089
5.93385199636266
6.01189883738271
6.90031026388558
7.30161016426088
8.5530341869271
8.34453521607475
8.17813537439026
6.87119078226654
8.08293701970931
7.76303427474277
6.75277463270986
6.71589927728309
5.64273040709634
7.34392686941638
