7.29972005784512
8.03445280312105
6.42808876597799
5.7072772884413
5.60220507370749
6.61489423009569
7.03023315343018
7.45395387060034
8.56911059334123
7.65831854012557
7.30243694109166
7.9523869532863
8.2579701108807
7.72977548104679
6.55797250116674
5.94500437608677
6.7129470447692
8.672806070201
7.40047026836616
7.56097280174187
7.77244247768782
7.7659765139398
7.20686995607627
6.77587165890087
7.47025339931075
7.60705971165084
8.75653169079054
8.3974110971145
8.78473804745745
8.546783587705
7.2186051540381
5.82360143078407
5.75051665780683
5.9630713538516
6.559852753549
7.16192226852197
7.2982155016614
5.66025859534988
6.8553325856375
6.87383486143143
6.21348627283067
7.08421052663249
6.73073323491086
7.13166923847835
6.57237611923899
8.7923161677695
8.76496823936559
8.13110418308089
6.84924438381168
6.77777167524214
