5.97419687332585
6.18783026025354
6.04124172384946
7.04637561955565
8.7616186530456
7.32206565839
7.31653381078818
8.72908171964753
8.72898511769908
8.53699351817252
8.7971345927123
8.25691991357636
8.1130834045337
7.77405706416244
8.42206033920918
8.64485090980917
8.66591472632024
8.66165769339391
8.77486009234262
8.18586763860047
7.54375067579331
7.67927057921705
8.61067884113941
8.4742485448623
8.53590125635008
8.35462692561211
8.28753264057102
8.71682797707733
8.31812794988656
7.63156379133147
7.88124447594212
8.73074366992038
8.12236833761004
7.99597940937632
8.50476328048549
8.49514249436705
7.43942757526992
8.78087971245098
8.41862885125064
8.73479996541153
8.36135104842468
7.6999873920073
5.80710646148886
6.52466714446289
5.52019542666448
6.46056142276259
6.37142832918612
7.97980284188332
7.40049675861297
7.90548529052677
