5.79306219439022
5.52010689324859
5.50396781819285
5.50127500821189
5.50058826682991
6.03391568018278
7.92885510097436
7.90505671800301
7.53289859940045
7.74610499265139
7.61012130773397
8.79178162029119
8.04792757121165
7.18134449597984
7.40984927341058
7.00534518808833
6.54339475164576
5.84307735687805
7.99529561640107
8.38834916480348
7.80711574859195
8.04253634995231
8.00134101440371
7.43854196950991
8.38147846963961
8.38730539843154
7.27718164844548
8.19710294928511
6.98951213050187
7.51116476482827
