5.93927698398475
5.92305372385625
5.91840699477314
7.54915216264046
7.98379731354262
8.26224278074227
8.63641582155762
8.46628297242968
8.59017160099849
8.44122603665572
5.75463972719852
6.09124641399178
5.54592958460564
6.55458676403567
5.75012829776782
5.97021941212172
5.95691189640528
6.54004536531836
6.08442001847975
8.51780000878909
7.50660120819078
7.42432910006788
7.33290272557508
6.78970956266858
6.25751999448168
7.42977723493723
7.31021523059703
7.14230182583801
8.47852068721503
7.94848162519491
7.49353898203775
8.1758542640065
6.40311161221854
7.02315576729647
6.84862718599376
7.08605430709632
7.99335586520861
8.52437807664957
8.43191693795138
8.77737509767273
8.48222207150116
7.42042652420749
7.48323574853063
7.8986766765147
7.92651289120527
7.06656675620882
7.0655214165391
6.32713192496814
6.64081703251852
6.95810997266512
