8.62372220661491
8.69022621277365
8.76805640108532
8.79174948330204
8.43002750362571
8.58098620237593
7.17011581337272
7.25386181026309
6.02093396624166
6.02341168465486
6.08600849541208
6.13951687317889
6.07526058079553
6.02844168502885
6.00779787993393
6.88157591537981
7.410465170978
8.3874755898537
8.25830358240469
7.88252565636717
8.10940237518197
8.49640208271023
8.25401412505726
6.22727666753036
5.89354236502313
5.85172864131401
6.49343578058483
7.69340635505525
6.23806869639037
5.94674077918483
