5.82732862881385
8.6433645053301
8.44735224303117
7.41298530288192
7.15550226646452
8.51921941443183
8.67152873757178
8.0858391960939
7.91679751727614
8.25006891494116
5.87035500184232
6.77405514067915
8.25334150398387
6.99331507406745
7.11375094005895
7.90050625063793
7.92633498118573
8.44467086997215
8.36376786380991
8.23646267943791
6.239022613715
6.11565816865272
5.89040284363865
5.57780961357942
6.61517546673475
6.59912698121585
6.94282298894372
7.46932694114462
8.62470920492564
7.72569524475341
6.15773479830566
7.73961070780524
6.31750685276266
8.38861524892773
8.28744112692298
8.50639386573137
7.40194197050925
7.79994435758641
8.37603716355526
8.2664140628694
8.26210489273597
6.76103270440983
6.36199063417062
5.94869851884171
6.03509178572299
6.02377293396814
6.56136220753244
6.7178892170066
7.2861775141381
8.45271806774112
