6.39589071336668
6.49548438428618
6.57512298812974
6.58073724526816
6.61719565690177
6.73556873362665
6.78289549970316
7.091045593969
6.38938500594512
5.88726489500903
5.9052773022281
5.63718039511376
5.56142749342802
5.67055739064933
6.93800954821222
6.30408685831327
6.40641608827581
6.52816190957708
8.41575850757585
8.17285119756582
8.31989998416393
8.28296849093996
8.75901400510749
8.23890927376817
8.73939693599687
6.45014545504683
5.7631348589842
7.5224490252857
8.79529555192052
7.4452447192944
