8.07711356265936
8.44942493829167
8.66461622934957
8.71202302841019
8.79564372017318
8.79560931251047
8.79844823478229
8.77819291756146
8.79848607510718
8.79545814092899
8.79979470751671
7.53600408445766
7.49417561688258
7.66708175936591
8.12054876902599
8.53975824071932
8.4703127237302
6.92053968994441
7.69073346704593
7.34129162756237
8.77135655653651
7.37354050086165
6.13640586028794
7.90615134408477
8.08637869593572
7.5272373440812
7.65879607958185
6.92718660033547
5.77093966357182
5.85663231763442
