7.34383691130206
5.94670956267079
5.71263708486514
5.62810077534043
5.65047391804197
5.89690022759641
5.74868403376194
6.00269055885595
7.21799623879447
7.3796071521701
7.20378936914749
7.5619128902807
8.20818565816212
7.38096526040604
8.29588427144926
8.77563657473966
8.6921468033166
8.46203447291943
8.2521800359018
8.78446614083127
8.56391793370176
8.52152896976503
7.69393175784571
6.00835442937696
6.3087771939236
7.49249725431495
7.60836155425117
7.9192697005753
8.56551809476982
7.81720922420506
8.4395173457637
7.53811430717184
8.21758034052624
8.25731958639482
7.7022155880125
5.55174131362289
5.82572140278431
6.36148176744096
6.2456588568343
5.81494819630128
5.86749880533735
5.91139195042248
5.93595850235893
5.92795992050924
5.73494096249998
5.78694796222865
5.76767255247946
6.27642364022106
7.6478369161697
8.31444089016653
