6.26419139432255
6.34706081282232
5.99559788284708
8.17115194953213
8.48829820847575
8.71218379930176
8.620271833936
7.79967961210993
7.97600970173354
7.2946829776069
6.97848348856747
5.78976568942332
5.72283449755322
6.03904622871323
7.01283557531276
5.83678256617959
5.73226245364068
5.87322404954313
6.07991899686596
5.80185106865784
7.26134488964916
5.56136580910067
5.73761204662827
6.19055287045391
6.24582879286224
5.91515720996554
8.19853628275464
6.77546476501219
5.79404053251814
8.3639130602633
7.98169704358203
5.7178329977346
5.70416803269586
6.48899807773725
7.07536266436085
5.66163433029841
5.72059848080972
6.28168170740534
6.42823956510228
6.09724452274323
6.58431220031192
6.7080909902123
8.3393252788936
7.2768470749751
5.54065582822509
6.71333088819561
6.15676651487715
7.201045894858
7.24564198911993
5.63199981186899
