6.97711213610601
7.72710042917588
8.72706426082178
8.7849948853185
8.79767559924227
8.79821210610784
8.79979796611729
8.79874139113729
8.7997263588052
8.79763512103668
8.79437080350091
8.4424605062344
6.74871564889551
5.89893718017489
5.95490883749809
7.87889286412138
8.64824253182198
6.93950710275229
7.12334413901296
7.02760039417358
7.41063255578859
7.02115989977122
6.97421237148808
7.43478630664484
7.008516415692
6.73645696604454
6.99303198579961
7.70444211221563
7.53834242203962
7.73987072246821
