6.44286185728852
6.7981458981367
6.9253138415387
7.54903762473184
7.4661603920822
8.40089239917774
8.06134813401245
8.0805736358366
8.37270588860508
8.36055074846358
7.9951756157019
5.98578824710722
5.78853940564
5.55185021156625
6.52852222667802
6.85876810662243
6.50087208316254
8.49958861330433
8.77033632081735
7.53966921017869
7.59927792040207
8.07006853143847
8.16202222692976
7.89412679947441
6.07370851380153
5.91103214308107
6.03135755185049
7.6785175264069
5.63296068175652
6.03366683547574
