8.24681403716095
8.2740240508033
8.33183452117724
8.70831699582422
8.71750853465857
8.74482719235607
8.78427902857647
8.78160929172642
8.7995103368535
8.74676941851468
8.62738632025008
8.46752706647253
8.43414739461609
7.73009670702326
6.11822199943299
6.02990651695207
6.20951523650358
7.45028302405318
6.66481375593881
7.13435012472274
7.51535371621229
8.50665403439286
8.73545145179795
6.79854665239664
8.18927834940758
6.66087806220262
6.24331224640331
7.25195335118797
8.04501571895248
7.41333257351275
