6.50144747076556
7.19254187448506
7.01314601046588
5.73726975562727
6.18412672466295
6.66653439532345
7.0828647028127
7.94529462615871
6.68726374211273
6.68131815544068
6.98726146800443
6.05028932648777
5.75753298433256
5.93727534397912
6.38446509618094
6.36753640942057
6.83532141170879
5.98697914621683
6.52845568734676
6.55839552715331
8.27321180373984
8.13481540924313
8.56476933094797
7.9587269956592
6.26200012845355
5.67421006045025
6.11646964366454
5.72448707258742
6.49569340049696
8.09655463412023
6.10071477599076
6.83517557202889
6.79931168176437
6.77338016615973
6.94556408155036
8.25670435217806
8.37355162635578
7.21414760929404
7.13196995660608
5.95291297149977
6.53528604578281
6.1714774958879
6.19242703145554
5.50968896088648
6.34267414865501
6.19385551431667
6.3317580852283
7.29333777383128
7.922460788319
6.17343895419286
