0.2
0.198253045221491
0.194004130186213
0.190223512025250
0.180867760080004
0.192191030342223
0.192576341933889
0.191813673001683
0.187297207836956
0.186490093746473
0.179362082441588
0.179447373507795
0.178161856671803
0.177757330756695
0.177391686303111
0.177438929803892
0.173966775298751
0.164554363721683
0.167780474074142
0.16410555795669
0.158199328886302
0.153077837102072
0.150871510751503
0.152164570846552
0.152199759001790
0.143617187131143
0.140668082199583
0.143983356912367
0.145425784626828
0.145874683490807
0.148594188148961
0.152478862705285
0.145737447596731
0.146374067131379
0.143072506838896
0.151510896135540
0.149598728948965
0.14850379538301
0.147563965996328
0.147919836501192
0.144044768623442
0.139747173207327
0.138078184137904
0.131967440141217
0.129979076553130
0.130263230740087
0.121916548740113
0.122982058947835
0.122108869808378
0.122129018163767
