0.2
0.199524449881620
0.191001339375041
0.174910420078784
0.174380938042871
0.168007844048537
0.162583761541157
0.155935326409511
0.153948567993289
0.151996512542760
0.135091164176634
0.133556342979423
0.131124505117386
0.131502344757016
0.129366573439609
0.129326830834624
0.128294929743160
0.128170623436917
0.125669143560689
0.125543402836073
0.123800310737894
0.122284643748951
0.120279463661998
0.119083888542278
0.117153732210769
0.111397886460087
0.102184404770283
0.099829282094423
0.0974848151078297
0.0988843436249107
0.0971579014123418
0.0957724462602466
0.0949653822483281
0.092907662318013
0.0901031097638602
0.087966823448352
0.0843518296358357
0.0859662051680899
0.0836677107674957
0.0823199309123636
0.0829565710615272
0.0828643986204544
0.082535211887184
0.0828157042559705
0.0798393143933735
0.077636911171607
0.0778168109797806
0.081707355230388
0.0821974442980962
0.0849493737828999
