-1.5
-0.946569659541444
-1.09430242513351
-1.17360680445499
-1.23870585012093
-1.29413481436885
-1.29741255426790
-1.32695125945659
-1.39909145904451
-1.48233449087638
-1.50405844525703
-1.46468155246391
-1.51392442631602
-1.43704942729912
-1.44104461519101
-1.60388310889288
-1.59118397421603
-1.56388333573264
-1.50249837433270
-1.61593941338673
-1.56765476234877
-1.55437563091726
-1.55369227975091
-1.56007377741222
-1.49695988964403
-1.54405023602754
-1.53256759255976
-1.50367363725739
-1.52487711313160
-1.48429353408645
-1.54007524969395
-1.52381323819775
-1.49216550699018
-1.57854757553934
-1.48744036539733
-1.57036066823259
-1.48590107115674
-1.47336690192322
-1.4409056643226
-1.48823653237117
-1.47015414644596
-1.48536696139848
-1.53237734587856
-1.38765819651196
-1.51663360596437
-1.52439003208378
-1.44608499800428
-1.51039720431542
-1.46225958776611
-1.50671625395649
