2
1.99999998333619
1.99999989223445
1.99999986053392
1.99999977511906
1.99999791326277
1.99999917306251
1.99791878973245
1.92660216328717
1.88811045809557
1.88537409081032
1.80793377939985
1.66616440171151
1.47926527757904
1.39555018872729
1.37124625055826
1.36656757547640
1.38835724937976
1.22950601935167
1.18562412831247
1.13141296936279
1.23823634996335
1.23288597554751
1.13827306902353
1.12634119172020
1.21712607518294
1.06187078156964
1.26012161139388
1.21328289742105
1.20807312962589
1.20352199146656
1.25849670353929
1.24239083284701
1.22325296232803
1.27229309429952
1.19068885609579
1.25678643392416
1.23618791407457
1.23343015840189
1.19733992265172
1.24543275960821
1.21999764241992
1.26759207590731
1.23464152351736
1.23590776060373
1.24562526069079
1.23423885720279
1.2777072181262
1.3554689191882
1.33894693149515
