0.17
0.154303243097157
0.145481267479132
0.137910763046333
0.137352785315881
0.174107204354234
0.172462264546232
0.20100749070314
0.188954897963894
0.185759301836580
0.166114490103100
0.148827958297576
0.120664201770798
0.138474516657134
0.110054512743425
0.164736786038815
0.144434348177394
0.132678959574119
0.153095203113761
0.120920145791936
0.103251040025876
0.109372427363239
0.125981299919258
0.116873772799915
0.117101286278073
0.146117269867304
0.139408416956768
0.132890287955104
0.131647195692674
0.109152976164282
0.0991759323192902
0.086079602651192
0.0906668355060463
0.087370879865853
0.0857311344799167
0.0885606282757557
0.0904388587921872
0.0919084678076258
0.0919860151667473
0.119603026770695
0.125851652736302
0.118325522968933
0.107769867533050
0.116536958647004
0.114659778209841
0.163407307337870
0.157399460629669
0.114580762619618
0.0908091819907228
0.0946252926957251
