0.17
0.171969771694949
0.166269329208567
0.164017574539108
0.159157755413871
0.140976818860236
0.182762252181358
0.190308607325629
0.180676679318974
0.187419892683133
0.182390161355983
0.132941099139134
0.122569725163551
0.112331419627333
0.104883891529683
0.0818129011476593
0.0881236850981491
0.0862795954422834
0.0941712536319228
0.0846577606197873
0.0737908538960042
0.0767461513325092
0.0710154826590566
0.0734128002390046
0.0934288887084795
0.0861923526542941
0.0851628661601461
0.0874199160327294
0.0764235775551128
0.0765182581348877
0.079767734989623
0.0842360481838315
0.079860392394079
0.0789337046009059
0.0744222879080474
0.0838405976878637
0.0887581780925412
0.0864332379022437
0.0775438088575724
0.0749469563777408
0.0645171690007983
0.0642382842063832
0.0650559985699545
0.0652181734800584
0.0638227547073628
0.0663419945784147
0.0825214621448971
0.0889131356903676
0.0852544805514858
0.104088641071505
