0.17
0.169442739847677
0.171236639181631
0.169413021524679
0.175745149007989
0.129075486864107
0.107348165054784
0.0922163920005387
0.0933352462966887
0.108298294861608
0.139096311317013
0.106120599412681
0.0912547287738229
0.0990312261474335
0.104589539277137
0.0994833776470328
0.0783311858615608
0.0800594965973587
0.0844172436216246
0.0839379134770637
0.0832809802861431
0.102774308733366
0.0931067835859453
0.111532173104288
0.133415174422308
0.117764636537875
0.170984953775238
0.176303372181243
0.143932795156610
0.138325226258646
0.209324684295257
0.197658588165162
0.188109471237281
0.194058278008104
0.157537923709488
0.151547423779162
0.15943583642436
0.166760664474573
0.235487874325065
0.208293957085259
0.218953140250777
0.215592524523807
0.211663694375121
0.204383271031319
0.204136737030527
0.196635536926252
0.233658348498735
0.169367454596679
0.150824917719250
0.138970643655528
