0.17
0.173637538717368
0.155167007980115
0.178532949307628
0.182672064653487
0.167158347961369
0.176531117062812
0.191730717499131
0.172581189382206
0.17285453584753
0.148478316102379
0.138513194025512
0.150686844705814
0.149634328148827
0.120717358402984
0.117682786113124
0.119708536259750
0.130737349733539
0.0959244402469236
0.0915656923855278
0.101859833931443
0.0854637120922618
0.0853528817545076
0.086068665003883
0.0993301069852076
0.120905753550691
0.125867721599748
0.117379012553828
0.107902852439153
0.104284155282774
0.100190790787509
0.102487229605152
0.0997759759144074
0.0958195998681189
0.126899636312941
0.120880926737970
0.100423421172325
0.0931750940156886
0.116037323288504
0.11529999179762
0.136875405306676
0.104224740667983
0.0999080436614079
0.100304088103749
0.0921887572580255
0.0898221799955647
0.0869348484983731
0.101188859550552
0.0837818479575443
0.0980138262509653
