0.17
0.166646317730886
0.124742052622206
0.114960401297671
0.107232911459484
0.139311394793269
0.129561941321236
0.0963627447432309
0.0890557110530664
0.0966201652988835
0.109297035472435
0.087486724031599
0.110619012386399
0.114719377399324
0.126804143386463
0.148945316780949
0.156661153153898
0.125290669485100
0.156443652153023
0.155961629790049
0.120584959390883
0.125063479353565
0.105199358565865
0.125209629176302
0.153348225746877
0.18977320421467
0.182782034265999
0.137443061099624
0.145649493789617
0.148521176720013
0.164424012751002
0.126911067591310
0.118521802145201
0.0958999175670558
0.111554024915059
0.149794394969084
0.127300980181175
0.141916284364347
0.155381956006431
0.110485714210456
0.0962542140966913
0.0989585372054644
0.0860634176408724
0.119612564053138
0.0880852293755855
0.103335804505786
0.0940834441683455
0.100784811766095
0.0992995789855514
0.115864853003557
