0.17
0.154361446166976
0.153049610956808
0.146771768492752
0.157541156378913
0.166169120393539
0.168488545854165
0.154994178147020
0.106421642431453
0.109846097417964
0.093507857755594
0.0917012821210391
0.0917231042891239
0.102807597443659
0.104676361966286
0.144065260807194
0.121042822605912
0.107231410193933
0.104210036671933
0.166007160865108
0.152647220636087
0.193193382533714
0.194058558009766
0.140319157544994
0.127148077845577
0.111064652714479
0.122852945001240
0.122739005379233
0.103718639846731
0.100866855005785
0.102757779084747
0.104216288704337
0.104456628312352
0.124575109286139
0.116271628087336
0.0947574437950428
0.0998152615720342
0.100309741170738
0.112106175529051
0.0989000448494457
0.0935752934528856
0.102062474098050
0.103049688086775
0.0995649694494136
0.108712485467707
0.115301263495553
0.120253950356747
0.138567603464151
0.136909081490433
0.140681610460355
