0.17
0.161809733577101
0.172662712308508
0.138631722655814
0.13658365888317
0.154540064438703
0.157060350754912
0.157747240644920
0.162937427546323
0.15600661978817
0.117629245829085
0.134535058234436
0.110448884905182
0.111927099723314
0.111239749351487
0.129153312361099
0.129350047745445
0.162025125376911
0.14903965253648
0.138859092582004
0.155281585291284
0.190674126322850
0.184650994884066
0.162613699121296
0.138678278307317
0.139227471499657
0.144347661562596
0.147444222373133
0.0948730610287304
0.111342050591830
0.108882350434168
0.13473897512256
0.136546933906043
0.125102908195452
0.126046439671043
0.135358682576179
0.121784108832578
0.161993281800397
0.162252726805238
0.114320990968951
0.110997754975159
0.127461185190374
0.173039341800598
0.169483626751752
0.154718549203581
0.116585136280704
0.119930342759723
0.111314316926734
0.106106375487954
0.100750317893559
