0.17
0.150090908576539
0.143221125947053
0.152283487337198
0.158886763485715
0.17531588763293
0.204563238563049
0.195811045983534
0.194968143900730
0.180848486981452
0.199872581543514
0.171600130938508
0.180918554611573
0.239515039742318
0.222904066080543
0.199864386871437
0.206855651089091
0.149732850612530
0.11663389520989
0.125208919823630
0.160920148415955
0.123623781512274
0.123824846128443
0.127940791186529
0.117599452450693
0.117727213591246
0.124602932029572
0.126200479964843
0.0950215274818662
0.0949697619320345
0.105416518868980
0.0987654784958022
0.114955621167615
0.114578425770715
0.103010604214383
0.104917000242244
0.109837534575985
0.102221671158104
0.116645377843081
0.104588552502555
0.105242443671067
0.107452978081744
0.0881760474482162
0.0947032668209924
0.110918933225088
0.135189282734241
0.130587328822721
0.137447176014127
0.153719828248371
0.194292578818586
