0.17
0.179433107578951
0.186650907206510
0.182708433964389
0.186935879167686
0.190073238511168
0.150013185627532
0.1816272551614
0.197302716102377
0.202682580761048
0.215631042045644
0.192236870061794
0.202316014166783
0.174131770979805
0.148641780218399
0.151263480648671
0.160045569166965
0.218347877146986
0.170915030507053
0.180698514427108
0.165842188436081
0.153185693013016
0.178766596887341
0.193457472381026
0.206526335165825
0.143572004791197
0.145837580864268
0.136979016680971
0.129819867305295
0.152214711441105
0.174880827579832
0.162444188339830
0.184199069914706
0.183275906572417
0.135254015937831
0.137587741026054
0.165231843864202
0.159397485808613
0.167694662023068
0.212810016935944
0.199768074616349
0.160153874146542
0.169864141522863
0.24338477360996
0.240738391450944
0.222454067404815
0.162751860808315
0.225326208211867
0.215588134388601
0.214521826414995
