0.17
0.162095820099671
0.147110872359420
0.174983636156628
0.200581273896213
0.195376696901144
0.173092956853451
0.172726902550253
0.14431122684316
0.152896038028254
0.128539743003747
0.100325956704917
0.0994728046652165
0.0993150153105781
0.0975459219138032
0.104580139971849
0.0881506898640348
0.080738920926616
0.078363215262651
0.0741400901515517
0.0805083194211473
0.118505000324605
0.112103972752113
0.115935088082005
0.104544459513333
0.112184027435167
0.125282717074858
0.110214343873582
0.108498960397061
0.163767125512746
0.183115667601059
0.181971522538912
0.182239189881448
0.138282579723257
0.137930221614022
0.0934692135060522
0.0947763154947715
0.103814282475790
0.103603274503075
0.0943495336235652
0.0901652924167245
0.0836963956618665
0.0814515250130498
0.119291891545441
0.111946500892277
0.130593626646906
0.129698092392156
0.129384785423033
0.116013005660124
0.131700333874445
