0.17
0.122460907293692
0.138317117377872
0.141325640859402
0.144738777732573
0.147494963805665
0.117870879601807
0.109491598839577
0.107038482110834
0.119820382972988
0.122053345150917
0.123417586772245
0.137652482691871
0.136293468203888
0.133510141669825
0.100703736770613
0.0903003679703133
0.0833397555158557
0.0787807671729058
0.0898957344351263
0.0795123458677773
0.0817376315174577
0.0766590571970631
0.0780138936849058
0.0747726460196305
0.0767921043047816
0.0887901399355486
0.0960775170438347
0.0924141627675743
0.0971306608414715
0.122011354321855
0.120138825124665
0.130472067120219
0.168072085443416
0.108224723013246
0.109443521273251
0.118934368278528
0.111907873643896
0.133026506715810
0.133301216863645
0.109635073175416
0.118144818110191
0.121768556856162
0.0953198305337645
0.0958643991642986
0.124912163905371
0.147464410827634
0.157225162984322
0.142639023566882
0.136944854636578
