0.17
0.169264499299329
0.167126636344267
0.138243748793982
0.148045713720636
0.156239992765796
0.154943783613121
0.169144337157994
0.182953135425009
0.187726370398558
0.150742079843534
0.141323421545622
0.175866011426756
0.172554725158885
0.178168367983625
0.229578049168307
0.236704293674719
0.228928987057862
0.209514440991765
0.201157905166928
0.178833531801024
0.167854444296370
0.163931167029142
0.200765476207393
0.210747755509930
0.167657056877891
0.171573688235558
0.159860914261577
0.108501659543064
0.107675446563341
0.115005750455577
0.112196463544895
0.107236871141093
0.107703433797092
0.169976616528101
0.193551074989989
0.165996562123532
0.165159472580351
0.162471414690243
0.17315044476606
0.158226979044507
0.135605744190461
0.151617813515703
0.135531710172461
0.123793269107277
0.141217192332974
0.111585634094415
0.125266503915455
0.125493676305299
0.122741320363487
