0.17
0.176634298107105
0.171962003396753
0.159174659704621
0.134879665820387
0.101890748440379
0.096955108930936
0.0833845308511794
0.0978766636102784
0.0901342607476133
0.110866200479589
0.101694844264547
0.100762136486515
0.0955236033367282
0.100910727647968
0.100325629917104
0.127229710165806
0.140324266676361
0.128236602287801
0.127745628720929
0.137113407879239
0.164200799704207
0.143434695276148
0.123864137960800
0.122215409919520
0.111686239183329
0.095957904541613
0.0968728310600483
0.112803305031776
0.118384950281114
0.153847916735328
0.174952417022205
0.165337069466655
0.153247319557022
0.153746673898012
0.195802339402558
0.180897538425309
0.180781234244366
0.178049050119847
0.151858767125334
0.129915080498848
0.138122437252265
0.160750647351607
0.172836062007859
0.189197799826691
0.197984984440958
0.163115158660456
0.168921013956891
0.184516467266334
0.119038471201437
