0.17
0.164123765335841
0.166023856854444
0.199641428405896
0.199777596736786
0.146309826371622
0.143261801642940
0.126733879506419
0.128599466345327
0.138509824698762
0.123738507585688
0.136859811964273
0.142970590514746
0.173439950356160
0.176475509608328
0.142863943959207
0.138267970337913
0.202671492851346
0.155537451608798
0.200747744459683
0.273628061213693
0.243321192702453
0.264876559143986
0.222505489513185
0.147169807140545
0.175187906973871
0.168142600275794
0.169649903778495
0.156777857849584
0.168071216276656
0.160358009573793
0.157511418607128
0.210214960857037
0.199689361654017
0.216080273391941
0.233754328196544
0.235465834953868
0.248898176089267
0.239094709811999
0.186230621989126
0.173665354696854
0.185508820820760
0.184332359961643
0.147944422736954
0.157857865259593
0.160113502025090
0.192955040597266
0.197995419784600
0.217450792016966
0.204963715442236
