0.17
0.179609181297043
0.184823524172625
0.177200007670876
0.184300055695374
0.194058443714844
0.181176070578688
0.124967682706113
0.118175771556856
0.131500946939324
0.153917526266004
0.138972921353443
0.117544225963953
0.133760220137604
0.105063577839429
0.0829593916217693
0.0820625385234668
0.0748482066500244
0.0731265312651785
0.0904772312594255
0.126287990982762
0.0970390389986354
0.0971289576144038
0.100374657602630
0.103938858639853
0.119523163021975
0.132835316780535
0.151468829054427
0.116360852703321
0.143298833954607
0.102681716963961
0.150432688786133
0.152284266932976
0.148199476840016
0.12501409611361
0.128876478883246
0.121001370564657
0.118459343769162
0.146128191895453
0.131440585513255
0.154368106520110
0.153002874955019
0.144076003357276
0.161323793655010
0.164608809468439
0.165424847649876
0.146384214976096
0.150686781373598
0.162219959580296
0.161829424968574
