0.17
0.180735212839469
0.158873531580225
0.128909337708538
0.144828534668631
0.133830609471881
0.128537630067300
0.129748915186500
0.113046312561547
0.132012214639829
0.121608832555346
0.153409688110494
0.150059400985076
0.122403078505834
0.128028318761268
0.154413003743014
0.179529751176289
0.185973382164269
0.208093256761295
0.179538075596873
0.112660886436573
0.158189774347446
0.168868704483977
0.189945422155615
0.139542555453822
0.153935831613939
0.130334013227670
0.117457756992433
0.122745777372997
0.120003157319663
0.150788245122116
0.156701404110558
0.148477084363465
0.153643612651888
0.143808172845635
0.122711902567374
0.107032051214823
0.121169567060734
0.155822598858586
0.137988693546069
0.115376628370840
0.104357995272065
0.0823572570402678
0.0802276942499718
0.082067413072982
0.0868219492570536
0.108117361975365
0.124512968506365
0.137674906830446
0.114494193382297
