0.17
0.174307031261808
0.165521220437315
0.166252064687327
0.183684727674259
0.160665018471577
0.136132337326433
0.145541775187211
0.119467609073054
0.113518944751454
0.111219200374977
0.102274312080219
0.123094831015496
0.120093375854666
0.114506878292979
0.114481278915092
0.114731603766211
0.117146050202232
0.109246632589612
0.0955679192639711
0.117745399781950
0.121342507463439
0.110534786078036
0.084602931160406
0.100392093427692
0.101876646838996
0.113452229756384
0.101133889373231
0.0978610944187602
0.106129635512240
0.0869139043830129
0.102443956780061
0.116647519018302
0.151420643407006
0.152008448332233
0.143318695624572
0.122378618554130
0.130765688736941
0.149607836562295
0.115740255120496
0.127954262585776
0.141826108731140
0.103663426003856
0.0940724016380093
0.0811592514365252
0.0789269334172592
0.0836398949544078
0.0817338824340398
0.091874815798663
0.0877120960138798
