0.17
0.182742468472848
0.160003086912794
0.140803893988953
0.169578852299138
0.136308152307132
0.155879556842510
0.138215782884588
0.160938573562308
0.154665076320265
0.142900168469748
0.177117889593891
0.146540039799596
0.145633827869275
0.105271369177534
0.0898014411243758
0.0926627820330183
0.092967252718248
0.0999513167357365
0.0950994272435762
0.148628569730952
0.139539660865797
0.116605165457201
0.113379373944338
0.136289664664698
0.136525462617853
0.146303655972924
0.137782211867117
0.119422210514738
0.138345334902269
0.095736769801382
0.104157759023864
0.114972665351396
0.113019375884074
0.128608668659999
0.176659780526848
0.145373606825345
0.184479774938506
0.157433529660658
0.16621406905912
0.154131505300723
0.165065628265280
0.148854322818795
0.133542007303739
0.134403305939229
0.111480739813970
0.167213708986254
0.145427213654568
0.134536313817480
0.147376508583131
