0.17
0.178416420685988
0.141156668617559
0.139022693717431
0.137316752303959
0.138855745678268
0.120529920191344
0.160828173042063
0.136957980568719
0.157499752107996
0.147201044634343
0.142558231406571
0.134990901002183
0.172137926932240
0.204198977658435
0.192360728323128
0.186019666849072
0.169269767376544
0.145006833807511
0.153754249254518
0.13062718885377
0.129332872059044
0.175877444535259
0.171391926113944
0.140853666696284
0.119041253982157
0.116219046484854
0.0956407787415153
0.0949777966702466
0.102204392825728
0.126899095865121
0.108379935422842
0.135478245386527
0.141559534037962
0.139064801440493
0.110385689541835
0.128661767746846
0.09703846146663
0.0998566282318206
0.104646075238526
0.109538449244564
0.102053132505287
0.0991970642366558
0.126998198872760
0.124060958364324
0.124650849366572
0.143482453770937
0.145693947185341
0.136829401924424
0.119762964209359
