0.17
0.183253544333987
0.216896118564058
0.218612663859375
0.183503834501212
0.204897446973484
0.218674261480596
0.165119114706999
0.151714921260025
0.173203618068138
0.17520248092816
0.177502837107675
0.157761650874797
0.192394454342502
0.184164683794048
0.124064478480368
0.164470862844985
0.210464890873506
0.173356830623473
0.175440326131252
0.159952310911287
0.140300221537172
0.144996295920535
0.131742135970504
0.166882391012335
0.146047882114419
0.124765335132239
0.135045525574486
0.138473468510349
0.138251930978907
0.133237735493268
0.113254487714685
0.130513865013652
0.147104529640160
0.152832952357871
0.150511633186801
0.158993727524539
0.183912712234149
0.201384997079746
0.162422955032129
0.170948462714039
0.142442953909126
0.186305528860636
0.198202491378531
0.176231062941072
0.186905706067455
0.177322616214707
0.185272730061501
0.174624246261833
0.150100345678104
