0.17
0.122089912007709
0.110093364625418
0.112612571911646
0.108498008068184
0.157816888069075
0.170503687846036
0.151039132952001
0.133822604014130
0.132170712835887
0.105691639837388
0.103549842834926
0.105375977780976
0.103053321360115
0.099077408405564
0.0999830698640521
0.0963062432145302
0.127263166800192
0.165879030035032
0.192937203316432
0.170876619159307
0.167030435752664
0.162809208969482
0.157935518068972
0.168155589862678
0.117568599798158
0.159059228404005
0.161523666391849
0.156660465975979
0.171638928957057
0.159371669825462
0.159443174849440
0.164757606694859
0.156266247051263
0.157269191552384
0.143193654306158
0.132168276605407
0.132895904302030
0.117401801140337
0.172962175865630
0.174599374508982
0.162606915839352
0.147919982263054
0.155797814566005
0.130145817814599
0.166590807928402
0.162867432421127
0.121153948901115
0.13044994594623
0.095542466221215
