0.17
0.170623016214441
0.179822049296842
0.17859987284195
0.178553053845601
0.174015656232476
0.201637117386367
0.202086534640894
0.182570282919609
0.130350828092801
0.128001554910236
0.131283605979596
0.155044435521011
0.182465257362166
0.170611344946414
0.143466607819139
0.135286564360859
0.136667093915678
0.135413968820297
0.183745263588686
0.187068182031206
0.148739072045723
0.145226947524727
0.144421884838507
0.154808195870867
0.213655354181227
0.228667362730299
0.237055546008726
0.251423935454592
0.283874900224683
0.273064209323064
0.22936846124302
0.227588152314347
0.250945800593788
0.300531622846699
0.280774772901326
0.270539804091136
0.263527706168774
0.240210575534876
0.203863602348955
0.190079074827417
0.226524843804084
0.224443194817517
0.215022967642867
0.306055839190633
0.207598465816234
0.201725356686239
0.212381586832434
0.247617379140681
0.243362069503726
