0.17
0.146573404981266
0.138731517758127
0.132856407504297
0.129494516754338
0.152568181367884
0.146690827365805
0.145748336717414
0.132919385601406
0.108613426042811
0.124648662162210
0.150919778829559
0.141276832026395
0.208081153912230
0.143828866458341
0.149599236402602
0.113826618563468
0.170369142132936
0.195078102039060
0.198867783748657
0.246422793418426
0.246498204123912
0.239315885694484
0.167682635190830
0.145312257223036
0.171451375654196
0.172243532123809
0.153831093800363
0.170472305091203
0.203120472052791
0.228941612042362
0.163215501623493
0.152227176712161
0.138827242908343
0.142988136293397
0.121671234752519
0.164111087391659
0.172511143381756
0.143154297650776
0.154814071489077
0.158702446915953
0.159848824627934
0.172672683492544
0.194377643847199
0.207701999925830
0.172058518373988
0.119895605465361
0.124841958712362
0.100918232133387
0.103796417911809
