0.17
0.203275059552891
0.218392350681476
0.191122703852120
0.186732012511361
0.134873196147994
0.170393997721750
0.138625525863951
0.127077968046036
0.128345626443978
0.152094703569127
0.146474616585202
0.183077834747836
0.183238495640124
0.164781420165120
0.181923478302459
0.142636327692393
0.133108835532129
0.158929673889375
0.131328134893193
0.150534844951147
0.147438232259062
0.119774988242474
0.104014543411482
0.148294384396303
0.162144772156047
0.201472572291268
0.20205571383986
0.181911789586350
0.140093320901837
0.113747421904994
0.122156543757852
0.116761126523344
0.0914341327792038
0.0996815153703162
0.0877789320411554
0.0939052416456098
0.097560446569867
0.113175452936698
0.150890755775352
0.103161118831337
0.133125579849148
0.167773329296391
0.170549761119214
0.139500071132263
0.134052430030000
0.204138847723050
0.183289818586843
0.142174144413829
0.164736885294379
