0.17
0.181031644835304
0.180011179737962
0.128687114556504
0.127360159379514
0.127475649510809
0.140639735964120
0.123944648026764
0.142780201988933
0.124169404594498
0.149321574554811
0.159063210975269
0.165754396868377
0.156338079319536
0.158955545204317
0.131302113189224
0.158548351595306
0.161910789708801
0.157198550686341
0.123528483670813
0.129010894425797
0.149752658354003
0.147991627040042
0.148872663455411
0.124781712253747
0.127384887371535
0.128277743318280
0.156520761754492
0.184040669259233
0.183665175027215
0.144074158556035
0.153622613340716
0.150565975449946
0.152398342607537
0.141681532738154
0.151953242756618
0.179689031649443
0.194521028835591
0.185959967380579
0.137654693267152
0.125589526194539
0.130611616919209
0.125326404507154
0.120264559026046
0.115027279950795
0.111494670615188
0.085110402500467
0.0837813199349139
0.0894540649488281
0.0894310499655308
