0.17
0.147922561763067
0.152369667132231
0.130259063760309
0.114123520019297
0.107091101156553
0.129185834002792
0.0887280601745237
0.106834276274157
0.109387361212978
0.164461075766605
0.159295854975835
0.128424180763597
0.130362463843709
0.114935694605903
0.114137596449676
0.101921760251005
0.117877809546329
0.117442523320915
0.100856503578610
0.120390178881937
0.108176638993225
0.123203812552925
0.110244326603380
0.107602476265891
0.114158596883808
0.133862412764605
0.122387168047414
0.128876806176368
0.122565162391046
0.132010037198539
0.137072000134046
0.111512178607552
0.118140895174684
0.114386212956127
0.115931129710405
0.139630839217989
0.129860500424956
0.126560393055313
0.113276865382413
0.125280585086734
0.125617012462581
0.121223326471404
0.128505009655241
0.117863785526742
0.125280373030013
0.158893184421232
0.139658128037657
0.145110737348977
0.124894828374959
