0.17
0.163199890899188
0.157626480869104
0.136697539110412
0.0899866719917353
0.0961638505438633
0.130605909795961
0.133424579035664
0.145664463774913
0.169057961913717
0.167439061214237
0.145122483675248
0.136235893811441
0.103559578587365
0.130732275393938
0.0990079293422965
0.135620298016209
0.133413663825130
0.129512631314453
0.145728095988776
0.119554478323824
0.143346992201121
0.133800912832244
0.140240889015628
0.153329139235050
0.203103445144649
0.205389188448716
0.203815725493423
0.177822813296441
0.194267912323189
0.246282245638214
0.221451446896742
0.211865300915668
0.233509740816361
0.206556302574787
0.162142544388708
0.183207337658736
0.173747525122297
0.176358488896157
0.130309385778374
0.108669743517685
0.109597854493308
0.130131158755675
0.140842003650347
0.136828574583019
0.133906174527358
0.123339726004795
0.136034792643774
0.145650992594324
0.152029331119419
