0.17
0.18804312755397
0.190663315350491
0.165786302963427
0.169530984817052
0.129586827953367
0.104860493023896
0.103100441079007
0.132765231336971
0.137509591470579
0.146886865183846
0.125181417974671
0.0945031661590732
0.0887198988804267
0.100246736567660
0.110681704530241
0.113199883532960
0.111362505161594
0.114015811686231
0.0970500234790497
0.10372796249568
0.090525249605146
0.0824820105065193
0.122859648877206
0.122828472481455
0.0970895652301418
0.0996074117992956
0.115423459960859
0.116061379168484
0.106592298420086
0.0987036969487242
0.112656832064268
0.130910598770280
0.127775511104294
0.138557009980113
0.123773190258351
0.117293388822158
0.138843550712605
0.194496951739496
0.183437897680053
0.162286160202300
0.195396489886787
0.150804644312019
0.20682685183192
0.219493773035751
0.216885399858217
0.200912312360029
0.160339037464943
0.177517006960828
0.164205627727875
