0.17
0.147883044547394
0.142028904139602
0.172384653134540
0.150615705205609
0.114340665289366
0.114920162678241
0.126669183271848
0.127313995462063
0.130379243281591
0.13555978845906
0.170675287826069
0.144555065589013
0.124402474891426
0.140665182703758
0.129484468923074
0.149256675052243
0.133924543172132
0.105693359674250
0.111368506900919
0.129100974764303
0.130900045042932
0.1473838590408
0.126047761598034
0.121654472575901
0.095940452900405
0.0768508851682194
0.0782769029876992
0.0775248018864314
0.098475712296473
0.115211026039046
0.123400989484303
0.153925936188619
0.148603052930535
0.144049694106622
0.113542202825738
0.113475824367702
0.11571202835135
0.130785069566816
0.111322883511643
0.098504506019435
0.0981134804583996
0.0880770723958276
0.102006300530031
0.0992605023379367
0.107293426958650
0.0924536371883215
0.0932786805985796
0.0888749353893092
0.0932196404456063
