0.17
0.164189840369261
0.209374143340417
0.208349740975356
0.15280735951187
0.150248458474582
0.128177484206713
0.159212208050971
0.155710976414070
0.15044387560306
0.162445699851538
0.148871313927527
0.184279397484918
0.217117748790485
0.228402751222675
0.204669860377754
0.16800649159874
0.113972885898410
0.117008941103790
0.118694857450996
0.148106120427616
0.162811223739422
0.12848426649267
0.120888003064686
0.115545605976526
0.120597685573004
0.144366569207735
0.129005173380980
0.162679182065041
0.162381226173114
0.179071963315806
0.170885199836028
0.139235766938483
0.186811035217435
0.186964124416463
0.193365757413759
0.158932342686122
0.196560239248930
0.200008140176037
0.183689184885260
0.165625252104622
0.177644098530362
0.153568915507579
0.149852415425578
0.182648557262844
0.133700946356188
0.169033472276247
0.161152383705367
0.144972411750599
0.152918788842546
