0.17
0.165374372980109
0.159630003152221
0.146685954217818
0.143465228176660
0.218885539396934
0.218467366980100
0.189496635753590
0.169287455952817
0.155317742970434
0.140417282284631
0.130044648105882
0.143234043219088
0.138786878736029
0.136025530668493
0.105062021135148
0.112770479657593
0.131569881204297
0.129220201640257
0.130276336764843
0.126246904642404
0.096296849283689
0.0953800613397244
0.106371208315485
0.128445844779857
0.117379612814004
0.150765622226752
0.1603027217511
0.15745847565359
0.1616451100394
0.126587640835685
0.116147992601646
0.120378554077356
0.135758220846971
0.157552890818632
0.143804384994158
0.212947716396072
0.173919946722779
0.148539677495887
0.155206226874525
0.164906763244305
0.130757194773060
0.109197959532663
0.122968017929352
0.100944668151647
0.137701004815986
0.153585899305092
0.138992571225387
0.178670212724444
0.177820290553619
