0.17
0.154415702192953
0.124386366389384
0.136929506788616
0.136556812545058
0.122629492420356
0.120122179425546
0.139002039225872
0.107915412615894
0.0975851292738268
0.0907393230844009
0.0926334382088318
0.098958188152914
0.109615065058963
0.130656992621692
0.116040046475196
0.125344923623349
0.13266081800183
0.136752392541691
0.140664033806062
0.113132686349632
0.0975046564967278
0.1136815194084
0.128165920796179
0.125472412429275
0.147928233993698
0.125091590538308
0.129894295734085
0.129207980513992
0.117549168889217
0.117849306678481
0.0996377602389497
0.099374531088736
0.10161412395533
0.103860734731528
0.100247878005617
0.0871293593131272
0.136253631520038
0.129193500858011
0.115719299953742
0.104938086991106
0.103918668728079
0.092280903194122
0.0994918191896662
0.105435013671151
0.10827935365241
0.0852132922620627
0.100650733705771
0.0959433497773782
0.100364053702954
