0.17
0.141941659448217
0.135221692849878
0.108866587886035
0.114363916870481
0.116720444311658
0.120640324380796
0.109449898153899
0.109022335351202
0.102077376873071
0.131568140958307
0.153311537572318
0.15116640656712
0.121150767885775
0.111993975598117
0.111285762935330
0.092289503011097
0.117624291543501
0.0981632492842073
0.0900648779813865
0.07982378382633
0.0829179107780624
0.0891563225183935
0.0764863526250099
0.0860244998311616
0.0942042235139291
0.0797383923406025
0.0871094206746987
0.0907950159930233
0.0898060808796696
0.0802230423500534
0.0851475314379629
0.0952445052797946
0.0905817799859717
0.094032051629251
0.077983556777726
0.0719815506869697
0.065503180921185
0.0658830403791002
0.0654707866047026
0.0661601978360653
0.0640713361252253
0.0619240073874697
0.0675820302276646
0.0678741114102766
0.0721900999277245
0.071968935858169
0.0820403207767309
0.082013923964211
0.0875788337002315
