0.17
0.171328783892139
0.167741275789173
0.139363726364686
0.136989704338268
0.112172261960977
0.143261807221455
0.113733053121819
0.118491566576584
0.125268629752127
0.104074501709105
0.108723875945616
0.0969756123618554
0.138730272265095
0.168101309006124
0.128874187226983
0.152487931079050
0.174349204742748
0.147108291335920
0.0955220654494625
0.0976109477273553
0.137579324951433
0.111134209952002
0.104109123789535
0.0725451625862361
0.076098888167603
0.0788875351117042
0.0738635363232545
0.067997984928211
0.0704878643730872
0.0700864675395858
0.066250368655224
0.0661538867158056
0.0686184286011034
0.06703269844324
0.0674201829329611
0.067769290242327
0.0805235687598689
0.0842737657337373
0.0849485694718212
0.0833802716915255
0.0812573922809236
0.0876067002037011
0.095396766429811
0.081578568544564
0.079994257896065
0.0698264541315419
0.0717535644440822
0.0682166987673835
0.0823092591707224
