0.17
0.165427382477974
0.123515595809935
0.118339576554773
0.113381279784176
0.112377536941101
0.117845004257115
0.140134128122673
0.139747107466869
0.106933230961558
0.084372174993593
0.09669554825208
0.110768570334156
0.0888854195788944
0.123202167959944
0.126492426244903
0.103205916134871
0.106768047395105
0.0822672721391287
0.0979744206965311
0.0848444453466688
0.105086418542449
0.102028837110465
0.104598040187532
0.105889270928434
0.109246895125288
0.114194490892292
0.109012769033148
0.0871305401855573
0.0876447749180015
0.0916487624465586
0.0975489483319583
0.0913847924845927
0.124832556670812
0.182879629992907
0.18431533714813
0.188244934766388
0.196232122492853
0.191767181552782
0.155048255046808
0.159042553390907
0.153904016761289
0.153847503190074
0.103720988193077
0.108413047902720
0.110512392208636
0.122302408196242
0.125225595865224
0.096183771925273
0.0867099965736067
