0.17
0.219346562742786
0.221096694583399
0.191915829623437
0.179754722710112
0.182220156137929
0.171632455097724
0.126213123097955
0.102057077669088
0.119493459356491
0.108504871201566
0.0959606180710617
0.103844490492483
0.0958502670177998
0.0931934863859969
0.0956942026638875
0.0933995561062807
0.0921035407846551
0.116298477640724
0.111815991599393
0.143387166734860
0.133574986013694
0.127990977537096
0.133806354445610
0.146890165469518
0.148763504246796
0.137208729409698
0.121282873583747
0.0918966078992356
0.0927783689131883
0.105549529608765
0.0993201483323126
0.108388439067338
0.141477582837177
0.155433194926191
0.178872533508830
0.160089139609331
0.160693380438794
0.185388731884904
0.179879216396906
0.196793339118055
0.209168065082790
0.170619326387194
0.167567943569122
0.187557619354348
0.142494771738229
0.110355776540183
0.120889452631917
0.171828545174347
0.163268300472773
