0.17
0.154365882853283
0.156809950241094
0.147828608953597
0.153417706009092
0.146019292020158
0.129551338443076
0.0869851888279998
0.0850552593098392
0.0718750309855172
0.082620942289794
0.0765565658227121
0.0871398330896384
0.123233651611457
0.184533601815368
0.204519836548868
0.2171080738247
0.214385100084724
0.151032608609936
0.138124134921332
0.133098800997243
0.124653365107439
0.115983392072054
0.101065264005088
0.121007903680578
0.148458621954268
0.135621527480702
0.146689587039599
0.121958839733055
0.135560563609436
0.136607090462074
0.132830641524552
0.135785451752234
0.115710308844544
0.107441348374915
0.163768774388782
0.19319545017548
0.198566169367117
0.19836194699237
0.204773071907846
0.207527079899929
0.216028000958780
0.204382850928167
0.199739454901920
0.222301921552182
0.225739408528392
0.237204816193906
0.215093015245384
0.178110842987761
0.247831809440211
