0.17
0.166546657981255
0.180600352846524
0.200513574004097
0.182528714574374
0.160862829931031
0.117780238274548
0.152181271191637
0.177448104055956
0.174531638828844
0.160604391761313
0.138854689607314
0.137734516230292
0.141862424352458
0.171576399021932
0.154443275470132
0.131962732994178
0.114866733232498
0.0980471815436413
0.105285876958125
0.0964930753528595
0.111563283887487
0.111612382706634
0.0762188362436488
0.0640207122383557
0.0632064160597792
0.0636967654239768
0.0639378554483202
0.0626098731244831
0.0604633248745899
0.0607321078443698
0.0609374183270494
0.0677983371533825
0.0664300971951143
0.0647178072270021
0.0658720005037375
0.0787787430698862
0.0842125712795031
0.0817396079849345
0.0831831154704942
0.0875515018534999
0.0704128265698644
0.0706687852252263
0.0720241767367256
0.0705601864608955
0.0687077437465387
0.0743622253960405
0.0735149155676185
0.0852023931349763
0.0853716878099018
