0.17
0.159499985062985
0.161982546188632
0.169325271984665
0.154179557846439
0.116045538400669
0.111939023696790
0.117226044183623
0.164858630032356
0.138986778901773
0.153170470107127
0.122471010987718
0.119144383194367
0.0978638666335342
0.106761559680922
0.113851182824736
0.120934387772423
0.113210595161687
0.115142484534700
0.116347010917642
0.113170969911854
0.126742763696491
0.099869964353103
0.096178547054757
0.0877360523935742
0.0899184936142407
0.103378457469685
0.117299039750884
0.123208501818956
0.169370297948611
0.130226956341468
0.164361359431357
0.162262050521981
0.170286109670133
0.124642808846186
0.0951285733612449
0.0998111886825665
0.103462341296655
0.116983477470863
0.128061267985721
0.120515510326445
0.127327446924165
0.153016721707524
0.164587832359406
0.170038116575598
0.217538921988848
0.226254543604287
0.249042958682739
0.180893968856658
0.219654613451181
