0.17
0.147082248180920
0.170645686296021
0.142726653237750
0.115943205635178
0.131029940749180
0.123213435847966
0.122174851686062
0.105189709429303
0.125166319021393
0.166741781594688
0.156457254728438
0.133321124733357
0.141026041917438
0.205160883236205
0.191327722407383
0.145982804815386
0.141987717915364
0.163668009468811
0.147190915569937
0.107980695653428
0.122445761913799
0.137726916413881
0.147011486866496
0.140284284626673
0.15451331770022
0.122238862330668
0.139949683190888
0.108699082437210
0.145425883755666
0.106724859944638
0.127336713550327
0.115748895563982
0.101705930876153
0.107245101278041
0.108420031960857
0.101216013531718
0.117193444687189
0.115165903676437
0.109457609938323
0.136241621894321
0.167082123264554
0.174694708761831
0.153599224342486
0.138803959500656
0.120343599133237
0.144949129780943
0.207307563966254
0.206289508554227
0.172191885663083
