0.17
0.181145109826115
0.152237751898420
0.174120943440956
0.174296596147369
0.158477832220473
0.138242605418724
0.115370237537848
0.112059131485842
0.123138647480384
0.118101694844895
0.104638468636451
0.0981618853305576
0.0844609553251287
0.105489351592583
0.0754707237315139
0.0775366810437085
0.0660329737991693
0.0773250912051031
0.0772233840591491
0.0773447538872165
0.0813547937235067
0.0792307748781905
0.0851177418519866
0.0876524534427508
0.107132317000448
0.118970084634103
0.100049817022574
0.113845248216922
0.120096225895368
0.120547640722066
0.122800755988419
0.109794772944503
0.109296170945184
0.115814197209516
0.0900975616538145
0.105264144720574
0.117220459254141
0.122776106068132
0.147713146293659
0.141476157347818
0.107934257389716
0.105713174282541
0.103552132683505
0.0901949554931601
0.0860714320379429
0.108845723926972
0.097205382341488
0.0733332233595869
0.0709915295833517
