0.17
0.143931864686523
0.143767436729716
0.101492124435339
0.0951668622417246
0.118852771122422
0.110615937820908
0.112262957916978
0.102393907751496
0.100982927167093
0.0908684696093716
0.115745508119327
0.139706743696655
0.14089229888355
0.128292922592545
0.139496239065553
0.120223629608072
0.113449318167340
0.105736733384066
0.0920118753394007
0.0875317234475943
0.0818007511717314
0.0925256815746662
0.0964688137839134
0.128056002665833
0.157243386108384
0.180488383485874
0.166009523663510
0.143068863295097
0.142406800294092
0.149990907062684
0.151130605393264
0.163509029781662
0.143315467344275
0.156735339833766
0.147568807074509
0.170836303808328
0.130748888868893
0.135728524583135
0.189800440841082
0.165746456751941
0.17362060415505
0.155841112072838
0.128864101291022
0.100716278844455
0.102030361121197
0.106829436666641
0.104016275973830
0.0831759847627653
0.072578003046881
