0.17
0.167437230221209
0.165464673320252
0.186283543161401
0.167530760147818
0.170245823695407
0.189563293084600
0.137321119454066
0.0932860048409369
0.0886900521214935
0.0983882011391032
0.108970410932167
0.130858664397103
0.139895560055655
0.137732912029957
0.118296163166654
0.123610900626135
0.146178501355661
0.124217899133843
0.122744016041654
0.130882450911355
0.116107673937290
0.121373884177172
0.121146453890526
0.162278608886222
0.118085139599861
0.105245386275803
0.106383711370300
0.130466244884109
0.108321184506895
0.082071701970379
0.0983228174244584
0.0925123314063472
0.0818389986440982
0.078867432414817
0.0710036518430908
0.0721822987580784
0.0750454356356353
0.0881556891844266
0.0911216901546169
0.0926279116484817
0.0804035371002527
0.0807716519950323
0.0920920148918112
0.109111398053205
0.136433332923798
0.199009979501197
0.181211868756914
0.229472524316136
0.188716485940848
