0.17
0.164315366927059
0.178905289106417
0.145021783194765
0.160567694087599
0.175270607442890
0.181253346332368
0.156731065963304
0.189672235666791
0.175407635981395
0.177343733034447
0.190631830368691
0.173383257875938
0.168360350001776
0.157364656051067
0.169370592709682
0.156750063609841
0.122830646506194
0.133774895033148
0.130857066395286
0.121734745190032
0.169523858741327
0.165992450077554
0.129953211296524
0.119219534475709
0.110692853983872
0.112732217262669
0.126065677826427
0.131167410634202
0.112031959494506
0.104081901676407
0.0923951853179745
0.0828512718000343
0.068792833404923
0.0663281074821768
0.0706274309479972
0.0724318833896162
0.0750909693650103
0.0781194250858057
0.0923328349594107
0.0879060816908612
0.0909176009639732
0.0902242501974462
0.0808811397834438
0.0900212398571466
0.090018098935246
0.097050585394308
0.100419477606311
0.105582982467073
0.104310279681599
