0.17
0.139487055797706
0.134413397366391
0.12578327264374
0.125548088742205
0.128076661618086
0.129708187350251
0.125107069591033
0.120008782807754
0.119654554435115
0.116298910011879
0.116245182339175
0.117850108678205
0.156252114231307
0.187453711918055
0.191871329151509
0.173777980787326
0.158353528218787
0.145267429786288
0.113473676109259
0.133352031477853
0.147269570952671
0.124749599590023
0.117048026065005
0.110524158187914
0.122142119909523
0.160465200842444
0.203679236983971
0.195464979265150
0.180877357498894
0.167729885486250
0.230328937027755
0.233215904920642
0.297639664233315
0.293279781814837
0.259804342283556
0.247696494718865
0.250604724698172
0.201833308737409
0.167497464538125
0.126436261982855
0.117757623777140
0.115507157261797
0.106117320018598
0.0884395822846715
0.0844180825523698
0.0902915721406584
0.0844904663183595
0.087706882692235
0.102916405959131
