0.17
0.183898689032705
0.173670941486158
0.176949606470424
0.124800235759438
0.116042180995729
0.116715662659581
0.0989339625823334
0.135730825556571
0.131525550681176
0.108176446701465
0.0791184701298475
0.074290856602165
0.0908067181295864
0.0946795264576506
0.0896852735363001
0.0997239399399454
0.0811872270469773
0.109267267426973
0.114392778673206
0.101707712525043
0.107854150410256
0.107187468438899
0.0999076201508128
0.104683625786477
0.0941722222892735
0.0952107139601346
0.100868366180910
0.121556680787393
0.120594198419134
0.126108079774672
0.118612148866497
0.133924820299789
0.102722188257878
0.0906982175387132
0.0898759244659953
0.0955089055353921
0.0956011639162238
0.0841244401140688
0.0842938302245256
0.0927272450535244
0.130299530969678
0.120040102691491
0.112047547099136
0.100468766490743
0.115350063007772
0.122593390371187
0.104337203515965
0.113840916009483
0.113558615240084
