0.17
0.167304962829944
0.193040674183912
0.189319076011729
0.199586197017128
0.178672359464814
0.181114493551382
0.170592887572876
0.145603810572704
0.160292330969911
0.137861792504702
0.158983938453438
0.169416844855907
0.149644196558488
0.178749565750538
0.177666378502130
0.183666484173280
0.157765988006991
0.171000348232724
0.231905335532527
0.221524477111645
0.210374899118097
0.191877103192336
0.289143625309021
0.289517325372558
0.230322601606542
0.15014457126215
0.154540159703590
0.157527948279594
0.162743538521612
0.195609471561014
0.166484938631335
0.154978332803814
0.166903620097242
0.155499013534369
0.17327296492108
0.181288131309724
0.192329141220771
0.207377790816216
0.193102966939455
0.171638900963599
0.190675998718327
0.186430514342073
0.179215354145083
0.162613348359786
0.227724859423445
0.170168247748187
0.164365318060591
0.17334778726086
0.173776453956037
