0.17
0.164358183409445
0.174051939644822
0.173672391956648
0.174167188906401
0.130606398698363
0.120521820104910
0.118060203056553
0.105671438107819
0.113079680675720
0.120770089788863
0.122058083905270
0.112730702780180
0.118275759335854
0.112905566370826
0.127191482682516
0.119908168487296
0.134847678581860
0.150240874371896
0.147699281780428
0.144443388659697
0.140296559175146
0.140762469147684
0.111958617189163
0.0872094098584833
0.126700715869614
0.122259776504453
0.166463756521594
0.147549952998245
0.192624853063148
0.166278527072584
0.186825719313793
0.114291722498445
0.130139447202228
0.127214789392655
0.116298453016559
0.093624139233463
0.0933265924923123
0.101104692771469
0.0977113433446965
0.108053607819803
0.0948454299222209
0.141410065163010
0.124203615340870
0.114945389844753
0.133337196162539
0.113120284264767
0.116454820715926
0.124551557935575
0.129981515324122
