0.17
0.144020697763531
0.142551925338216
0.148148426688794
0.134626715221851
0.141861758834092
0.109404909719260
0.104829041145399
0.0953191655911126
0.134665452701305
0.183717874323266
0.181237611483074
0.181298781925541
0.199591600687709
0.163087749183114
0.199337575357418
0.161739355477143
0.143532205289729
0.144162752092707
0.145495219228680
0.146318716274117
0.128599450385035
0.145255671735329
0.126556436964606
0.153720280347077
0.126415930602208
0.118251277291115
0.120668168755053
0.153507593640917
0.136742949420814
0.134621401287602
0.125883464098402
0.12046201658405
0.121753845134793
0.128400517570990
0.122756429748799
0.122319579119718
0.133572137252651
0.115175086842690
0.130300759802631
0.173244018877037
0.179880390962570
0.153740321530552
0.128766954177873
0.0847551775039184
0.123068260732265
0.144703608587835
0.144236113981237
0.150171609035641
0.177832882354252
