0.17
0.168536405159234
0.154961873818581
0.139453921273695
0.145262773907122
0.131238560904691
0.132143258733204
0.138134655929220
0.142746113309308
0.123424619225906
0.159059991584188
0.164642353583121
0.151254708863190
0.154883641633508
0.106530152805404
0.0946806952359464
0.105802812849117
0.110416063311427
0.152448211357999
0.169179268431871
0.172757527769866
0.159715527287962
0.168912615552897
0.14462916192943
0.146158211236441
0.151090329768716
0.147437748523434
0.136849407542004
0.115118269152512
0.138471271255880
0.159766012972919
0.177996675353232
0.165280077460684
0.196451904143206
0.188388200825967
0.149993656698072
0.133701794766058
0.128145609444384
0.129516940840763
0.153610769761893
0.180134816298892
0.202625640972598
0.137024370328385
0.154031501163213
0.154037765170278
0.127225892492740
0.135414274960028
0.138477233522968
0.123489797529835
0.136005465849637
