0.17
0.123830101556581
0.115006716004761
0.101261345231312
0.112632993166714
0.102706579291909
0.104879693637839
0.0987140689100499
0.0869586722746285
0.0827195144394767
0.103112437098427
0.113045611934682
0.112112928693544
0.139668544499516
0.165745896191926
0.174244784613973
0.171508436764737
0.165144861659677
0.152856106319677
0.104618953907559
0.114797636510993
0.142302101979515
0.168130435057063
0.188263491120780
0.122469001935194
0.132941016625902
0.166974002561818
0.133082559660966
0.145849938566964
0.179392897237783
0.179851681455450
0.192470456962012
0.210111320128333
0.190757610464579
0.207300035842819
0.158465896807766
0.147886322567744
0.146620516110741
0.151471122319509
0.162221362943169
0.102317819558796
0.110153530286076
0.128575604745414
0.130519822251005
0.129122170048743
0.0923641410405455
0.0848155915551076
0.09701851275079
0.102529579385037
0.0893670199670053
