0.17
0.195246510379888
0.190229296419702
0.176026875627828
0.209328259638061
0.202963536598286
0.193100962860925
0.176123666953433
0.209856381161734
0.17378023005705
0.197627006971915
0.206036959800518
0.218299953139500
0.173183657096084
0.13922835681114
0.160082819309261
0.156866285167384
0.153125591924872
0.197782388055640
0.180591865009982
0.167824705815804
0.247573710844522
0.204670081227894
0.151827867391448
0.173391522182132
0.195732099267331
0.144874607019402
0.132394942381881
0.136939082318335
0.119954745522970
0.118332346058227
0.112850039318049
0.114390210581685
0.118338301709963
0.122629513262648
0.125655454463781
0.130486949722210
0.173422423417195
0.177006280560025
0.23143826893449
0.160424195133174
0.173655046152951
0.111042204013761
0.152230129362246
0.151953183056432
0.149999018505817
0.150436753249410
0.14976441678237
0.161198511893678
0.131079936355363
