0.17
0.175302670312817
0.169857464380019
0.149894234051812
0.105608434427455
0.105585108673267
0.109337985436361
0.105917250880814
0.113301168134952
0.110289591969351
0.143828939418978
0.138042412950199
0.135429483184630
0.147903242959116
0.176741439350059
0.163263726529091
0.159126728000323
0.195085510652110
0.194323230755909
0.188323426086342
0.233838180623522
0.217078294726315
0.235085625689669
0.228818949736453
0.223941180701601
0.165021898992456
0.152101384451605
0.142001088732664
0.140326461242180
0.14890842039341
0.168660237547226
0.175555084544811
0.16812310276966
0.173184273059036
0.18850959312497
0.212149873561169
0.198170299289236
0.194243478877703
0.208226654288926
0.174867344035578
0.166818594539546
0.173210165323143
0.233750688167451
0.219128630658917
0.20580437734403
0.20805777509159
0.218968322764715
0.187978050144347
0.167878536542973
0.162761307528810
