0.17
0.13897927096008
0.118343071651168
0.140067078738078
0.147959744279489
0.131353554724324
0.156019141074510
0.143339111693265
0.181678961187166
0.127539928093596
0.129204135878967
0.168376676484712
0.25366174038958
0.223198235056848
0.195027809313013
0.2144442585129
0.192109723676059
0.179725740458908
0.162368063479858
0.146123916907150
0.126341170563660
0.100164894120636
0.0887129095915593
0.0830099282743655
0.083360864072003
0.108209086892374
0.114958449028858
0.111793069761361
0.114086528432265
0.126095163543394
0.141942875489284
0.154938578844308
0.1593666758662
0.130728611729955
0.13980918456447
0.108178234370812
0.118003496998647
0.129574819360126
0.149735179791112
0.150218406016749
0.121722437023163
0.0968377893223421
0.115712347267002
0.120283806742041
0.127840829312064
0.128864128407072
0.109006060972946
0.0984309094705917
0.0957561582303142
0.111347438617002
