0.17
0.121266226613211
0.113938690700040
0.146000151553265
0.129861142473096
0.122688021684554
0.122983338745145
0.147280518634680
0.147104553648040
0.133036544140357
0.0977700502493656
0.0986828180389262
0.0844344114631278
0.074431162322917
0.0740601495370755
0.0749158777875781
0.0733181416199611
0.0995242607971307
0.0855187890496955
0.104155217072028
0.0968298105521452
0.0950246092862695
0.143697612208556
0.131572372696900
0.138658584366521
0.150109961376024
0.121427934878790
0.091456561514671
0.0976917992105376
0.121255362822315
0.120123062303714
0.123115932284969
0.131597547529176
0.135754453773099
0.129762456047916
0.132506994890456
0.125626055344986
0.115467032182242
0.117277619025082
0.104351393010816
0.0877415496210347
0.0914252707942925
0.124426139619373
0.0964348758008306
0.0889576353441479
0.0879985120934856
0.0862912848993723
0.0867429535816013
0.111319129664336
0.0971379322320037
