0.17
0.16229693298591
0.161906644531098
0.159474299912770
0.160250658587482
0.147453189030181
0.143935716066910
0.151191597981449
0.149214432530029
0.132633642787062
0.162963458085993
0.148371838460222
0.126776144475221
0.105106223955933
0.133647008816885
0.143754663913608
0.144686795016051
0.113881029142981
0.0905619466930172
0.0918418519589358
0.139453776311480
0.133444211550627
0.131932768386543
0.107368422564597
0.100257688365184
0.134303818007917
0.15279128518427
0.174462104371304
0.180111248660604
0.140168545264141
0.141500016640897
0.124626896628762
0.114270259298087
0.116801879031426
0.142470701379914
0.161009061461588
0.155918068057413
0.162952840385647
0.162577899853157
0.13362537364121
0.111682079935818
0.112513963879944
0.104918855730536
0.093931287176933
0.109653485732635
0.134223888887182
0.139641243570858
0.124953088829556
0.124893769971763
0.142303467012125
