0.17
0.16123005055499
0.171394576681838
0.181066551607570
0.185177607815276
0.155238644002662
0.126837261792752
0.133028115936442
0.147783005613871
0.152179012926003
0.163167454698362
0.185926462358364
0.189873257313770
0.154810555655521
0.114694948335540
0.111758329278828
0.0913969024348955
0.111565845902832
0.135825668609957
0.106514693874769
0.107039787224437
0.138792737272175
0.137142542626541
0.118863974062200
0.136060431631642
0.112575756090381
0.111660950184456
0.0868241203257205
0.0849712120499143
0.0898077026584083
0.100159754549016
0.126433979307823
0.127410498575560
0.131270952068840
0.128605279984641
0.127503633300620
0.116072658264136
0.114439492626037
0.126275669099206
0.159538830770814
0.170804836050573
0.198438655075161
0.172860295354899
0.199720221070126
0.192403199531120
0.196730601773506
0.144421737234395
0.134869205010011
0.121325032266494
0.121703163627323
