1 1 1
0.163577832006066 -0.556999406873056 0.395708222086811
0.163577832006066 -0.556999406873056 0.395708222086811
0.719095612896742 1.16576183387413 1.23296928476848
0.719095612896742 1.16576183387413 1.23296928476848
0.719095612896742 1.16576183387413 1.23296928476848
1.12428164919727 1.36172868348846 1.83572490668593
1.12428164919727 1.36172868348846 1.83572490668593
1.12428164919727 1.36172868348846 1.83572490668593
1.12428164919727 1.36172868348846 1.83572490668593
1.78686364012782 0.997467242863451 1.61805487671207
2.05311050098752 1.21358618514562 1.63473583408913
-0.200402960741291 0.36749369664005 1.43988591150897
0.35126086322256 0.175295867302468 2.31958091269410
-0.933683180002328 1.51902385328721 2.34613437887148
-0.933683180002328 1.51902385328721 2.34613437887148
-0.933683180002328 1.51902385328721 2.34613437887148
-0.176740279043031 0.390217441249338 2.03615436143384
-0.176740279043031 0.390217441249338 2.03615436143384
-0.176740279043031 0.390217441249338 2.03615436143384
-0.176740279043031 0.390217441249338 2.03615436143384
-0.176740279043031 0.390217441249338 2.03615436143384
-0.176740279043031 0.390217441249338 2.03615436143384
0.262411953425559 -0.592546811908318 1.05869159093933
0.262411953425559 -0.592546811908318 1.05869159093933
0.909423524893239 -0.0920117033716885 1.71449179771579
0.909423524893239 -0.0920117033716885 1.71449179771579
0.909423524893239 -0.0920117033716885 1.71449179771579
0.909423524893239 -0.0920117033716885 1.71449179771579
1.51806138468052 0.647686568152325 2.05525438180631
1.51806138468052 0.647686568152325 2.05525438180631
1.51806138468052 0.647686568152325 2.05525438180631
1.13535160389936 0.215779322568326 1.39771632569667
1.13535160389936 0.215779322568326 1.39771632569667
1.13535160389936 0.215779322568326 1.39771632569667
1.13535160389936 0.215779322568326 1.39771632569667
1.13535160389936 0.215779322568326 1.39771632569667
1.13535160389936 0.215779322568326 1.39771632569667
1.13535160389936 0.215779322568326 1.39771632569667
1.12895076026479 0.755910233400844 0.567312085836224
0.653936035250762 0.103229531017754 0.676787881323593
0.653936035250762 0.103229531017754 0.676787881323593
0.653936035250762 0.103229531017754 0.676787881323593
0.653936035250762 0.103229531017754 0.676787881323593
0.653936035250762 0.103229531017754 0.676787881323593
0.653936035250762 0.103229531017754 0.676787881323593
0.653936035250762 0.103229531017754 0.676787881323593
0.653936035250762 0.103229531017754 0.676787881323593
-0.385810760027469 1.79867902155697 0.778662644900564
-0.235440292372991 1.84614066609786 0.488851383740367
