1 1 1
0.776322962411834 0.445971765030737 1.25196487835462
1.45740056139329 1.09216653389567 0.747902139862905
1.45740056139329 1.09216653389567 0.747902139862905
0.969565368908855 0.747520939514243 0.81194964544517
0.969565368908855 0.747520939514243 0.81194964544517
0.696071137081634 0.888693391269403 0.964519013039158
1.03849124875288 0.976169927781267 1.12969300090713
0.648946148493209 0.0975971424354992 1.19102609808844
0.648946148493209 0.0975971424354992 1.19102609808844
0.913228682997758 -0.186695481078654 0.562567024247506
0.913228682997758 -0.186695481078654 0.562567024247506
1.28877158330122 -0.490531554516669 0.00603684284712369
0.90239190671904 -0.638316034851572 -0.0461029149152007
0.75195784831307 0.382756501948376 -0.167115740397286
0.75195784831307 0.382756501948376 -0.167115740397286
0.425524442260633 -0.140672333003627 0.0033785782002973
0.752628260232719 -0.0448525735965596 0.470900628777021
0.752628260232719 -0.0448525735965596 0.470900628777021
0.752628260232719 -0.0448525735965596 0.470900628777021
0.0302419898429465 -0.216147979615868 0.982606948975761
-0.63317836712962 -0.324157865155261 0.97699165050098
-0.63317836712962 -0.324157865155261 0.97699165050098
-0.715493230194117 0.190985249186124 0.727856389424886
-0.108046243557027 0.177788662137579 0.0640558830543807
0.518135133409266 -0.305153888386976 -0.121076397876875
0.518135133409266 -0.305153888386976 -0.121076397876875
0.156412758601193 0.592634723844062 0.376213764734948
-0.192625578498095 0.0945800781182033 0.820994396949978
-0.192625578498095 0.0945800781182033 0.820994396949978
1.18090136099433 0.502417449845893 0.271007754563599
0.756671953618353 -0.105309917791357 0.627945215004886
0.756671953618353 -0.105309917791357 0.627945215004886
0.379942342721279 0.481095581473893 1.03730907886997
0.379942342721279 0.481095581473893 1.03730907886997
0.379942342721279 0.481095581473893 1.03730907886997
0.379942342721279 0.481095581473893 1.03730907886997
0.509908376507821 0.218837604431148 1.12625110103739
0.509908376507821 0.218837604431148 1.12625110103739
1.13778377950891 0.784356361466898 0.599392584601985
1.13778377950891 0.784356361466898 0.599392584601985
1.17202045964639 1.69622100750415 0.377486140058204
1.17202045964639 1.69622100750415 0.377486140058204
1.17202045964639 1.69622100750415 0.377486140058204
1.17202045964639 1.69622100750415 0.377486140058204
1.54741906666264 1.62322728006317 0.250423533742477
1.54741906666264 1.62322728006317 0.250423533742477
0.962062898195272 2.21234472334586 0.462789842490614
0.962062898195272 2.21234472334586 0.462789842490614
0.72695599508163 1.98311122354220 0.970511047386756
