1 1 1
1 1 1
1 1 1
1 1 1
1 1 1
1 1 1
1 1 1
1.27989505196322 0.3344636656355 1.09865632169012
0.97600827895373 0.356057051354008 1.15259471044437
0.97600827895373 0.356057051354008 1.15259471044437
-0.395892508017826 0.276490372213607 2.42911976865096
-0.395892508017826 0.276490372213607 2.42911976865096
-0.203743284265163 -0.555140005393116 2.45013706935759
-0.673366271271613 0.197494538806906 3.31950220962962
-0.673366271271613 0.197494538806906 3.31950220962962
-0.673366271271613 0.197494538806906 3.31950220962962
-0.332928108426426 -0.347187291577444 2.7876731712464
0.145013901973021 0.372380431433919 3.04424510162607
0.145013901973021 0.372380431433919 3.04424510162607
0.145013901973021 0.372380431433919 3.04424510162607
0.778344742951878 0.0446294308106303 2.64167400861996
0.778344742951878 0.0446294308106303 2.64167400861996
0.778344742951878 0.0446294308106303 2.64167400861996
1.50209225900914 0.0235532076315895 2.01833466870642
1.50209225900914 0.0235532076315895 2.01833466870642
1.50209225900914 0.0235532076315895 2.01833466870642
1.50209225900914 0.0235532076315895 2.01833466870642
1.50209225900914 0.0235532076315895 2.01833466870642
1.50209225900914 0.0235532076315895 2.01833466870642
1.50209225900914 0.0235532076315895 2.01833466870642
1.50209225900914 0.0235532076315895 2.01833466870642
0.852547826660684 0.810388744263751 1.55050024654940
0.852547826660684 0.810388744263751 1.55050024654940
-0.0418015617223214 -0.268136009032287 1.48065283180506
-0.0418015617223214 -0.268136009032287 1.48065283180506
-0.0418015617223214 -0.268136009032287 1.48065283180506
-0.0418015617223214 -0.268136009032287 1.48065283180506
-0.0418015617223214 -0.268136009032287 1.48065283180506
-0.0418015617223214 -0.268136009032287 1.48065283180506
-0.0418015617223214 -0.268136009032287 1.48065283180506
-0.0418015617223214 -0.268136009032287 1.48065283180506
-0.573481723241059 0.04772498419585 2.32877207580836
-0.214304535299103 0.350197929270237 2.41536969847452
0.577068087938473 0.163905237884063 1.66642771916676
0.577068087938473 0.163905237884063 1.66642771916676
-0.0215677826159508 0.339809334591039 2.22315309281648
-0.0215677826159508 0.339809334591039 2.22315309281648
-0.0215677826159508 0.339809334591039 2.22315309281648
-0.0215677826159508 0.339809334591039 2.22315309281648
-0.0215677826159508 0.339809334591039 2.22315309281648
