1 1 1
1 1 1
1 1 1
1 1 1
1 1 1
1 1 1
1 1 1
3.33360798577714 1.29396543293544 1.09404876078258
3.33360798577714 1.29396543293544 1.09404876078258
3.33360798577714 1.29396543293544 1.09404876078258
3.33360798577714 1.29396543293544 1.09404876078258
3.04624311044811 0.736891998849921 0.6633340248496
1.65859447403837 0.733543712652129 1.00210146691827
2.27858528848204 0.852031722086878 1.37916719944957
-0.0757061339486294 0.343486078497489 1.69916658263567
-0.472446649491882 1.17512353455489 1.50810628745894
-0.472446649491882 1.17512353455489 1.50810628745894
-0.472446649491882 1.17512353455489 1.50810628745894
-0.403120662171974 1.11233986640458 1.7431423229591
-0.403120662171974 1.11233986640458 1.7431423229591
-0.403120662171974 1.11233986640458 1.7431423229591
0.292745609938165 1.19906891615156 1.93644212795742
0.292745609938165 1.19906891615156 1.93644212795742
0.50084311097196 0.892647964300809 1.62529064425216
0.50084311097196 0.892647964300809 1.62529064425216
0.50084311097196 0.892647964300809 1.62529064425216
0.50084311097196 0.892647964300809 1.62529064425216
0.32202740742415 1.72351376057003 2.82189435005582
0.469848561793187 0.984949128369429 2.71483351801714
0.0720892658552697 0.404884207897939 1.98132958788601
0.0720892658552697 0.404884207897939 1.98132958788601
0.88507330127904 0.416553483822622 1.74239851329672
0.516418157120818 0.0455007479121914 0.711087917307508
0.516418157120818 0.0455007479121914 0.711087917307508
0.516418157120818 0.0455007479121914 0.711087917307508
0.917310013369345 -0.281998386034413 0.70462118256551
0.484212188532232 0.286098561512205 1.34295949748662
0.484212188532232 0.286098561512205 1.34295949748662
0.484212188532232 0.286098561512205 1.34295949748662
0.841740658541939 0.624511633230322 1.99614615516931
1.55163213185629 0.874544688132836 1.25449492432425
-0.0550758263093063 0.951281870909213 0.42128564019699
0.694836576074411 0.118541957696796 0.663629884218436
-0.487931162745464 -0.154538602291768 1.71547856601234
0.389259588478923 -0.00564646700286361 1.26105458915501
0.389259588478923 -0.00564646700286361 1.26105458915501
0.389259588478923 -0.00564646700286361 1.26105458915501
0.389259588478923 -0.00564646700286361 1.26105458915501
0.617787019268793 0.147225810385064 1.94780965796472
0.617787019268793 0.147225810385064 1.94780965796472
