1 1 1
1 1 1
1 1 1
1 1 1
1 1 1
1.04548117894296 0.681429597039861 1.42850372361866
1.04548117894296 0.681429597039861 1.42850372361866
0.941774362805273 1.02980274782755 1.30655345729398
0.941774362805273 1.02980274782755 1.30655345729398
1.00564362401620 0.563021294629085 1.87139017424553
1.67293923202259 0.282508858262742 2.47097147356415
1.18652021581166 0.132798368847112 2.32088454557125
1.27828885106785 0.192925552713145 2.14069577142168
1.27828885106785 0.192925552713145 2.14069577142168
1.27828885106785 0.192925552713145 2.14069577142168
1.27828885106785 0.192925552713145 2.14069577142168
1.27828885106785 0.192925552713145 2.14069577142168
1.27828885106785 0.192925552713145 2.14069577142168
1.27828885106785 0.192925552713145 2.14069577142168
0.623332334490355 -0.221678853755795 2.1541601267975
0.419913647615263 -0.518280293024281 2.23526015949927
0.419913647615263 -0.518280293024281 2.23526015949927
0.419913647615263 -0.518280293024281 2.23526015949927
0.419913647615263 -0.518280293024281 2.23526015949927
0.419913647615263 -0.518280293024281 2.23526015949927
0.419913647615263 -0.518280293024281 2.23526015949927
-0.767172670002034 0.0179230411268202 2.77961234041927
0.173501938533828 -0.0227913432300361 3.02783250882357
1.20016462206161 0.108142799202037 2.92106331682808
0.563994980313691 -0.0297042442621814 2.29173959046226
-0.149341761878815 -0.47077654746982 1.67756982065129
-0.149341761878815 -0.47077654746982 1.67756982065129
1.50887315216972 -0.326261313635641 1.16211076564727
1.50887315216972 -0.326261313635641 1.16211076564727
1.50887315216972 -0.326261313635641 1.16211076564727
0.711660819762852 -1.07016684041044 1.82135821768723
0.711660819762852 -1.07016684041044 1.82135821768723
0.408401932407855 -1.68159812247011 1.94624371731400
-0.94576335784501 -1.51578716955226 1.91944697085713
1.32673930031472 -1.42439102397132 1.94500984116069
-0.304401542545027 -2.02757046609626 2.23345618606998
-0.304401542545027 -2.02757046609626 2.23345618606998
0.0764792195851346 -1.93607150868056 1.83726286603436
-0.343133147901712 -1.69434470896575 1.76400784861931
-0.343133147901712 -1.69434470896575 1.76400784861931
-0.343133147901712 -1.69434470896575 1.76400784861931
-0.343133147901712 -1.69434470896575 1.76400784861931
-0.343133147901712 -1.69434470896575 1.76400784861931
-0.343133147901712 -1.69434470896575 1.76400784861931
-0.343133147901712 -1.69434470896575 1.76400784861931
