1 1 1
1 1 1
1 1 1
1 1 1
1.13679386427702 1.36012772588602 1.50762609548935
1.13679386427702 1.36012772588602 1.50762609548935
1.13679386427702 1.36012772588602 1.50762609548935
1.53022717944900 0.635170544244787 1.23052324326052
1.53022717944900 0.635170544244787 1.23052324326052
1.53022717944900 0.635170544244787 1.23052324326052
1.34596322665528 1.75640993580532 1.19716966733696
2.15739694159603 1.59748310065393 2.50004177445492
2.15739694159603 1.59748310065393 2.50004177445492
2.09560738711957 1.44199217892296 2.05118724460714
2.09560738711957 1.44199217892296 2.05118724460714
1.96335861891654 1.52839990443614 1.60468231073583
1.96335861891654 1.52839990443614 1.60468231073583
2.50978507883415 0.840387418319044 1.31989166712083
2.50978507883415 0.840387418319044 1.31989166712083
2.50978507883415 0.840387418319044 1.31989166712083
2.50978507883415 0.840387418319044 1.31989166712083
2.17099110760099 1.13080108614969 1.15709661315247
1.70485284016966 0.676925488850843 1.23650995759027
1.04912112352707 1.64722359272943 0.890520310428747
1.04912112352707 1.64722359272943 0.890520310428747
1.04912112352707 1.64722359272943 0.890520310428747
0.718033572690849 1.57546820643450 0.395282417200574
0.718033572690849 1.57546820643450 0.395282417200574
1.15615499527521 0.670179323086481 1.10684355887927
1.42811933371336 0.117117609485827 1.13568617636963
-0.0115553366770391 1.16301891283127 0.965623523528888
0.0355852231962757 1.99780453994807 2.17880647189354
0.0355852231962757 1.99780453994807 2.17880647189354
0.0355852231962757 1.99780453994807 2.17880647189354
-0.184869705934802 2.93744717348232 2.45869183334853
-0.0673026431850049 2.39119780193162 1.94080513439630
-0.0673026431850049 2.39119780193162 1.94080513439630
-0.0673026431850049 2.39119780193162 1.94080513439630
-0.0673026431850049 2.39119780193162 1.94080513439630
-0.0673026431850049 2.39119780193162 1.94080513439630
-0.0673026431850049 2.39119780193162 1.94080513439630
-0.0673026431850049 2.39119780193162 1.94080513439630
-0.0673026431850049 2.39119780193162 1.94080513439630
-0.0673026431850049 2.39119780193162 1.94080513439630
-0.103680287493334 2.15873788982237 2.29703000835878
-0.0113750411478469 1.23037562228825 1.53994477686307
-0.0113750411478469 1.23037562228825 1.53994477686307
0.307889648893654 1.41065959078976 2.30462963731776
0.307889648893654 1.41065959078976 2.30462963731776
0.307889648893654 1.41065959078976 2.30462963731776
