1 1 1
1 1 1
1 1 1
1 1 1
0.813157099330882 0.836468348130421 0.63351835383386
0.628665068168254 0.818677680205724 1.00824294240486
0.279017885889479 0.617935004712735 1.49245250298086
0.279017885889479 0.617935004712735 1.49245250298086
0.279017885889479 0.617935004712735 1.49245250298086
0.279017885889479 0.617935004712735 1.49245250298086
0.262605422338092 0.522096698754998 0.453719510931126
0.426477893200612 0.426712830034304 -0.0580538487840894
0.250553198625927 0.815380220414182 0.821861599016318
0.250553198625927 0.815380220414182 0.821861599016318
-1.05909201749006 0.523507724868125 1.03618010002759
-0.627699956471465 0.988084249638799 1.24318445769837
-1.26870246040889 0.633330624783841 0.84706695663019
-1.23251565943892 0.753961212546534 0.448691608850785
-1.22736693133101 0.706240351897996 0.744537885857442
-0.940772789035617 0.80194814561953 0.566651859086231
-0.940772789035617 0.80194814561953 0.566651859086231
-0.707942994481259 0.59347294021576 0.918229205442468
-0.707942994481259 0.59347294021576 0.918229205442468
-0.707942994481259 0.59347294021576 0.918229205442468
-0.707942994481259 0.59347294021576 0.918229205442468
-0.707942994481259 0.59347294021576 0.918229205442468
-1.19590183391612 0.337661953035427 2.31252060372951
-1.19590183391612 0.337661953035427 2.31252060372951
-1.19590183391612 0.337661953035427 2.31252060372951
-0.577925532291328 0.371124413415272 0.968447657304913
0.078210237059908 0.503187992191038 1.03413058506524
0.527130886687069 0.573629585113662 0.951256599078921
-0.0454389709735491 0.508990830251328 1.12389140391105
0.594079413067917 0.455864993604686 0.728768950489875
0.594079413067917 0.455864993604686 0.728768950489875
0.590688845860213 0.465650994228334 1.01498397806258
-0.535344825086622 0.237957331334367 1.43516124895008
0.36138649714281 0.779039428934716 2.64327893548749
0.36138649714281 0.779039428934716 2.64327893548749
0.567164660786991 0.793301796464453 2.06335791064379
0.297340789915082 0.816643329671846 1.89228748376781
0.297340789915082 0.816643329671846 1.89228748376781
0.189373326904654 0.699394572843603 0.77765692970936
0.439923054537144 1.25573813742521 1.05783489826511
0.180978549790016 1.11129363844467 0.738310478592624
0.180978549790016 1.11129363844467 0.738310478592624
0.180978549790016 1.11129363844467 0.738310478592624
-0.00963037221423929 0.891628910027456 1.01544348972314
-0.711401637452003 1.04109288869517 1.26510245705735
0.0863423537140469 1.23391262793243 1.26355515885949
