1 1 1
1 1 1
1 1 1
1 1 1
2.06520003520627 -0.231536663900697 1.32451567841270
2.06520003520627 -0.231536663900697 1.32451567841270
2.06520003520627 -0.231536663900697 1.32451567841270
2.06520003520627 -0.231536663900697 1.32451567841270
1.07218962964202 0.950082915821794 1.33916778637808
1.07218962964202 0.950082915821794 1.33916778637808
0.701705949707649 1.39433602054445 1.02853077674080
0.758054464189413 -0.196183645812888 0.758278776185249
0.758054464189413 -0.196183645812888 0.758278776185249
0.758054464189413 -0.196183645812888 0.758278776185249
-0.199056983199775 0.215863805543404 0.942901472593107
-0.199056983199775 0.215863805543404 0.942901472593107
-0.199056983199775 0.215863805543404 0.942901472593107
-0.199056983199775 0.215863805543404 0.942901472593107
-0.199056983199775 0.215863805543404 0.942901472593107
-0.199056983199775 0.215863805543404 0.942901472593107
-0.199056983199775 0.215863805543404 0.942901472593107
0.653266691094325 -0.190723477200455 1.23719057664910
-0.92287214890319 1.17515548011350 1.25492353064892
-0.234739707142189 0.91463649132079 1.28407849655216
-0.234739707142189 0.91463649132079 1.28407849655216
-0.234739707142189 0.91463649132079 1.28407849655216
-0.234739707142189 0.91463649132079 1.28407849655216
-0.234739707142189 0.91463649132079 1.28407849655216
-0.234739707142189 0.91463649132079 1.28407849655216
-0.234739707142189 0.91463649132079 1.28407849655216
-0.234739707142189 0.91463649132079 1.28407849655216
0.751847470504927 0.724456699562585 1.65154514026350
0.751847470504927 0.724456699562585 1.65154514026350
0.751847470504927 0.724456699562585 1.65154514026350
0.751847470504927 0.724456699562585 1.65154514026350
0.751847470504927 0.724456699562585 1.65154514026350
0.751847470504927 0.724456699562585 1.65154514026350
0.156071223391111 0.798704927383062 1.49319335432263
0.156071223391111 0.798704927383062 1.49319335432263
0.156071223391111 0.798704927383062 1.49319335432263
-0.484067272991773 0.757104897803016 1.94128686206622
-0.0175623914833149 -0.0193982055230929 2.00333930070704
-0.0175623914833149 -0.0193982055230929 2.00333930070704
-0.0175623914833149 -0.0193982055230929 2.00333930070704
-0.0175623914833149 -0.0193982055230929 2.00333930070704
-0.0175623914833149 -0.0193982055230929 2.00333930070704
-0.0175623914833149 -0.0193982055230929 2.00333930070704
-0.0175623914833149 -0.0193982055230929 2.00333930070704
-0.0175623914833149 -0.0193982055230929 2.00333930070704
-0.0175623914833149 -0.0193982055230929 2.00333930070704
