1 1 1
1 1 1
1.54324821099456 1.45002569438016 1.94176314845505
1.54324821099456 1.45002569438016 1.94176314845505
0.334754957408276 2.08862610678394 1.45234934470573
0.334754957408276 2.08862610678394 1.45234934470573
1.39110529882293 2.78087586296909 1.16256510104457
1.39110529882293 2.78087586296909 1.16256510104457
1.39110529882293 2.78087586296909 1.16256510104457
1.39110529882293 2.78087586296909 1.16256510104457
1.39110529882293 2.78087586296909 1.16256510104457
1.39110529882293 2.78087586296909 1.16256510104457
1.65110511896507 3.16952427782768 1.54588634671132
1.65110511896507 3.16952427782768 1.54588634671132
1.65110511896507 3.16952427782768 1.54588634671132
1.65110511896507 3.16952427782768 1.54588634671132
1.65110511896507 3.16952427782768 1.54588634671132
1.66206642628001 3.01093328005666 0.445608748216383
1.66206642628001 3.01093328005666 0.445608748216383
1.66206642628001 3.01093328005666 0.445608748216383
1.66206642628001 3.01093328005666 0.445608748216383
1.73708365483452 3.0607864123734 0.150533842673339
0.991690598827812 2.53512824321178 -0.354392740922491
-0.783183335775105 1.32477026248548 -0.274583609499724
-0.783183335775105 1.32477026248548 -0.274583609499724
-0.783183335775105 1.32477026248548 -0.274583609499724
1.17178440842233 1.93339861678263 -0.471024117574006
1.98116585975870 2.11734057402166 -0.0497325467504455
1.71429049639925 2.43478576369937 0.0229167397633073
1.71429049639925 2.43478576369937 0.0229167397633073
1.32435256807686 2.52183130812836 0.0853462356032858
0.282718535711276 1.74927733278947 0.9254147056959
-0.494940333575025 0.453241819729376 1.03107484087809
0.96319875677035 0.310723319366988 1.74278949004031
1.19857294160369 -0.193954275881823 1.63069413165577
1.19857294160369 -0.193954275881823 1.63069413165577
0.485217886677164 -0.119492175419953 1.78407615503190
0.466775984700333 -0.145856912543030 1.29331087686
0.466775984700333 -0.145856912543030 1.29331087686
0.171669319187562 -0.431427009125519 1.83398805549947
0.171669319187562 -0.431427009125519 1.83398805549947
0.271529482322328 -0.17539104295426 1.66375466724883
0.271529482322328 -0.17539104295426 1.66375466724883
0.271529482322328 -0.17539104295426 1.66375466724883
0.271529482322328 -0.17539104295426 1.66375466724883
0.271529482322328 -0.17539104295426 1.66375466724883
0.271529482322328 -0.17539104295426 1.66375466724883
0.271529482322328 -0.17539104295426 1.66375466724883
0.271529482322328 -0.17539104295426 1.66375466724883
0.271529482322328 -0.17539104295426 1.66375466724883
