1 1 1
1 1 1
1 1 1
1 1 1
1 1 1
1 1 1
1 1 1
0.624104069152094 2.05066913441958 1.40265759166896
-0.47027536999355 2.1862236556489 0.271476372163748
0.0444521784823605 1.77612769105984 -0.23072746733435
0.0444521784823605 1.77612769105984 -0.23072746733435
-1.22846419858888 1.80081594191456 0.370862375400299
-1.22846419858888 1.80081594191456 0.370862375400299
-0.58825481975427 1.17786926104337 0.570570614521036
-0.58825481975427 1.17786926104337 0.570570614521036
-0.58825481975427 1.17786926104337 0.570570614521036
0.0169726551481197 1.64261944216325 2.00823509129156
0.647114697920177 1.72694217855184 1.87515785498878
0.45979326279872 1.65719042243303 2.77428674846326
1.94348096564429 1.39269204469770 2.07611654549132
0.322314440754876 1.62083766564633 2.33512465577678
-0.085799662443022 1.33098341956398 1.91853316635613
0.0691243931557947 0.632272485518778 1.78252726814654
-0.83087861263853 1.54345263700138 1.71995143571255
-0.83087861263853 1.54345263700138 1.71995143571255
-0.83087861263853 1.54345263700138 1.71995143571255
-0.579279535852626 0.995520710403767 1.65238020078707
-0.500811512629772 1.01785328123029 1.97768645800223
0.0958772465808935 1.87699554699123 1.43386349915383
0.0958772465808935 1.87699554699123 1.43386349915383
0.0958772465808935 1.87699554699123 1.43386349915383
-0.59902945587286 2.04138182404148 2.36790326097904
-0.145099219448703 2.59118645581380 2.34376991728757
0.654876043205599 2.45207435469056 2.7847184013625
0.688906203001924 2.22523483340128 3.028595797293
1.84800965723269 2.10817753936192 2.72607527082937
1.00983357465571 1.54856266319002 2.83961020459074
1.00983357465571 1.54856266319002 2.83961020459074
1.00983357465571 1.54856266319002 2.83961020459074
0.223028293505334 2.36144733186027 2.54877985779989
1.11527804742026 2.03399430900974 1.85882586204330
1.11527804742026 2.03399430900974 1.85882586204330
1.49765213997052 1.84732777532781 1.38248447644076
1.49765213997052 1.84732777532781 1.38248447644076
0.658331882076777 1.43470207231296 2.22762426877853
0.658331882076777 1.43470207231296 2.22762426877853
0.511829987702243 1.53857022696658 1.99314814980353
0.511829987702243 1.53857022696658 1.99314814980353
0.632776039601603 0.888166120307844 2.33620032713566
0.136185012557596 0.577662013116244 2.81056856641057
