1 1 1
1 1 1
1 1 1
1 1 1
1 1 1
1 1 1
1 1 1
1 1 1
0.939691642198169 0.945905662005893 1.08925326726946
0.939691642198169 0.945905662005893 1.08925326726946
0.939691642198169 0.945905662005893 1.08925326726946
0.939691642198169 0.945905662005893 1.08925326726946
0.989579834678964 1.0040471893373 0.626413510739021
0.714687274023969 -0.0206785935804654 1.05073517316189
0.714687274023969 -0.0206785935804654 1.05073517316189
0.714687274023969 -0.0206785935804654 1.05073517316189
0.714687274023969 -0.0206785935804654 1.05073517316189
0.714687274023969 -0.0206785935804654 1.05073517316189
0.714687274023969 -0.0206785935804654 1.05073517316189
0.714687274023969 -0.0206785935804654 1.05073517316189
0.714687274023969 -0.0206785935804654 1.05073517316189
0.714687274023969 -0.0206785935804654 1.05073517316189
0.427281837278769 -0.0278326440279521 0.370589634665524
0.80982342807616 -0.312986053339824 1.78849413243001
1.26783587812162 -1.25268116550433 2.04465121686899
1.26783587812162 -1.25268116550433 2.04465121686899
1.7819190903542 -1.10739358130137 1.24778967729919
1.7819190903542 -1.10739358130137 1.24778967729919
1.7819190903542 -1.10739358130137 1.24778967729919
2.17993864187503 -0.78831925219491 1.50015578336344
2.17993864187503 -0.78831925219491 1.50015578336344
2.17993864187503 -0.78831925219491 1.50015578336344
2.09092270301517 -1.18183348294651 1.62925166124271
2.09092270301517 -1.18183348294651 1.62925166124271
2.09092270301517 -1.18183348294651 1.62925166124271
2.55381354888494 0.0557401396708554 1.92271294775512
2.55381354888494 0.0557401396708554 1.92271294775512
2.55381354888494 0.0557401396708554 1.92271294775512
2.34640664198923 -0.383543452713434 1.06969464940266
2.34640664198923 -0.383543452713434 1.06969464940266
2.48860306992300 -0.0674752471140236 1.91049120739376
2.48860306992300 -0.0674752471140236 1.91049120739376
2.09294272188107 0.0385741909537767 0.9510099201101
2.37074096827754 0.358825875324196 2.05053167937516
2.18632898172123 -0.300979392728791 1.99340024175064
1.72860337716078 -0.50902610821782 2.09611674885608
1.72860337716078 -0.50902610821782 2.09611674885608
1.65150197138136 -0.138446886746669 2.36486328641583
1.15181761869126 0.337204025246427 2.52437844104099
1.31295842181020 0.418315969775817 2.46234076563076
