1 1 1
1 1 1
1.27784033187284 -0.572607768821231 1.84063939924098
1.99849365114797 0.802946831757076 2.23163094654134
1.46500819034056 -0.266678615634497 2.15038144104717
1.22302184721613 0.34207306349098 0.959970437585209
1.22302184721613 0.34207306349098 0.959970437585209
1.27701935570747 1.21884543871568 0.869277812815223
1.27701935570747 1.21884543871568 0.869277812815223
1.56540935675702 0.448894441166587 0.761888100284536
1.56540935675702 0.448894441166587 0.761888100284536
1.30327128565193 0.745255285665094 -0.145189662903702
1.05432823592584 0.0158738519038915 0.0813134947747069
1.05432823592584 0.0158738519038915 0.0813134947747069
2.07854615612748 0.685032954091692 1.23495172816072
2.07854615612748 0.685032954091692 1.23495172816072
2.07854615612748 0.685032954091692 1.23495172816072
2.07854615612748 0.685032954091692 1.23495172816072
2.07854615612748 0.685032954091692 1.23495172816072
1.88574396065226 1.02942988144398 1.54473597342093
1.88574396065226 1.02942988144398 1.54473597342093
1.48545095082669 1.67243274019143 1.65002591168898
0.772408881443859 0.0526196968908119 1.85889319549759
0.772408881443859 0.0526196968908119 1.85889319549759
0.63261088408622 0.508788092273752 1.21348182772292
1.99422078322614 1.60427354403490 1.70702008589111
1.46321566201835 0.40974316389946 1.42350210813506
1.46321566201835 0.40974316389946 1.42350210813506
1.46321566201835 0.40974316389946 1.42350210813506
1.46321566201835 0.40974316389946 1.42350210813506
1.46321566201835 0.40974316389946 1.42350210813506
1.46321566201835 0.40974316389946 1.42350210813506
1.34600048458512 2.35927906776984 1.34367613844670
1.34600048458512 2.35927906776984 1.34367613844670
1.34600048458512 2.35927906776984 1.34367613844670
1.54993976595349 1.65154282067119 2.36231694025210
2.66373880423827 1.74355990508014 3.13912279615659
2.66373880423827 1.74355990508014 3.13912279615659
2.30819233163815 1.77636137887091 3.31193052882091
2.30819233163815 1.77636137887091 3.31193052882091
1.91105164135065 2.11693600183003 2.30094635399613
1.17993789843524 0.376149059702107 1.34067183191719
0.498184217384085 -0.64762238875167 0.87311552214805
0.498184217384085 -0.64762238875167 0.87311552214805
0.498184217384085 -0.64762238875167 0.87311552214805
1.14252233896259 0.0398455256805667 1.75182181998741
1.14252233896259 0.0398455256805667 1.75182181998741
1.62045496811795 2.25378627270498 1.73533830004913
1.62045496811795 2.25378627270498 1.73533830004913
1.62045496811795 2.25378627270498 1.73533830004913
