1 1 1
0.310406557300062 1.88900137634098 1.83839968140322
0.310406557300062 1.88900137634098 1.83839968140322
0.310406557300062 1.88900137634098 1.83839968140322
0.418219806503404 0.161005966075670 1.05823953270691
0.418219806503404 0.161005966075670 1.05823953270691
0.418219806503404 0.161005966075670 1.05823953270691
0.418219806503404 0.161005966075670 1.05823953270691
0.418219806503404 0.161005966075670 1.05823953270691
0.418219806503404 0.161005966075670 1.05823953270691
-0.390631259804972 1.42659405045089 1.34015478962748
-0.349582404459475 1.59156652929542 1.54494528659014
0.300788685171367 1.98398714858576 0.891575328808528
0.565444113905755 -0.859757893481592 0.266400108383537
0.565444113905755 -0.859757893481592 0.266400108383537
0.565444113905755 -0.859757893481592 0.266400108383537
0.565444113905755 -0.859757893481592 0.266400108383537
0.565444113905755 -0.859757893481592 0.266400108383537
0.565444113905755 -0.859757893481592 0.266400108383537
1.71669670111756 -0.445039190470511 0.591431881606048
1.71669670111756 -0.445039190470511 0.591431881606048
1.71669670111756 -0.445039190470511 0.591431881606048
1.71669670111756 -0.445039190470511 0.591431881606048
2.78626360808552 0.619792907307985 1.89618508158746
2.78626360808552 0.619792907307985 1.89618508158746
1.85578821373434 2.28449115937610 2.50081180547611
1.85578821373434 2.28449115937610 2.50081180547611
0.739193755682082 0.79421434595246 1.87063251553544
0.739193755682082 0.79421434595246 1.87063251553544
0.739193755682082 0.79421434595246 1.87063251553544
0.739193755682082 0.79421434595246 1.87063251553544
0.185246239200352 -0.783888875107074 1.58256324595460
-0.181407919225829 -0.967784114289931 1.58398254786794
0.184195382646208 0.102594188923438 0.837232825801765
0.184195382646208 0.102594188923438 0.837232825801765
0.184195382646208 0.102594188923438 0.837232825801765
0.450014300104513 0.959504930598482 2.02862011500147
-0.423010441328935 -0.244485600043155 1.77894302563298
-0.455873879875426 -0.408078466975817 1.30954569450327
0.39712090697339 0.839843411930438 2.77392036031189
0.39712090697339 0.839843411930438 2.77392036031189
0.39712090697339 0.839843411930438 2.77392036031189
0.39712090697339 0.839843411930438 2.77392036031189
0.39712090697339 0.839843411930438 2.77392036031189
0.39712090697339 0.839843411930438 2.77392036031189
-0.244068576333587 0.598394055027836 0.736717617210641
0.54131562703189 0.69493369667567 1.55218004243965
0.54131562703189 0.69493369667567 1.55218004243965
0.54131562703189 0.69493369667567 1.55218004243965
0.54131562703189 0.69493369667567 1.55218004243965
