1 1 1
1 1 1
1 1 1
1 1 1
0.800880408701733 1.97539431096183 1.46814640697433
1.08717248488769 3.85614885431643 1.52233777914756
-1.02235220268928 4.51010692425756 1.80675158710953
-1.02235220268928 4.51010692425756 1.80675158710953
0.0546017699159884 4.46438364457282 1.49863479684156
0.0546017699159884 4.46438364457282 1.49863479684156
0.537028874873995 4.28136851378838 1.75407120107373
1.14699425098026 3.14896460759657 1.31771436821788
1.14699425098026 3.14896460759657 1.31771436821788
0.18836307235781 1.10323671828403 1.17137407832239
0.366197821294319 1.29931322308673 0.751066511229134
-1.38943018435147 1.44622857333994 0.637288690342586
-0.447189483187496 0.993418512782217 0.352720391652604
-0.447189483187496 0.993418512782217 0.352720391652604
-1.29973218885168 0.773867964311864 0.265197733371008
-1.29973218885168 0.773867964311864 0.265197733371008
-1.29973218885168 0.773867964311864 0.265197733371008
-1.29973218885168 0.773867964311864 0.265197733371008
-0.381720582089175 1.71742517155709 0.481885251908374
-0.381720582089175 1.71742517155709 0.481885251908374
-0.0442427310274577 1.95372852558376 0.455272418292101
-0.0442427310274577 1.95372852558376 0.455272418292101
-0.0442427310274577 1.95372852558376 0.455272418292101
-0.0442427310274577 1.95372852558376 0.455272418292101
-0.0442427310274577 1.95372852558376 0.455272418292101
-0.0442427310274577 1.95372852558376 0.455272418292101
-0.0442427310274577 1.95372852558376 0.455272418292101
-0.0442427310274577 1.95372852558376 0.455272418292101
0.330065537750395 1.41961518651480 0.319746982928304
-0.56899362955825 2.27410191432872 0.171115632533584
-0.116383584573264 1.66642125260164 0.425344114815487
0.413827915680596 1.89009452844982 0.461874777437995
0.413827915680596 1.89009452844982 0.461874777437995
0.413827915680596 1.89009452844982 0.461874777437995
0.413827915680596 1.89009452844982 0.461874777437995
0.413827915680596 1.89009452844982 0.461874777437995
0.413827915680596 1.89009452844982 0.461874777437995
0.413827915680596 1.89009452844982 0.461874777437995
0.0810809589248746 1.43800900710037 0.716308139689568
0.303408924389625 1.55498283061824 0.656568538633935
0.303408924389625 1.55498283061824 0.656568538633935
0.303408924389625 1.55498283061824 0.656568538633935
0.303408924389625 1.55498283061824 0.656568538633935
-0.00383619150398279 1.66034201320333 0.473879378397516
-0.00383619150398279 1.66034201320333 0.473879378397516
-0.00383619150398279 1.66034201320333 0.473879378397516
