1 1 1
1 1 1
1 1 1
1 1 1
1 1 1
-0.197891063850614 0.823391287403796 0.746889421109512
-0.197891063850614 0.823391287403796 0.746889421109512
-0.197891063850614 0.823391287403796 0.746889421109512
0.22866261273592 1.87318637141038 0.6807015040124
-0.972772534102645 1.16205539068061 0.775884027675805
-0.972772534102645 1.16205539068061 0.775884027675805
-0.972772534102645 1.16205539068061 0.775884027675805
-0.972772534102645 1.16205539068061 0.775884027675805
-0.0344025972363086 2.13957080327332 0.69427073714545
-0.0344025972363086 2.13957080327332 0.69427073714545
0.634022916333836 1.54118763766872 1.06274198052070
0.634022916333836 1.54118763766872 1.06274198052070
1.65665284170291 1.74275296228175 1.84310392858473
1.28037340833335 1.55609007138579 2.33971707690457
1.28037340833335 1.55609007138579 2.33971707690457
1.28037340833335 1.55609007138579 2.33971707690457
0.217203559713236 1.57188423920967 1.43193472175289
0.768502446183718 1.12376033572858 1.54393178424909
0.768502446183718 1.12376033572858 1.54393178424909
0.768502446183718 1.12376033572858 1.54393178424909
0.768502446183718 1.12376033572858 1.54393178424909
0.768502446183718 1.12376033572858 1.54393178424909
-0.373937526269111 0.451664977066182 1.20613137527015
0.328077572526014 -0.0808989788635558 0.772815465764588
0.328077572526014 -0.0808989788635558 0.772815465764588
0.328077572526014 -0.0808989788635558 0.772815465764588
0.328077572526014 -0.0808989788635558 0.772815465764588
0.328077572526014 -0.0808989788635558 0.772815465764588
0.890350949812084 0.849785338833571 1.06013883327172
0.890350949812084 0.849785338833571 1.06013883327172
0.890350949812084 0.849785338833571 1.06013883327172
0.890350949812084 0.849785338833571 1.06013883327172
0.890350949812084 0.849785338833571 1.06013883327172
0.890350949812084 0.849785338833571 1.06013883327172
1.45122893021763 0.415573650437235 1.46069470935513
1.71369162721843 1.47199840066209 1.29008741608498
1.71369162721843 1.47199840066209 1.29008741608498
2.02546907972769 1.32019659644629 2.02647768266419
0.833996224459784 1.40274019971160 2.00822432708131
0.482588175349460 1.08302433413968 1.58306653917765
0.482588175349460 1.08302433413968 1.58306653917765
0.482588175349460 1.08302433413968 1.58306653917765
0.482588175349460 1.08302433413968 1.58306653917765
0.482588175349460 1.08302433413968 1.58306653917765
-0.254185303242213 1.64140219094043 1.65250413635651
