1 1 1
1 1 1
1 1 1
1 1 1
1 1 1
1 1 1
1.35350015638022 0.690877698602295 0.892896033260437
1.35350015638022 0.690877698602295 0.892896033260437
0.00901835220596126 1.29291285383366 0.599423948162373
0.00901835220596126 1.29291285383366 0.599423948162373
0.105511516963888 0.759361520460318 1.63951426204920
0.894341085259224 0.711058249892666 1.18283724653314
1.19943794012269 0.576527783694915 2.39959138406591
0.116365268716803 0.97710551839924 1.42395015032479
0.116365268716803 0.97710551839924 1.42395015032479
0.116365268716803 0.97710551839924 1.42395015032479
0.028379532884057 1.4505853997251 0.633087997849983
1.08362862184336 0.752410216468563 0.858518718835075
1.08362862184336 0.752410216468563 0.858518718835075
1.08362862184336 0.752410216468563 0.858518718835075
1.08362862184336 0.752410216468563 0.858518718835075
1.08362862184336 0.752410216468563 0.858518718835075
1.08362862184336 0.752410216468563 0.858518718835075
1.08362862184336 0.752410216468563 0.858518718835075
1.08362862184336 0.752410216468563 0.858518718835075
1.08362862184336 0.752410216468563 0.858518718835075
1.08362862184336 0.752410216468563 0.858518718835075
2.03501696506623 0.227188178843596 1.78954988807128
2.03501696506623 0.227188178843596 1.78954988807128
0.619774645607559 0.635572178140811 0.634049051417601
0.619774645607559 0.635572178140811 0.634049051417601
0.619774645607559 0.635572178140811 0.634049051417601
0.747990322894344 0.063292782360458 0.76292255350014
0.747990322894344 0.063292782360458 0.76292255350014
0.0980906504214766 -0.089254948854702 0.493907111060439
0.0741705278757375 -0.85764951702409 1.14023151935447
0.0741705278757375 -0.85764951702409 1.14023151935447
1.11220687129576 -1.52735425878416 1.79409074223817
0.619002852216599 -0.674567449229692 0.484794676218906
0.619002852216599 -0.674567449229692 0.484794676218906
0.619002852216599 -0.674567449229692 0.484794676218906
0.619002852216599 -0.674567449229692 0.484794676218906
0.619002852216599 -0.674567449229692 0.484794676218906
0.619002852216599 -0.674567449229692 0.484794676218906
0.619002852216599 -0.674567449229692 0.484794676218906
0.619002852216599 -0.674567449229692 0.484794676218906
-0.240495492866219 0.0856605477975173 0.84714241915691
0.54837064912961 -0.6776961876276 1.78553279119420
0.54837064912961 -0.6776961876276 1.78553279119420
0.54837064912961 -0.6776961876276 1.78553279119420
