1 1 1
1 1 1
1 1 1
1.18223469097567 0.557170334885003 1.41448312631231
1.18223469097567 0.557170334885003 1.41448312631231
1.18223469097567 0.557170334885003 1.41448312631231
1.18223469097567 0.557170334885003 1.41448312631231
1.18223469097567 0.557170334885003 1.41448312631231
1.18223469097567 0.557170334885003 1.41448312631231
0.307971786520952 0.514678551985698 0.0326559256990404
0.307971786520952 0.514678551985698 0.0326559256990404
0.635651375933639 1.31502335893686 -0.178064529549072
0.635651375933639 1.31502335893686 -0.178064529549072
0.635651375933639 1.31502335893686 -0.178064529549072
0.635651375933639 1.31502335893686 -0.178064529549072
0.635651375933639 1.31502335893686 -0.178064529549072
0.635651375933639 1.31502335893686 -0.178064529549072
1.17760256727420 1.83924505376142 0.81739778037022
1.17760256727420 1.83924505376142 0.81739778037022
1.17760256727420 1.83924505376142 0.81739778037022
1.17760256727420 1.83924505376142 0.81739778037022
1.17760256727420 1.83924505376142 0.81739778037022
1.17760256727420 1.83924505376142 0.81739778037022
1.17760256727420 1.83924505376142 0.81739778037022
1.17760256727420 1.83924505376142 0.81739778037022
1.17760256727420 1.83924505376142 0.81739778037022
0.429719546282548 1.29916539336603 0.4590366910809
0.429719546282548 1.29916539336603 0.4590366910809
0.429719546282548 1.29916539336603 0.4590366910809
0.429719546282548 1.29916539336603 0.4590366910809
0.429719546282548 1.29916539336603 0.4590366910809
0.429719546282548 1.29916539336603 0.4590366910809
0.429719546282548 1.29916539336603 0.4590366910809
0.429719546282548 1.29916539336603 0.4590366910809
0.097090699030566 1.39032722049218 1.43404986939444
0.097090699030566 1.39032722049218 1.43404986939444
0.097090699030566 1.39032722049218 1.43404986939444
0.097090699030566 1.39032722049218 1.43404986939444
0.097090699030566 1.39032722049218 1.43404986939444
0.097090699030566 1.39032722049218 1.43404986939444
0.097090699030566 1.39032722049218 1.43404986939444
0.097090699030566 1.39032722049218 1.43404986939444
0.097090699030566 1.39032722049218 1.43404986939444
0.097090699030566 1.39032722049218 1.43404986939444
0.097090699030566 1.39032722049218 1.43404986939444
-0.707140080487425 2.00827238233206 1.95449714942133
-0.707140080487425 2.00827238233206 1.95449714942133
0.157181830980329 1.52399489731877 2.33347588993750
-0.289523848725981 0.777783421994453 1.50988679464103
0.368125048550296 -0.790618936419983 1.76559276184278
