1 1 1
-0.424056780359325 -1.12727192984585 2.57028540738495
0.334516180388954 -0.0305417907470011 1.61187863947285
0.334516180388954 -0.0305417907470011 1.61187863947285
0.334516180388954 -0.0305417907470011 1.61187863947285
1.71746470992844 0.435928702660223 0.52856749846053
1.46103287623091 0.316068888911908 0.982624664879524
1.46103287623091 0.316068888911908 0.982624664879524
1.46103287623091 0.316068888911908 0.982624664879524
1.46103287623091 0.316068888911908 0.982624664879524
1.70893261799278 0.273170940334020 0.703783795230928
1.70893261799278 0.273170940334020 0.703783795230928
1.70893261799278 0.273170940334020 0.703783795230928
1.43634024005598 0.73848845358998 1.83270216498433
1.43634024005598 0.73848845358998 1.83270216498433
1.43634024005598 0.73848845358998 1.83270216498433
1.43634024005598 0.73848845358998 1.83270216498433
1.43634024005598 0.73848845358998 1.83270216498433
1.43634024005598 0.73848845358998 1.83270216498433
1.43634024005598 0.73848845358998 1.83270216498433
1.43634024005598 0.73848845358998 1.83270216498433
1.43634024005598 0.73848845358998 1.83270216498433
0.992982621119531 1.17796113182756 1.16443457217311
0.992982621119531 1.17796113182756 1.16443457217311
0.992982621119531 1.17796113182756 1.16443457217311
0.992982621119531 1.17796113182756 1.16443457217311
0.650742101801587 1.24954846212736 1.54380036466979
0.650742101801587 1.24954846212736 1.54380036466979
0.99026301036787 0.544373285467113 1.36532619008624
1.10397218341136 1.47609093700365 0.891318772017895
0.364265341926068 1.16536972102873 1.70580461757414
0.364265341926068 1.16536972102873 1.70580461757414
0.364265341926068 1.16536972102873 1.70580461757414
0.0386602084407306 0.570747296751187 2.35689855303407
0.0386602084407306 0.570747296751187 2.35689855303407
1.25695964923183 2.37894761461361 1.14131605014830
1.43894371485576 1.85712323324724 1.04074144039386
1.43894371485576 1.85712323324724 1.04074144039386
1.43894371485576 1.85712323324724 1.04074144039386
0.400450167138216 1.07113288279692 1.92276742623767
0.400450167138216 1.07113288279692 1.92276742623767
0.400450167138216 1.07113288279692 1.92276742623767
1.69786899193556 2.75066835091269 1.12300236312959
1.79926573171263 1.53376363568732 1.63469420239988
1.28812611962588 1.82108969963988 2.26392777091449
0.959377348097894 1.41148539254376 1.16971081084878
0.959377348097894 1.41148539254376 1.16971081084878
0.4228578607966 1.19970252241703 0.809927800370731
0.4228578607966 1.19970252241703 0.809927800370731
-0.249170665392314 1.16555883655412 2.01713232852466
