1 1 1
1.15761852005467 0.840522548211702 1.56774799122382
1.15761852005467 0.840522548211702 1.56774799122382
0.833782445750438 0.188685035867345 1.85452737923413
0.379655837109509 0.314219062106746 1.51000414272458
0.379655837109509 0.314219062106746 1.51000414272458
1.83503628483535 0.919292873941825 1.12058428370336
1.83503628483535 0.919292873941825 1.12058428370336
1.83503628483535 0.919292873941825 1.12058428370336
1.83503628483535 0.919292873941825 1.12058428370336
1.76432284573505 1.76143996414675 1.11485884427263
-0.0948441404916327 2.00441495315641 0.96864980629491
-0.0948441404916327 2.00441495315641 0.96864980629491
-0.0948441404916327 2.00441495315641 0.96864980629491
-0.230571470227345 0.303553368074020 1.23395264810372
-0.230571470227345 0.303553368074020 1.23395264810372
0.479187371984629 2.2347188597992 0.828736860430147
0.479187371984629 2.2347188597992 0.828736860430147
-0.249666737870755 1.49386211827412 1.68561048499258
-0.249666737870755 1.49386211827412 1.68561048499258
-0.249666737870755 1.49386211827412 1.68561048499258
-0.501340943368992 1.79095853397026 1.80948662909335
-0.348275352176021 0.927590960768066 1.23904065801577
-0.348275352176021 0.927590960768066 1.23904065801577
-0.348275352176021 0.927590960768066 1.23904065801577
-0.348275352176021 0.927590960768066 1.23904065801577
-0.348275352176021 0.927590960768066 1.23904065801577
-0.348275352176021 0.927590960768066 1.23904065801577
-0.43664101044055 1.98234420830692 1.28005863153009
-0.43664101044055 1.98234420830692 1.28005863153009
-0.43664101044055 1.98234420830692 1.28005863153009
-0.43664101044055 1.98234420830692 1.28005863153009
-0.43664101044055 1.98234420830692 1.28005863153009
-0.316031183834652 0.574085129307073 1.08753102483079
-0.317408897237067 0.223782277027073 0.600949687930636
-0.317408897237067 0.223782277027073 0.600949687930636
-0.317408897237067 0.223782277027073 0.600949687930636
-0.317408897237067 0.223782277027073 0.600949687930636
-0.437109301461302 0.117898702638122 0.679064785928759
-0.437109301461302 0.117898702638122 0.679064785928759
-0.437109301461302 0.117898702638122 0.679064785928759
0.00222940696612706 -0.693847350327044 0.316539384153123
-0.178111397205982 -1.13898990833441 0.619933952494178
-0.178111397205982 -1.13898990833441 0.619933952494178
-0.178111397205982 -1.13898990833441 0.619933952494178
-0.178111397205982 -1.13898990833441 0.619933952494178
-0.178111397205982 -1.13898990833441 0.619933952494178
-0.178111397205982 -1.13898990833441 0.619933952494178
-0.539636730613385 -0.744241309839915 1.85326259460685
-0.539636730613385 -0.744241309839915 1.85326259460685
