1 1 1
1 1 1
1 1 1
1 1 1
1 1 1
1 1 1
1 1 1
1 1 1
1 1 1
1.24451955906945 0.197992893724541 1.58776605456118
1.24451955906945 0.197992893724541 1.58776605456118
1.24451955906945 0.197992893724541 1.58776605456118
-0.449523870391877 0.47557057033924 2.28259832486333
-0.754226459877928 0.661352607856428 2.23090557620752
-0.754226459877928 0.661352607856428 2.23090557620752
-0.754226459877928 0.661352607856428 2.23090557620752
-0.754226459877928 0.661352607856428 2.23090557620752
-0.973125453311186 0.479346968628166 1.91622886217668
-1.35256344292004 0.269777108697933 2.37942447760112
-0.596405615463258 -0.122026837543615 2.25067487361356
1.01823373879770 0.374549939411143 2.34603979497063
0.968784946634672 0.578704050924419 1.89654769526669
-0.551552220845373 0.275642782967623 1.22519705124039
0.366682690141325 1.42312555836202 1.47104802792503
-0.947786290762773 1.39512249359051 2.02122985283221
-0.947786290762773 1.39512249359051 2.02122985283221
0.115965761716311 1.82529067596955 2.19905801463878
-0.378764960578791 1.20403221956702 1.94158331535891
-0.378764960578791 1.20403221956702 1.94158331535891
-0.848561624468114 0.785078239340855 1.26938098464558
0.0929558962442911 1.45233214173680 0.964927875642771
0.0929558962442911 1.45233214173680 0.964927875642771
-0.121164628026473 1.46850638687384 1.50572545352669
-0.328400602786614 1.71529940045155 1.92195672505229
-0.328400602786614 1.71529940045155 1.92195672505229
-0.328400602786614 1.71529940045155 1.92195672505229
-0.30752757016807 1.84876672026596 2.58881699080493
-0.196074337721478 2.48956059391894 2.18575077697699
-0.196074337721478 2.48956059391894 2.18575077697699
0.306162328671311 2.46797187795734 2.08844928400215
0.306162328671311 2.46797187795734 2.08844928400215
0.306162328671311 2.46797187795734 2.08844928400215
0.306162328671311 2.46797187795734 2.08844928400215
0.0800495534801831 2.33403691183953 2.42099954665243
0.0800495534801831 2.33403691183953 2.42099954665243
0.0800495534801831 2.33403691183953 2.42099954665243
0.0800495534801831 2.33403691183953 2.42099954665243
-0.351639269419456 2.04310224512705 2.14017540844362
-0.351639269419456 2.04310224512705 2.14017540844362
-0.351639269419456 2.04310224512705 2.14017540844362
