1 1 1
0.546737131228339 0.550553235445639 0.87467060752284
0.546737131228339 0.550553235445639 0.87467060752284
0.546737131228339 0.550553235445639 0.87467060752284
0.546737131228339 0.550553235445639 0.87467060752284
0.644458466796715 1.14976055096935 0.890786756010194
0.644458466796715 1.14976055096935 0.890786756010194
1.50997546149964 -0.309142005141640 1.17188590976355
1.50997546149964 -0.309142005141640 1.17188590976355
1.31332316559423 -0.296372926950538 0.854704219392358
1.34154898123560 -0.0906223780932386 0.95799565656571
1.34154898123560 -0.0906223780932386 0.95799565656571
1.34154898123560 -0.0906223780932386 0.95799565656571
0.952734949954239 1.64422215949211 1.23674678895501
0.952734949954239 1.64422215949211 1.23674678895501
0.952734949954239 1.64422215949211 1.23674678895501
0.952734949954239 1.64422215949211 1.23674678895501
0.551085486636574 1.53642129452787 1.77256950201746
0.48200301549004 2.13418614120463 1.34368565402658
0.48200301549004 2.13418614120463 1.34368565402658
0.48200301549004 2.13418614120463 1.34368565402658
0.867609091992126 2.98526740831797 1.12474282201104
0.337489953185473 2.57485612022768 1.34650012783341
0.915491020416526 0.712660879729353 0.73768726865165
0.512774456367394 0.78028118819682 0.934232066754318
0.512774456367394 0.78028118819682 0.934232066754318
0.443706152779259 1.22154223081056 1.37042410113567
0.70752387460132 0.662374756183726 1.33178596862869
0.776450023876649 1.00774635372866 1.01375233806465
0.684784080250237 1.11572405690554 1.10593158472031
0.684784080250237 1.11572405690554 1.10593158472031
0.684784080250237 1.11572405690554 1.10593158472031
1.44963318081677 2.51881501161975 0.603521707622788
1.76097588697328 2.51671804507151 0.857755796224883
1.32069489548255 3.08328401076027 0.929908575669214
1.32069489548255 3.08328401076027 0.929908575669214
1.32069489548255 3.08328401076027 0.929908575669214
0.556151448747518 2.13150524658541 1.11972493994225
1.14100027962791 0.439767268521674 1.97294096206578
1.14100027962791 0.439767268521674 1.97294096206578
1.14100027962791 0.439767268521674 1.97294096206578
0.520689515359835 1.43129557802789 1.75175779761734
0.520689515359835 1.43129557802789 1.75175779761734
0.520689515359835 1.43129557802789 1.75175779761734
0.520689515359835 1.43129557802789 1.75175779761734
-0.169906478124043 2.17269371806754 1.46690118922345
-0.169906478124043 2.17269371806754 1.46690118922345
-0.169906478124043 2.17269371806754 1.46690118922345
-0.688122783494285 0.780117338511491 2.61075213368619
0.105566815597757 0.811400904173113 2.00154922466115
