1 1 1
2.45745436353164 -0.369580297428158 2.23696397054352
2.45745436353164 -0.369580297428158 2.23696397054352
2.45745436353164 -0.369580297428158 2.23696397054352
2.45745436353164 -0.369580297428158 2.23696397054352
2.45745436353164 -0.369580297428158 2.23696397054352
0.387046525009476 0.567672700742613 0.689484163351302
0.366558853305850 0.130944156175759 0.974997894882342
0.366558853305850 0.130944156175759 0.974997894882342
0.366558853305850 0.130944156175759 0.974997894882342
0.366558853305850 0.130944156175759 0.974997894882342
0.366558853305850 0.130944156175759 0.974997894882342
0.366558853305850 0.130944156175759 0.974997894882342
0.366558853305850 0.130944156175759 0.974997894882342
0.0334994330386094 0.293766012813326 1.21026807603190
0.0334994330386094 0.293766012813326 1.21026807603190
0.0334994330386094 0.293766012813326 1.21026807603190
0.564439988928106 0.425485110010131 2.2287747214252
0.564439988928106 0.425485110010131 2.2287747214252
0.564439988928106 0.425485110010131 2.2287747214252
0.564439988928106 0.425485110010131 2.2287747214252
0.564439988928106 0.425485110010131 2.2287747214252
1.33476396871946 -0.512939555519629 2.5847494140618
0.412915402379436 -0.262444859858477 1.43720848793010
0.412915402379436 -0.262444859858477 1.43720848793010
0.412915402379436 -0.262444859858477 1.43720848793010
0.412915402379436 -0.262444859858477 1.43720848793010
0.412915402379436 -0.262444859858477 1.43720848793010
0.412915402379436 -0.262444859858477 1.43720848793010
0.412915402379436 -0.262444859858477 1.43720848793010
0.412915402379436 -0.262444859858477 1.43720848793010
0.412915402379436 -0.262444859858477 1.43720848793010
0.412915402379436 -0.262444859858477 1.43720848793010
-0.503277517670125 0.046047476550671 1.72880328016019
-0.503277517670125 0.046047476550671 1.72880328016019
-0.605349757657818 0.835199881836923 2.60370014887457
0.171322720716669 0.673369215136781 2.42399247495143
0.537649099529155 1.02513303278824 1.62299632033729
0.537649099529155 1.02513303278824 1.62299632033729
0.88458372837117 1.22606003313345 1.52651256400263
1.91669241015897 0.437910374719811 1.97203836660906
1.91669241015897 0.437910374719811 1.97203836660906
1.91669241015897 0.437910374719811 1.97203836660906
1.59093451621725 -0.134770219152136 2.13070950550881
1.59093451621725 -0.134770219152136 2.13070950550881
1.79335821674604 0.187448341577956 1.97445932167781
1.79335821674604 0.187448341577956 1.97445932167781
1.79335821674604 0.187448341577956 1.97445932167781
0.55958090131344 0.960035861745315 0.837916123711803
0.169383837823669 0.938480563605281 1.95647493732463
