1 1 1
1 1 1
1 1 1
1 1 1
1 1 1
1 1 1
1 1 1
0.854942390917769 1.48630189103501 0.937905611368482
1.36925115616204 1.85322954903914 1.65478684346483
1.36925115616204 1.85322954903914 1.65478684346483
1.36925115616204 1.85322954903914 1.65478684346483
1.36925115616204 1.85322954903914 1.65478684346483
1.36925115616204 1.85322954903914 1.65478684346483
1.36925115616204 1.85322954903914 1.65478684346483
0.844225910948863 2.35355391893525 1.54295743982068
1.03380080512948 1.91186993784728 0.738313922668805
1.03380080512948 1.91186993784728 0.738313922668805
1.52491501754447 2.0684045426732 1.76790983789370
1.07561840864062 2.00044846771829 2.02096126714021
1.07561840864062 2.00044846771829 2.02096126714021
1.07561840864062 2.00044846771829 2.02096126714021
1.07561840864062 2.00044846771829 2.02096126714021
1.07561840864062 2.00044846771829 2.02096126714021
0.514800627253772 1.51450237444936 2.17825177288546
0.514800627253772 1.51450237444936 2.17825177288546
0.514800627253772 1.51450237444936 2.17825177288546
0.514800627253772 1.51450237444936 2.17825177288546
0.436220638684098 0.691949232714976 1.88710765484996
0.436220638684098 0.691949232714976 1.88710765484996
0.436220638684098 0.691949232714976 1.88710765484996
0.436220638684098 0.691949232714976 1.88710765484996
0.436220638684098 0.691949232714976 1.88710765484996
-0.150363416757784 1.86163267727246 1.69209116532260
0.048503703467224 2.87645604798515 1.91429434154973
0.048503703467224 2.87645604798515 1.91429434154973
-0.0278749858396121 2.44287414564211 1.52576439246012
0.98376163516365 2.74542803600723 1.74085468830490
0.448324940981815 2.23031774671666 0.942525213916082
1.19215207675770 1.88230284644344 1.55522176965228
1.19215207675770 1.88230284644344 1.55522176965228
0.563073208881752 1.79197380555086 2.21935549217176
0.563073208881752 1.79197380555086 2.21935549217176
-0.152160434453547 2.12109872486612 1.68961666394034
-0.152160434453547 2.12109872486612 1.68961666394034
-0.573363149192144 1.40019772350187 1.42428297199760
-0.573363149192144 1.40019772350187 1.42428297199760
-0.573363149192144 1.40019772350187 1.42428297199760
-0.15111280962787 0.492018839600162 1.61373513443772
-0.15111280962787 0.492018839600162 1.61373513443772
-0.15111280962787 0.492018839600162 1.61373513443772
