1 1 1
1 1 1
1 1 1
1 1 1
1 1 1
0.828290448182078 1.28554666602093 1.31659325850415
0.479517210640431 1.33614284894034 1.62961146539319
0.479517210640431 1.33614284894034 1.62961146539319
0.322785738378123 0.568750611249094 1.47552385960327
0.322785738378123 0.568750611249094 1.47552385960327
0.229285288362643 0.275276491245985 1.41812890248696
0.229285288362643 0.275276491245985 1.41812890248696
-0.172292926055893 0.123223757465136 1.52106358217128
-0.172292926055893 0.123223757465136 1.52106358217128
-0.00167664618464236 -0.224898729176302 1.86346772861865
-0.00167664618464236 -0.224898729176302 1.86346772861865
-0.00167664618464236 -0.224898729176302 1.86346772861865
0.0760667829860731 0.187338082214568 2.17258211336633
0.0760667829860731 0.187338082214568 2.17258211336633
-0.182920025257816 0.530893816242445 1.26628889256428
-0.278530779546 0.641197974592128 1.76040423323096
-0.278530779546 0.641197974592128 1.76040423323096
-0.439612090751001 2.14722086105286 1.71975631382794
-0.439612090751001 2.14722086105286 1.71975631382794
-0.439612090751001 2.14722086105286 1.71975631382794
0.823089740481388 1.33445244765603 1.89824251067051
0.920930480019796 1.07463111462841 1.65368574957971
0.920930480019796 1.07463111462841 1.65368574957971
0.920930480019796 1.07463111462841 1.65368574957971
0.418332329973284 1.35759652881110 1.71844224849244
1.16983441532064 0.15121615865253 1.34823227148338
1.16983441532064 0.15121615865253 1.34823227148338
1.16983441532064 0.15121615865253 1.34823227148338
1.16983441532064 0.15121615865253 1.34823227148338
1.16983441532064 0.15121615865253 1.34823227148338
-0.54576441039773 1.04957483691535 0.979181945224937
-0.54576441039773 1.04957483691535 0.979181945224937
-0.54576441039773 1.04957483691535 0.979181945224937
0.159102088137335 -0.834138356981204 1.28371887169479
-0.0829500236905316 -0.270026849326759 1.32282015522657
-0.698073003112352 0.867118910272374 0.986564817414424
-0.698073003112352 0.867118910272374 0.986564817414424
-0.698073003112352 0.867118910272374 0.986564817414424
-0.698073003112352 0.867118910272374 0.986564817414424
-0.698073003112352 0.867118910272374 0.986564817414424
-0.698073003112352 0.867118910272374 0.986564817414424
-0.698073003112352 0.867118910272374 0.986564817414424
-0.698073003112352 0.867118910272374 0.986564817414424
-0.698073003112352 0.867118910272374 0.986564817414424
-1.27585424337580 1.16148458584299 1.11388102861810
