1 1 1
1.37196599082066 0.303216470738633 0.968051055804056
1.37196599082066 0.303216470738633 0.968051055804056
1.42753896486894 0.971871328630275 0.896837752568414
1.42753896486894 0.971871328630275 0.896837752568414
1.23964820361580 -0.0994148721207296 0.929536662796158
1.23964820361580 -0.0994148721207296 0.929536662796158
1.23964820361580 -0.0994148721207296 0.929536662796158
0.111828091664204 -0.483103976002367 1.89767362028225
1.35774925930981 0.722284710850602 2.29739767315059
1.65779938748991 2.40461419845473 1.70584669168779
1.65779938748991 2.40461419845473 1.70584669168779
2.48251398530089 2.10288257655460 1.40584710986585
2.1270127910423 1.30953189219479 0.888363256328924
2.1270127910423 1.30953189219479 0.888363256328924
2.1270127910423 1.30953189219479 0.888363256328924
2.1270127910423 1.30953189219479 0.888363256328924
0.317048131435511 1.53236370270836 0.836001506352579
1.69940974146307 2.42558578052787 1.25268840041000
1.69940974146307 2.42558578052787 1.25268840041000
1.21803304826903 2.26163256064342 1.00427158865203
1.30377318953685 1.87439435093155 0.84060415983215
1.30377318953685 1.87439435093155 0.84060415983215
1.30377318953685 1.87439435093155 0.84060415983215
1.30377318953685 1.87439435093155 0.84060415983215
0.567687811811943 0.829942390641008 0.166164520676853
0.854848060791723 1.08657470804717 0.550204330923701
0.854848060791723 1.08657470804717 0.550204330923701
0.854848060791723 1.08657470804717 0.550204330923701
0.854848060791723 1.08657470804717 0.550204330923701
0.854848060791723 1.08657470804717 0.550204330923701
0.928183797011595 1.61190668624394 0.978676845174576
0.928183797011595 1.61190668624394 0.978676845174576
0.897587162860177 1.18912503748444 0.97193300539374
0.897587162860177 1.18912503748444 0.97193300539374
0.048353287623594 2.18376985400577 1.26497758298039
0.048353287623594 2.18376985400577 1.26497758298039
0.048353287623594 2.18376985400577 1.26497758298039
0.048353287623594 2.18376985400577 1.26497758298039
0.048353287623594 2.18376985400577 1.26497758298039
0.048353287623594 2.18376985400577 1.26497758298039
0.048353287623594 2.18376985400577 1.26497758298039
0.048353287623594 2.18376985400577 1.26497758298039
0.755034265109789 1.66859691361431 1.38640001798228
-0.344140641216446 0.469901774140346 0.91329639322622
-0.344140641216446 0.469901774140346 0.91329639322622
-0.0595584610588303 -0.243027925102784 1.22478933173190
-0.128697814867084 0.495616966355946 1.62201644068818
-0.40595509359909 0.375685069844677 1.36169358674432
-0.267486445609798 -0.472999572208664 1.65834065554505
