1 1 1
1.57866270900775 1.61320003046237 0.337173455700550
1.00645517988938 1.25149642370416 0.348556054914170
1.00645517988938 1.25149642370416 0.348556054914170
1.49908159548303 1.19918002704033 1.11187326451545
1.49908159548303 1.19918002704033 1.11187326451545
1.49908159548303 1.19918002704033 1.11187326451545
1.29168863583783 -0.0859419499158633 1.17175258220258
1.29168863583783 -0.0859419499158633 1.17175258220258
1.29168863583783 -0.0859419499158633 1.17175258220258
1.27073716121270 0.476615361073616 1.20066477851846
1.27073716121270 0.476615361073616 1.20066477851846
0.831456723853225 1.41172160979439 1.12205160550907
0.831456723853225 1.41172160979439 1.12205160550907
0.831456723853225 1.41172160979439 1.12205160550907
1.32309152625418 1.95096509914256 0.852931414577387
1.32309152625418 1.95096509914256 0.852931414577387
1.32309152625418 1.95096509914256 0.852931414577387
1.13439853770657 1.67952934741705 0.73116109242283
0.695902056545243 0.693404331705508 0.430493964771945
0.593243057050715 0.187963146380249 1.12112948782800
0.593243057050715 0.187963146380249 1.12112948782800
0.593243057050715 0.187963146380249 1.12112948782800
0.593243057050715 0.187963146380249 1.12112948782800
1.41355002893308 1.46977622110956 0.431939957295058
0.618090872504053 1.25248641886656 0.215213371918071
1.56889109705326 0.839983095874667 0.49412203566143
1.56889109705326 0.839983095874667 0.49412203566143
1.03330640757845 0.605055571555146 0.318258157413333
1.13845679826366 0.314005862957511 1.20875119360606
1.13845679826366 0.314005862957511 1.20875119360606
1.13845679826366 0.314005862957511 1.20875119360606
1.25587138470113 0.460760038449779 1.33564954791149
1.44437013596182 0.186054530694458 1.84804517370392
1.44437013596182 0.186054530694458 1.84804517370392
1.44437013596182 0.186054530694458 1.84804517370392
1.08861514366398 0.175538752288331 1.14562005465291
1.08861514366398 0.175538752288331 1.14562005465291
1.95068455947930 0.941430092892753 0.655128719431026
1.95068455947930 0.941430092892753 0.655128719431026
1.95068455947930 0.941430092892753 0.655128719431026
2.41116205779986 0.760440058153585 0.935172325874243
1.46671173905677 0.871247619008002 0.279793224568008
1.46671173905677 0.871247619008002 0.279793224568008
1.46671173905677 0.871247619008002 0.279793224568008
1.46671173905677 0.871247619008002 0.279793224568008
1.46671173905677 0.871247619008002 0.279793224568008
0.877596093591695 0.917352549381122 0.666163941843789
0.877596093591695 0.917352549381122 0.666163941843789
0.877596093591695 0.917352549381122 0.666163941843789
