1 1 1
1 1 1
1.25974905485236 1.46095543020093 1.81866907300607
1.25974905485236 1.46095543020093 1.81866907300607
1.25974905485236 1.46095543020093 1.81866907300607
1.25974905485236 1.46095543020093 1.81866907300607
0.121009423214386 2.43495707631026 1.64739792288627
0.121009423214386 2.43495707631026 1.64739792288627
1.20669957122947 2.60099000102334 0.904771385008275
1.20669957122947 2.60099000102334 0.904771385008275
1.20669957122947 2.60099000102334 0.904771385008275
0.47521371852175 0.264453754289723 2.18402630342976
0.697772916138129 0.794194419648072 2.48112292848339
0.697772916138129 0.794194419648072 2.48112292848339
0.697772916138129 0.794194419648072 2.48112292848339
0.697772916138129 0.794194419648072 2.48112292848339
1.33106901921727 0.19883148413617 2.24292285351795
1.33106901921727 0.19883148413617 2.24292285351795
1.33106901921727 0.19883148413617 2.24292285351795
1.33106901921727 0.19883148413617 2.24292285351795
0.99668974215345 0.799750567792137 1.65768365085025
0.99668974215345 0.799750567792137 1.65768365085025
0.99668974215345 0.799750567792137 1.65768365085025
-0.410422503254754 1.12079513801051 2.96033400362375
-0.410422503254754 1.12079513801051 2.96033400362375
-0.410422503254754 1.12079513801051 2.96033400362375
-0.410422503254754 1.12079513801051 2.96033400362375
-0.410422503254754 1.12079513801051 2.96033400362375
-0.410422503254754 1.12079513801051 2.96033400362375
-0.410422503254754 1.12079513801051 2.96033400362375
-0.410422503254754 1.12079513801051 2.96033400362375
-0.410422503254754 1.12079513801051 2.96033400362375
0.86961895618712 0.949496027220325 2.07023779970770
-0.803008339907469 -0.0303469484002146 1.92081074751269
-0.803008339907469 -0.0303469484002146 1.92081074751269
1.05247924755186 1.33881295966267 0.831499582659579
-0.831358827981368 0.745635142641671 1.17676642893301
-0.831358827981368 0.745635142641671 1.17676642893301
-0.831358827981368 0.745635142641671 1.17676642893301
-0.831358827981368 0.745635142641671 1.17676642893301
-0.831358827981368 0.745635142641671 1.17676642893301
-0.831358827981368 0.745635142641671 1.17676642893301
-0.831358827981368 0.745635142641671 1.17676642893301
-0.831358827981368 0.745635142641671 1.17676642893301
-0.986144512077853 1.29411248558020 1.40045612423244
-0.986144512077853 1.29411248558020 1.40045612423244
-1.16738724337673 1.70136119774991 1.65687538773323
0.197645567096836 1.74947363635257 1.51228058673443
0.906625197681946 0.197969781740301 1.43588966795042
0.906625197681946 0.197969781740301 1.43588966795042
