1 1 1
1 1 1
1 1 1
1 1 1
1 1 1
1 1 1
1 1 1
0.783588656717823 0.451706959533302 1.56544526250867
0.783588656717823 0.451706959533302 1.56544526250867
0.783588656717823 0.451706959533302 1.56544526250867
0.783588656717823 0.451706959533302 1.56544526250867
1.04313550692433 1.30162106013665 0.179796920825811
2.06830104087381 0.519922637607483 2.21443080239408
2.06830104087381 0.519922637607483 2.21443080239408
0.988182847107862 0.937334839583943 1.03205451645887
0.988182847107862 0.937334839583943 1.03205451645887
0.988182847107862 0.937334839583943 1.03205451645887
0.988182847107862 0.937334839583943 1.03205451645887
0.988182847107862 0.937334839583943 1.03205451645887
0.988182847107862 0.937334839583943 1.03205451645887
0.988182847107862 0.937334839583943 1.03205451645887
0.845878631420173 0.581058058877563 1.01402088517354
0.845878631420173 0.581058058877563 1.01402088517354
-0.226456366840589 1.01343161267686 0.833580741962428
-0.44746835968521 2.24685298816616 1.81773207186587
-0.44746835968521 2.24685298816616 1.81773207186587
-0.44746835968521 2.24685298816616 1.81773207186587
-0.208120492107887 0.797495873190806 2.19944532661622
-0.208120492107887 0.797495873190806 2.19944532661622
-0.208120492107887 0.797495873190806 2.19944532661622
-0.208120492107887 0.797495873190806 2.19944532661622
-0.208120492107887 0.797495873190806 2.19944532661622
-0.208120492107887 0.797495873190806 2.19944532661622
0.273857224045983 -0.283813578020279 1.87469155507346
-0.399128920518219 -0.0908940877539757 1.67012092388292
-0.411524072012768 -0.313991008759264 1.33222924991782
-0.0162344829370829 -0.83090014128779 1.02813978884212
-0.0162344829370829 -0.83090014128779 1.02813978884212
-0.0162344829370829 -0.83090014128779 1.02813978884212
-0.0162344829370829 -0.83090014128779 1.02813978884212
0.176100829192929 -0.0179183736517972 1.98608529900665
0.176100829192929 -0.0179183736517972 1.98608529900665
0.176100829192929 -0.0179183736517972 1.98608529900665
0.176100829192929 -0.0179183736517972 1.98608529900665
0.176100829192929 -0.0179183736517972 1.98608529900665
0.176100829192929 -0.0179183736517972 1.98608529900665
0.176100829192929 -0.0179183736517972 1.98608529900665
0.202919107502315 0.0470333753184829 1.83875231727155
0.202919107502315 0.0470333753184829 1.83875231727155
0.202919107502315 0.0470333753184829 1.83875231727155
