1 1 1
1 1 1
1 1 1
1 1 1
1 1 1
2.23606781760133 1.01967454849486 1.41422295952829
2.39283733406211 1.52295762991447 1.66408385826453
3.14084584255950 1.16675177973269 1.49942875084987
3.14084584255950 1.16675177973269 1.49942875084987
3.05642950974900 0.56173043418594 1.76526561273208
2.27954964124405 0.573082413803367 1.60055813199663
2.27954964124405 0.573082413803367 1.60055813199663
2.45564136463831 1.46797862314785 1.57251577897462
2.45564136463831 1.46797862314785 1.57251577897462
2.45564136463831 1.46797862314785 1.57251577897462
2.45564136463831 1.46797862314785 1.57251577897462
0.958963442788808 1.45677800250948 0.669587846830607
0.958963442788808 1.45677800250948 0.669587846830607
1.01799116816337 1.40045543972526 0.886635734864743
0.836993344198429 0.66844773557493 0.930509296104387
0.271859043655905 -0.286234659311203 1.08483238509692
1.2597476261724 0.0844750790576712 1.34008131168666
1.2597476261724 0.0844750790576712 1.34008131168666
1.2597476261724 0.0844750790576712 1.34008131168666
0.455116824055051 0.494638394283713 0.56813060630729
0.455116824055051 0.494638394283713 0.56813060630729
1.65779387516522 0.391199120345889 1.12106831517624
1.68785913921796 1.08586557626466 1.1749913289326
1.68785913921796 1.08586557626466 1.1749913289326
0.874263977994168 1.03473303889294 0.734435251589443
0.90933099180105 2.06451492543208 0.570366949183419
0.294723613388753 1.31342271235271 0.802059865148155
0.294723613388753 1.31342271235271 0.802059865148155
-0.0357589250505423 0.567951599434645 1.3043865193867
-0.0357589250505423 0.567951599434645 1.3043865193867
-0.352168771349654 0.543575021520662 1.36226520089595
-0.352168771349654 0.543575021520662 1.36226520089595
-0.352168771349654 0.543575021520662 1.36226520089595
-0.091986257786862 -0.595803614226358 1.63378932792161
0.687006590860875 1.05079987777925 1.23449465438772
0.41860810623993 0.699685733294583 1.38887348143011
0.41860810623993 0.699685733294583 1.38887348143011
0.41860810623993 0.699685733294583 1.38887348143011
0.41860810623993 0.699685733294583 1.38887348143011
0.41860810623993 0.699685733294583 1.38887348143011
0.243495084248774 1.01297959403626 1.86276936665065
0.243495084248774 1.01297959403626 1.86276936665065
0.86604069231463 1.8408590639487 1.11554727160340
1.60850107009973 0.842699944330084 1.83535489359774
1.62808821400672 0.69551909027428 1.70934823488963
