1 1 1
1 1 1
1 1 1
1.01908208068956 1.2518873882554 0.8986859253214
0.667016416985042 1.34528479816485 0.942955791364673
0.667016416985042 1.34528479816485 0.942955791364673
0.667016416985042 1.34528479816485 0.942955791364673
0.667016416985042 1.34528479816485 0.942955791364673
0.667016416985042 1.34528479816485 0.942955791364673
0.667016416985042 1.34528479816485 0.942955791364673
0.667016416985042 1.34528479816485 0.942955791364673
0.667016416985042 1.34528479816485 0.942955791364673
0.356477632853373 0.733924840697332 0.559134813885256
0.356477632853373 0.733924840697332 0.559134813885256
0.356477632853373 0.733924840697332 0.559134813885256
1.00169666288160 1.16497042075703 1.31213052209149
1.00169666288160 1.16497042075703 1.31213052209149
1.00169666288160 1.16497042075703 1.31213052209149
0.867985631551127 1.43698174826372 2.12296654448094
0.867985631551127 1.43698174826372 2.12296654448094
0.867985631551127 1.43698174826372 2.12296654448094
0.867985631551127 1.43698174826372 2.12296654448094
0.867985631551127 1.43698174826372 2.12296654448094
1.82131918012284 0.527044530454555 2.45659655573592
1.05703287101354 2.13935186235688 3.61726452460554
1.31811191370543 1.64401398356767 3.50511988372334
1.09426875922910 0.999574849134278 2.69926861800763
1.77917983124449 0.800944187962468 2.98488364038935
1.77917983124449 0.800944187962468 2.98488364038935
1.77917983124449 0.800944187962468 2.98488364038935
1.77917983124449 0.800944187962468 2.98488364038935
1.20999997477721 0.708079830792493 1.56681067676685
1.20999997477721 0.708079830792493 1.56681067676685
0.91844968711059 1.11845509964469 2.02411356732472
-0.422358455710126 0.765170949311524 0.993314737482601
-0.422358455710126 0.765170949311524 0.993314737482601
-0.422358455710126 0.765170949311524 0.993314737482601
-0.672677301465804 0.477447976123284 1.41115366518381
-0.672677301465804 0.477447976123284 1.41115366518381
-0.708121327159086 0.522688851334180 0.947475492394338
-0.826728835248647 0.734146212333158 0.484867670351624
-0.874190839807749 1.35125149069141 1.18362248334764
-0.874190839807749 1.35125149069141 1.18362248334764
-0.874190839807749 1.35125149069141 1.18362248334764
-0.583133990101884 1.83477916531074 1.05693306867100
-0.583133990101884 1.83477916531074 1.05693306867100
-0.583133990101884 1.83477916531074 1.05693306867100
-0.583133990101884 1.83477916531074 1.05693306867100
-0.541750480460508 1.68285311906246 2.29902728682518
-0.541750480460508 1.68285311906246 2.29902728682518
