1 1 1
1 1 1
1 1 1
1.94819125836607 0.974586968839252 1.38901822191804
1.94819125836607 0.974586968839252 1.38901822191804
1.94819125836607 0.974586968839252 1.38901822191804
1.94819125836607 0.974586968839252 1.38901822191804
1.47114261147423 1.19109778886036 0.946510225092507
1.30811066373648 1.33458455325207 0.534937594361832
2.06346271351736 1.73042169616332 1.13656965809253
2.06346271351736 1.73042169616332 1.13656965809253
1.49009797448608 1.57739701102785 1.70523301451597
1.90118177394500 0.95274187540226 0.562514827774034
1.90118177394500 0.95274187540226 0.562514827774034
1.90118177394500 0.95274187540226 0.562514827774034
2.08744577658932 0.819763430899898 0.65977445727569
2.08744577658932 0.819763430899898 0.65977445727569
1.50740603829191 0.775012993844896 1.39749396858532
1.50740603829191 0.775012993844896 1.39749396858532
1.50740603829191 0.775012993844896 1.39749396858532
1.50740603829191 0.775012993844896 1.39749396858532
1.50740603829191 0.775012993844896 1.39749396858532
1.50740603829191 0.775012993844896 1.39749396858532
1.50740603829191 0.775012993844896 1.39749396858532
1.50740603829191 0.775012993844896 1.39749396858532
1.15936302045178 0.99916827805978 1.01644809740722
0.5674418319186 1.58183344034466 0.94033517136379
0.5674418319186 1.58183344034466 0.94033517136379
0.5674418319186 1.58183344034466 0.94033517136379
0.5674418319186 1.58183344034466 0.94033517136379
-0.861796903916547 1.50640700098280 1.24199697959700
-0.861796903916547 1.50640700098280 1.24199697959700
0.0592989730181924 1.48798187566484 2.24654051727294
0.0592989730181924 1.48798187566484 2.24654051727294
0.0592989730181924 1.48798187566484 2.24654051727294
0.0592989730181924 1.48798187566484 2.24654051727294
0.0592989730181924 1.48798187566484 2.24654051727294
0.0609094008037118 1.66148958106081 2.18452472482237
0.107275725415763 2.04092375272599 1.44677360490501
0.657686923927882 2.27048484675056 2.32648527587845
0.657686923927882 2.27048484675056 2.32648527587845
0.657686923927882 2.27048484675056 2.32648527587845
0.639352823347121 1.62475151799858 2.63773930300272
0.639352823347121 1.62475151799858 2.63773930300272
-0.795788176953776 2.19373376210325 2.51932630769773
1.46208367600355 1.44565236344198 2.22277240702001
1.46208367600355 1.44565236344198 2.22277240702001
-0.153265515835151 0.560855548287995 3.19520039827791
-0.0939860167822563 0.352502817744423 3.07303432028706
-0.0939860167822563 0.352502817744423 3.07303432028706
