1 1 1
-0.143952142819444 -0.657546573274277 1.07931983383588
-0.143952142819444 -0.657546573274277 1.07931983383588
-0.303109545254902 -0.03289885794003 2.03624710823805
-0.303109545254902 -0.03289885794003 2.03624710823805
-0.303109545254902 -0.03289885794003 2.03624710823805
0.530792267072143 0.277583004423512 0.345886893809028
1.37538767319152 0.100771323690529 0.273790918753001
1.37538767319152 0.100771323690529 0.273790918753001
2.07500805019308 0.0799888453122173 0.920815353448345
1.89644808177053 -0.296171184263065 1.54216281827950
1.89644808177053 -0.296171184263065 1.54216281827950
2.15837110897696 0.145907341515001 1.93987222020208
1.01702763089028 0.798321252420069 1.09955434408418
1.01702763089028 0.798321252420069 1.09955434408418
1.01702763089028 0.798321252420069 1.09955434408418
1.01702763089028 0.798321252420069 1.09955434408418
1.01702763089028 0.798321252420069 1.09955434408418
1.01702763089028 0.798321252420069 1.09955434408418
1.01702763089028 0.798321252420069 1.09955434408418
1.01702763089028 0.798321252420069 1.09955434408418
1.01702763089028 0.798321252420069 1.09955434408418
0.576355115217937 1.8550728058653 0.98727981053218
-0.34650887968454 1.18466882433336 2.01367538582758
-0.34650887968454 1.18466882433336 2.01367538582758
-0.34650887968454 1.18466882433336 2.01367538582758
-0.34650887968454 1.18466882433336 2.01367538582758
-0.34650887968454 1.18466882433336 2.01367538582758
-0.34650887968454 1.18466882433336 2.01367538582758
-0.34650887968454 1.18466882433336 2.01367538582758
-0.316787034617367 -0.154599864175111 0.782396943838307
-0.316787034617367 -0.154599864175111 0.782396943838307
-0.316787034617367 -0.154599864175111 0.782396943838307
-0.316787034617367 -0.154599864175111 0.782396943838307
-0.316787034617367 -0.154599864175111 0.782396943838307
-0.316787034617367 -0.154599864175111 0.782396943838307
-0.429442640827027 -0.0654019303488036 0.722186926005735
-0.429442640827027 -0.0654019303488036 0.722186926005735
-0.429442640827027 -0.0654019303488036 0.722186926005735
-0.429442640827027 -0.0654019303488036 0.722186926005735
-0.429442640827027 -0.0654019303488036 0.722186926005735
-0.429442640827027 -0.0654019303488036 0.722186926005735
-0.429442640827027 -0.0654019303488036 0.722186926005735
-0.429442640827027 -0.0654019303488036 0.722186926005735
-0.429442640827027 -0.0654019303488036 0.722186926005735
-0.429442640827027 -0.0654019303488036 0.722186926005735
-0.429442640827027 -0.0654019303488036 0.722186926005735
-0.429442640827027 -0.0654019303488036 0.722186926005735
0.267516546006936 1.5205640190034 1.13608823323682
0.267516546006936 1.5205640190034 1.13608823323682
