1 1 1
1 1 1
1 1 1
1 1 1
1 1 1
0.99215268387335 0.838360498400662 1.76552087373435
1.68709685455069 0.784771701733635 2.46950504798841
1.68709685455069 0.784771701733635 2.46950504798841
1.99549816308525 2.5978090134202 2.67164943349459
1.92479777620793 2.60993717699099 2.67357955708877
1.73585126016427 2.82285303355294 2.59570990041574
1.30588870829500 2.67210019441075 1.89502480833975
1.37451212580600 1.29950546215696 1.66267826328262
1.37451212580600 1.29950546215696 1.66267826328262
1.37451212580600 1.29950546215696 1.66267826328262
1.37451212580600 1.29950546215696 1.66267826328262
1.45470248833230 0.836141311201606 1.74308934754495
1.29451014493191 0.945055763842052 1.50724667483125
1.29451014493191 0.945055763842052 1.50724667483125
1.29451014493191 0.945055763842052 1.50724667483125
1.61767056716574 -0.086858762208137 1.70317889167356
0.756290982101 1.04350217520074 1.38627264187375
1.65258545894760 1.70675211626407 1.89904088792762
1.43102889508973 1.80765874148517 2.07533461233827
1.43102889508973 1.80765874148517 2.07533461233827
1.00405504179781 1.03602967860818 2.54298758746493
1.00405504179781 1.03602967860818 2.54298758746493
1.00405504179781 1.03602967860818 2.54298758746493
1.52491287583096 0.792511804497542 1.82873276420831
0.82975451080881 1.7157545205311 1.01382228902866
0.82975451080881 1.7157545205311 1.01382228902866
1.54425087605643 1.63331918997974 1.10249149015052
1.39567946310203 0.596915519903508 0.96511062143151
0.971699515295783 0.627753638877813 1.4806800870627
0.971699515295783 0.627753638877813 1.4806800870627
0.971699515295783 0.627753638877813 1.4806800870627
0.981462748871528 0.294745772507393 1.64300538997964
0.981462748871528 0.294745772507393 1.64300538997964
0.253798007266269 0.606058004685611 1.22688275442694
0.253798007266269 0.606058004685611 1.22688275442694
0.253798007266269 0.606058004685611 1.22688275442694
0.501219719073819 1.17085540037739 1.30763779690670
-0.140569041537644 0.677398240849622 0.831840592186257
1.08889573125579 0.651076031743526 1.10477385290813
1.08889573125579 0.651076031743526 1.10477385290813
1.08889573125579 0.651076031743526 1.10477385290813
1.19752517284642 0.271345708344015 1.89267612434552
1.19752517284642 0.271345708344015 1.89267612434552
1.19752517284642 0.271345708344015 1.89267612434552
1.19752517284642 0.271345708344015 1.89267612434552
