1 1 1
1 1 1
1 1 1
1 1 1
1 1 1
1 1 1
1 1 1
1 1 1
0.985955845032314 1.50231406972228 0.603133723178963
-0.44140357033367 0.934562567162651 1.33597953746603
-0.44140357033367 0.934562567162651 1.33597953746603
-0.44140357033367 0.934562567162651 1.33597953746603
-0.44140357033367 0.934562567162651 1.33597953746603
0.300841493725490 0.603696388757001 1.23641137489260
0.680680539093823 0.201785071852891 2.45717813421022
0.680680539093823 0.201785071852891 2.45717813421022
1.24342340974383 -0.344583291977798 2.44322269790058
1.24342340974383 -0.344583291977798 2.44322269790058
1.24342340974383 -0.344583291977798 2.44322269790058
1.24342340974383 -0.344583291977798 2.44322269790058
-0.125457316913857 0.412574173280158 2.74806734402283
-0.125457316913857 0.412574173280158 2.74806734402283
-0.125457316913857 0.412574173280158 2.74806734402283
-0.125457316913857 0.412574173280158 2.74806734402283
-0.125457316913857 0.412574173280158 2.74806734402283
-0.125457316913857 0.412574173280158 2.74806734402283
-0.75575693754263 0.395138049058641 3.18820592453847
0.538900637276818 0.410734538065172 3.59767519598735
1.09034625670349 0.116661252632360 3.01318335011061
1.09034625670349 0.116661252632360 3.01318335011061
1.09034625670349 0.116661252632360 3.01318335011061
1.09034625670349 0.116661252632360 3.01318335011061
0.185964472173177 0.0741952537232573 2.87410736343623
0.185964472173177 0.0741952537232573 2.87410736343623
-0.5190375825721 0.073421378367397 2.50270278953887
-0.5190375825721 0.073421378367397 2.50270278953887
0.169849269361106 -0.561216360507793 1.76842542018618
0.169849269361106 -0.561216360507793 1.76842542018618
0.840532459136768 0.218712362582875 2.29537824264739
0.606216256595003 0.794575433902295 2.24314394490918
0.606216256595003 0.794575433902295 2.24314394490918
0.606216256595003 0.794575433902295 2.24314394490918
0.288557564242693 1.26622481348648 2.21928692901815
0.288557564242693 1.26622481348648 2.21928692901815
0.288557564242693 1.26622481348648 2.21928692901815
0.288557564242693 1.26622481348648 2.21928692901815
0.288557564242693 1.26622481348648 2.21928692901815
-0.303621027217955 1.26138907480793 2.80917892699283
-0.303621027217955 1.26138907480793 2.80917892699283
-0.303621027217955 1.26138907480793 2.80917892699283
