1 1 1
1 1 1
1 1 1
1 1 1
1 1 1
1 1 1
1 1 1
1 1 1
1 1 1
1 1 1
1 1 1
0.366659147307693 0.418338844677123 1.80778230526055
0.366659147307693 0.418338844677123 1.80778230526055
0.366659147307693 0.418338844677123 1.80778230526055
0.366659147307693 0.418338844677123 1.80778230526055
0.366659147307693 0.418338844677123 1.80778230526055
0.366659147307693 0.418338844677123 1.80778230526055
0.366659147307693 0.418338844677123 1.80778230526055
0.366659147307693 0.418338844677123 1.80778230526055
0.366659147307693 0.418338844677123 1.80778230526055
0.366659147307693 0.418338844677123 1.80778230526055
0.583858996908503 0.431819531463632 2.04994808035845
1.21119771924909 1.13634455720873 2.30061137531533
1.21119771924909 1.13634455720873 2.30061137531533
1.21119771924909 1.13634455720873 2.30061137531533
1.21119771924909 1.13634455720873 2.30061137531533
1.21119771924909 1.13634455720873 2.30061137531533
1.45586506764744 1.89475165357740 2.07449482383648
1.45586506764744 1.89475165357740 2.07449482383648
0.0496237182950632 1.07574636297546 1.83328611553482
0.224752421002735 0.195927209255356 1.46464762859879
0.224752421002735 0.195927209255356 1.46464762859879
0.999904184783409 -0.866519030482432 1.05477295371369
0.999904184783409 -0.866519030482432 1.05477295371369
0.406163190564041 -1.12498371591946 1.47572473492983
-0.341653384235916 -0.748225466323937 1.15217504654247
-0.723428935998973 -0.188944863487782 1.25443483575628
-0.723428935998973 -0.188944863487782 1.25443483575628
-0.723428935998973 -0.188944863487782 1.25443483575628
-0.723428935998973 -0.188944863487782 1.25443483575628
-0.668619438589158 -0.677066741837404 0.946525301224138
-0.668619438589158 -0.677066741837404 0.946525301224138
-0.668619438589158 -0.677066741837404 0.946525301224138
-0.185788623164755 -0.335206586910141 0.720918685911882
-0.185788623164755 -0.335206586910141 0.720918685911882
-1.13942993777927 -0.47098939341072 0.979253677800907
-1.13942993777927 -0.47098939341072 0.979253677800907
-0.626359320792285 -0.726164385744141 0.277634121316134
-0.557471163907685 0.590533689563635 0.859487819405829
-0.557471163907685 0.590533689563635 0.859487819405829
