1 1 1
1 1 1
-1.65597919203701 1.71725578700576 1.63423052647008
-1.72687199758754 1.36764714621348 0.508862975198271
-2.08019890209803 1.21294242690403 0.117426553811136
0.946310801476362 1.71679469218522 0.884378606722535
1.27115901878276 2.15989615794727 1.13511288489947
1.27115901878276 2.15989615794727 1.13511288489947
0.124405593493757 1.41235586673635 1.13450644287214
0.908669478429724 1.12325925058116 1.37790308847895
0.908669478429724 1.12325925058116 1.37790308847895
-0.291833121119234 2.16542216920832 1.30144042039852
-0.291833121119234 2.16542216920832 1.30144042039852
-0.291833121119234 2.16542216920832 1.30144042039852
-0.291833121119234 2.16542216920832 1.30144042039852
-0.291833121119234 2.16542216920832 1.30144042039852
-0.291833121119234 2.16542216920832 1.30144042039852
-0.291833121119234 2.16542216920832 1.30144042039852
-0.291833121119234 2.16542216920832 1.30144042039852
-0.291833121119234 2.16542216920832 1.30144042039852
-0.291833121119234 2.16542216920832 1.30144042039852
0.142876634270150 1.91387967543486 1.96472893126244
1.19903529386733 1.29391547278627 2.38242586419309
1.19903529386733 1.29391547278627 2.38242586419309
1.23138095766178 0.41215312868452 1.44730343477457
1.23138095766178 0.41215312868452 1.44730343477457
1.23138095766178 0.41215312868452 1.44730343477457
1.23138095766178 0.41215312868452 1.44730343477457
1.23138095766178 0.41215312868452 1.44730343477457
0.944120858087849 0.443677501218536 0.92914500537113
0.944120858087849 0.443677501218536 0.92914500537113
0.944120858087849 0.443677501218536 0.92914500537113
0.944120858087849 0.443677501218536 0.92914500537113
0.944120858087849 0.443677501218536 0.92914500537113
0.767388231516595 0.0124280645640111 0.260309240470330
0.767388231516595 0.0124280645640111 0.260309240470330
2.28426273154690 0.540062570339818 0.798280431382435
-0.371397926856442 0.514155351931581 1.80357650628026
-0.371397926856442 0.514155351931581 1.80357650628026
-0.371397926856442 0.514155351931581 1.80357650628026
-0.371397926856442 0.514155351931581 1.80357650628026
-0.232902846923565 0.149003883210984 2.70624357316601
-0.232902846923565 0.149003883210984 2.70624357316601
-0.232902846923565 0.149003883210984 2.70624357316601
-0.232902846923565 0.149003883210984 2.70624357316601
-0.232902846923565 0.149003883210984 2.70624357316601
-0.627039649515248 -0.234221149254701 2.49529365211961
0.240947817595815 -0.149795850008749 0.909362234503852
0.240947817595815 -0.149795850008749 0.909362234503852
1.40711277970632 0.373639422334578 1.41767433007218
