1 1 1
0.430792481104111 1.49540245801401 0.901840510925522
0.430792481104111 1.49540245801401 0.901840510925522
0.483159158089829 0.219840684001535 0.835133281581925
1.06832312569958 1.33660773891959 1.14414025496881
1.06832312569958 1.33660773891959 1.14414025496881
1.06832312569958 1.33660773891959 1.14414025496881
1.72720065116991 1.31528279124103 1.46142066045278
1.74016893885524 2.26668777769671 1.32181436338518
1.74016893885524 2.26668777769671 1.32181436338518
1.74016893885524 2.26668777769671 1.32181436338518
1.74016893885524 2.26668777769671 1.32181436338518
0.742464890168051 1.54048704345891 1.69109245407209
1.96942051086582 0.83319911605245 1.90283049178135
1.35178494019138 1.24852214098130 1.77751045952331
1.95128396430490 -0.0222784691085727 1.76216730885177
1.95128396430490 -0.0222784691085727 1.76216730885177
1.95128396430490 -0.0222784691085727 1.76216730885177
1.69198185890339 0.683066057191003 1.20310537869844
1.54730410624632 1.12037931512446 1.36210722223540
1.54730410624632 1.12037931512446 1.36210722223540
1.09694590075700 -0.371829463459636 1.30220372785140
1.09694590075700 -0.371829463459636 1.30220372785140
1.75868692890161 -0.021603017336537 1.57538372180528
2.29343618397882 2.37416774645913 1.30746309456101
0.183660594020548 -0.537000415619512 1.28656592637193
0.183660594020548 -0.537000415619512 1.28656592637193
0.183660594020548 -0.537000415619512 1.28656592637193
0.139821796876285 -0.331857031818091 1.01167518581834
2.04294781071848 0.628903325856354 1.27104181579320
2.04294781071848 0.628903325856354 1.27104181579320
2.04294781071848 0.628903325856354 1.27104181579320
1.0025284075081 0.0264350074130036 1.36671089147120
1.0025284075081 0.0264350074130036 1.36671089147120
1.41337215418358 1.48460219164306 1.24275331371647
1.41337215418358 1.48460219164306 1.24275331371647
1.41337215418358 1.48460219164306 1.24275331371647
1.35510651500173 1.33775126401079 1.37406453389551
0.792505891883238 -0.672949062692238 1.40557595196485
0.792505891883238 -0.672949062692238 1.40557595196485
0.764094471094563 -0.635183119881543 1.54207220314465
0.942442901597008 -0.278706702909309 1.90116840721906
0.795356180493554 0.240421733573617 2.12179123939529
0.885946757874308 -0.0686476838165777 1.65099289635640
0.153636346196638 0.709195648336075 1.23738575657015
0.153636346196638 0.709195648336075 1.23738575657015
1.03913983107068 -0.0721564147976475 1.42018492036469
1.03913983107068 -0.0721564147976475 1.42018492036469
0.824323891168357 1.42709549551409 1.37030579805454
0.889573520084743 1.45645439212676 1.60727339546436
