1 1 1
1 1 1
1 1 1
0.648049418052195 0.180174794844319 1.24205709208454
0.705775078334701 1.04417958442190 0.942161787006947
0.705775078334701 1.04417958442190 0.942161787006947
0.97324539635128 1.50590594460539 1.39708146872996
0.97324539635128 1.50590594460539 1.39708146872996
0.97324539635128 1.50590594460539 1.39708146872996
0.97324539635128 1.50590594460539 1.39708146872996
0.97324539635128 1.50590594460539 1.39708146872996
0.664874195126277 2.23239506815258 1.11448573161761
0.664874195126277 2.23239506815258 1.11448573161761
0.664874195126277 2.23239506815258 1.11448573161761
0.75406085231641 2.2695989134143 1.79138353358640
0.75406085231641 2.2695989134143 1.79138353358640
0.75406085231641 2.2695989134143 1.79138353358640
0.75406085231641 2.2695989134143 1.79138353358640
0.440238867039786 1.83159698894766 1.45519905903516
0.440238867039786 1.83159698894766 1.45519905903516
0.440238867039786 1.83159698894766 1.45519905903516
0.440238867039786 1.83159698894766 1.45519905903516
0.440238867039786 1.83159698894766 1.45519905903516
0.440238867039786 1.83159698894766 1.45519905903516
0.440238867039786 1.83159698894766 1.45519905903516
0.440238867039786 1.83159698894766 1.45519905903516
0.440238867039786 1.83159698894766 1.45519905903516
0.440238867039786 1.83159698894766 1.45519905903516
0.440238867039786 1.83159698894766 1.45519905903516
-0.197056138672208 1.53397317495454 1.36535828379164
-0.197056138672208 1.53397317495454 1.36535828379164
-0.197056138672208 1.53397317495454 1.36535828379164
-0.197056138672208 1.53397317495454 1.36535828379164
0.271953025353924 1.27028218714616 2.28910984051819
0.271953025353924 1.27028218714616 2.28910984051819
-0.110906193429604 1.15231028740713 1.82589641808232
-0.110906193429604 1.15231028740713 1.82589641808232
-0.110906193429604 1.15231028740713 1.82589641808232
-0.110906193429604 1.15231028740713 1.82589641808232
-0.110906193429604 1.15231028740713 1.82589641808232
-0.111766228342819 -0.0490299166077275 2.20056508082148
-0.111766228342819 -0.0490299166077275 2.20056508082148
-0.111766228342819 -0.0490299166077275 2.20056508082148
-0.111766228342819 -0.0490299166077275 2.20056508082148
-0.111766228342819 -0.0490299166077275 2.20056508082148
-1.16561464986261 0.103591638469198 1.79449679712993
-1.16561464986261 0.103591638469198 1.79449679712993
-0.213410498501508 1.96684604668499 2.49775438912922
-0.213410498501508 1.96684604668499 2.49775438912922
-0.213410498501508 1.96684604668499 2.49775438912922
