1 1 1
1 1 1
1 1 1
1.97287270565160 0.448057326473261 0.285600060151436
1.97287270565160 0.448057326473261 0.285600060151436
1.97287270565160 0.448057326473261 0.285600060151436
1.97287270565160 0.448057326473261 0.285600060151436
1.97287270565160 0.448057326473261 0.285600060151436
1.97287270565160 0.448057326473261 0.285600060151436
1.97287270565160 0.448057326473261 0.285600060151436
2.30297411696730 0.875373009792037 1.20112347096809
1.03330051830352 1.11719796957319 2.39406261478720
0.709126367688526 1.71540850123159 2.51855105482496
0.709126367688526 1.71540850123159 2.51855105482496
0.709126367688526 1.71540850123159 2.51855105482496
0.709126367688526 1.71540850123159 2.51855105482496
0.709126367688526 1.71540850123159 2.51855105482496
1.79199339220960 1.73170929356858 2.46463602677246
1.79199339220960 1.73170929356858 2.46463602677246
1.79199339220960 1.73170929356858 2.46463602677246
1.79199339220960 1.73170929356858 2.46463602677246
1.79199339220960 1.73170929356858 2.46463602677246
1.79199339220960 1.73170929356858 2.46463602677246
2.53529582677979 1.84980376933828 2.03412548960700
2.53529582677979 1.84980376933828 2.03412548960700
2.53529582677979 1.84980376933828 2.03412548960700
2.53529582677979 1.84980376933828 2.03412548960700
2.53529582677979 1.84980376933828 2.03412548960700
2.53529582677979 1.84980376933828 2.03412548960700
2.53529582677979 1.84980376933828 2.03412548960700
1.03785568096765 1.41781334922458 3.69441831032793
1.09691697572088 1.71939017977102 2.87300517161761
1.09691697572088 1.71939017977102 2.87300517161761
1.09691697572088 1.71939017977102 2.87300517161761
1.09691697572088 1.71939017977102 2.87300517161761
1.09691697572088 1.71939017977102 2.87300517161761
1.81064197813635 0.568880560445567 3.20728236756259
1.81064197813635 0.568880560445567 3.20728236756259
1.81064197813635 0.568880560445567 3.20728236756259
1.14999165350325 1.26924569623557 3.25947981045078
1.14999165350325 1.26924569623557 3.25947981045078
1.14999165350325 1.26924569623557 3.25947981045078
1.14999165350325 1.26924569623557 3.25947981045078
1.14999165350325 1.26924569623557 3.25947981045078
2.46465784173575 0.137213207618186 2.07601643662442
2.46465784173575 0.137213207618186 2.07601643662442
1.65765434082452 -0.806250007410632 2.45707000568488
1.65765434082452 -0.806250007410632 2.45707000568488
2.04468789280284 -0.83454993066901 1.74485847243227
2.04468789280284 -0.83454993066901 1.74485847243227
