1 1 1
0.110018709281011 1.12716685941403 2.37057858546087
0.110018709281011 1.12716685941403 2.37057858546087
0.110018709281011 1.12716685941403 2.37057858546087
0.110018709281011 1.12716685941403 2.37057858546087
0.110018709281011 1.12716685941403 2.37057858546087
0.110018709281011 1.12716685941403 2.37057858546087
0.110018709281011 1.12716685941403 2.37057858546087
0.110018709281011 1.12716685941403 2.37057858546087
1.58728288895548 0.233433773447859 2.44447913515431
1.58728288895548 0.233433773447859 2.44447913515431
1.58728288895548 0.233433773447859 2.44447913515431
0.486033228176006 -0.752828959645752 1.22194919417378
0.486033228176006 -0.752828959645752 1.22194919417378
1.87034191623436 0.741156672032923 0.189021523511404
1.87034191623436 0.741156672032923 0.189021523511404
1.87034191623436 0.741156672032923 0.189021523511404
1.26518405527531 -0.562663635926692 0.283747067993788
1.26518405527531 -0.562663635926692 0.283747067993788
0.418537540296666 1.98122887376877 3.14499494692654
0.418537540296666 1.98122887376877 3.14499494692654
0.418537540296666 1.98122887376877 3.14499494692654
0.418537540296666 1.98122887376877 3.14499494692654
1.09761798208674 1.71846970952907 2.45173809348855
1.1730412791465 2.70261289901444 2.26279387546492
1.1730412791465 2.70261289901444 2.26279387546492
0.668404184978053 2.64627947374061 1.7553427928248
0.668404184978053 2.64627947374061 1.7553427928248
0.668404184978053 2.64627947374061 1.7553427928248
0.668404184978053 2.64627947374061 1.7553427928248
0.668404184978053 2.64627947374061 1.7553427928248
0.668404184978053 2.64627947374061 1.7553427928248
-0.278190986151973 2.14469844888132 2.02563684562569
-0.278190986151973 2.14469844888132 2.02563684562569
-0.278190986151973 2.14469844888132 2.02563684562569
-0.278190986151973 2.14469844888132 2.02563684562569
-0.422469397210757 2.27966021014080 1.23956821858045
-1.47990896774784 1.29939571492804 1.25831132651173
-1.47990896774784 1.29939571492804 1.25831132651173
-1.47990896774784 1.29939571492804 1.25831132651173
-1.47990896774784 1.29939571492804 1.25831132651173
-1.47990896774784 1.29939571492804 1.25831132651173
-1.47990896774784 1.29939571492804 1.25831132651173
-1.47990896774784 1.29939571492804 1.25831132651173
-1.47990896774784 1.29939571492804 1.25831132651173
-1.47990896774784 1.29939571492804 1.25831132651173
-1.47990896774784 1.29939571492804 1.25831132651173
-1.47990896774784 1.29939571492804 1.25831132651173
-1.47990896774784 1.29939571492804 1.25831132651173
-1.47990896774784 1.29939571492804 1.25831132651173
