1 1 1
1 1 1
0.516743446867338 -0.0938649205012396 0.272475767634528
0.516743446867338 -0.0938649205012396 0.272475767634528
0.516743446867338 -0.0938649205012396 0.272475767634528
0.516743446867338 -0.0938649205012396 0.272475767634528
0.297706436562756 0.590828601734869 0.736026470822216
-0.454008316178429 0.0538365774944206 0.762182101924781
-1.05446592346507 0.345246803598249 0.818494663453754
-0.792844613615942 1.10258014138129 1.50290123041786
-0.570387311922102 1.44913483660475 1.17788074341325
-0.570387311922102 1.44913483660475 1.17788074341325
-0.570387311922102 1.44913483660475 1.17788074341325
-0.570387311922102 1.44913483660475 1.17788074341325
-0.570387311922102 1.44913483660475 1.17788074341325
-1.54367066303098 1.07661339733846 1.71339967967319
-1.0414046179175 1.51822844914257 1.21535966301705
-1.0414046179175 1.51822844914257 1.21535966301705
-0.324964502655259 1.52408207031405 1.13874537428829
-0.697889575211796 0.438605697011534 0.625465498341866
-0.697889575211796 0.438605697011534 0.625465498341866
-0.585265638903546 0.712044957195422 0.0311656963623950
-1.11038339989682 1.79859058901786 -0.0359242480232733
-0.969918442756684 2.42070112088485 0.360459178950422
-0.969918442756684 2.42070112088485 0.360459178950422
-0.969918442756684 2.42070112088485 0.360459178950422
-0.969918442756684 2.42070112088485 0.360459178950422
-0.969918442756684 2.42070112088485 0.360459178950422
-0.969918442756684 2.42070112088485 0.360459178950422
0.0212669424159364 2.47743332996155 0.55270996716078
0.0212669424159364 2.47743332996155 0.55270996716078
0.0212669424159364 2.47743332996155 0.55270996716078
0.0212669424159364 2.47743332996155 0.55270996716078
-1.08567893591200 2.59549411803813 0.883836958167003
-0.0348147369587155 1.95903431346503 0.775314221014297
-0.0348147369587155 1.95903431346503 0.775314221014297
0.494019453806227 2.03779280650915 1.15894364559889
0.494019453806227 2.03779280650915 1.15894364559889
0.494019453806227 2.03779280650915 1.15894364559889
0.494019453806227 2.03779280650915 1.15894364559889
0.494019453806227 2.03779280650915 1.15894364559889
1.23109983379648 1.90112305268994 1.31987848897486
0.231009233377967 1.98479782853593 0.736341564363511
0.231009233377967 1.98479782853593 0.736341564363511
0.167218735477474 1.58173087574466 0.79042137337594
1.09421863242422 1.83546968702365 1.4785994015308
1.09421863242422 1.83546968702365 1.4785994015308
1.09421863242422 1.83546968702365 1.4785994015308
0.440277098540395 1.12794724075965 1.75400361872502
0.440277098540395 1.12794724075965 1.75400361872502
