1 1 1
1 1 1
1 1 1
1.22909095033339 1.07291184468678 1.03407592873737
1.22909095033339 1.07291184468678 1.03407592873737
1.22909095033339 1.07291184468678 1.03407592873737
0.299671324642124 1.17396800007368 0.94354119012755
0.509016585059305 1.55593220391761 1.96675901717186
0.509016585059305 1.55593220391761 1.96675901717186
0.509016585059305 1.55593220391761 1.96675901717186
0.509016585059305 1.55593220391761 1.96675901717186
0.0610432323084883 1.70583266179625 0.988959397486633
-0.465626975870868 1.49055385685700 -0.645444335120039
-0.465626975870868 1.49055385685700 -0.645444335120039
-0.465626975870868 1.49055385685700 -0.645444335120039
-0.465626975870868 1.49055385685700 -0.645444335120039
-0.465626975870868 1.49055385685700 -0.645444335120039
0.202653466088311 3.07085805067853 0.194947443377839
0.367276979299324 3.19238203997166 -0.109792862555164
0.367276979299324 3.19238203997166 -0.109792862555164
0.367276979299324 3.19238203997166 -0.109792862555164
0.977952307538412 3.0744323415814 -0.00466801685791651
0.60059221001221 1.67356471731467 -0.359298358123785
0.60059221001221 1.67356471731467 -0.359298358123785
1.24897942530969 2.63138653129809 0.75195392719752
0.95589029197256 0.409630557177254 0.392795434133582
0.0344197829101945 -0.598395507750122 0.795970405024728
0.0344197829101945 -0.598395507750122 0.795970405024728
0.346120036741736 -0.71183858579006 2.30718655919208
0.346120036741736 -0.71183858579006 2.30718655919208
0.907049360657778 1.03972825963882 2.78738620781645
0.907049360657778 1.03972825963882 2.78738620781645
0.907049360657778 1.03972825963882 2.78738620781645
0.907049360657778 1.03972825963882 2.78738620781645
0.907049360657778 1.03972825963882 2.78738620781645
0.365820812210518 0.484569869722625 2.14747611378189
0.365820812210518 0.484569869722625 2.14747611378189
0.57145476143246 -0.25922189205054 1.35873579140193
0.57145476143246 -0.25922189205054 1.35873579140193
0.57145476143246 -0.25922189205054 1.35873579140193
0.0719794561371727 -0.415202518126146 0.888976850142267
0.0719794561371727 -0.415202518126146 0.888976850142267
0.0719794561371727 -0.415202518126146 0.888976850142267
0.0719794561371727 -0.415202518126146 0.888976850142267
0.0719794561371727 -0.415202518126146 0.888976850142267
-0.162761380658206 -1.29400175833538 1.57896557863645
-0.222623310765062 -1.07880583308348 1.32939698018407
-0.222623310765062 -1.07880583308348 1.32939698018407
-0.222623310765062 -1.07880583308348 1.32939698018407
-0.222623310765062 -1.07880583308348 1.32939698018407
