1 1 1
0.247009820672388 0.760440369754321 0.869613004331076
0.247009820672388 0.760440369754321 0.869613004331076
0.547718706761225 1.18197632451795 0.947177211177436
0.382307481207178 1.08793822270588 0.37743189147604
0.382307481207178 1.08793822270588 0.37743189147604
0.382307481207178 1.08793822270588 0.37743189147604
0.382307481207178 1.08793822270588 0.37743189147604
0.592529392059592 0.24253178717492 0.491931898171851
1.41547040639933 0.202446614311731 0.845483142365593
-0.904837575153055 0.549471695974633 1.34257310134087
-0.904837575153055 0.549471695974633 1.34257310134087
-0.893957542410254 0.298359990873553 1.68247553433799
-0.893957542410254 0.298359990873553 1.68247553433799
-0.893957542410254 0.298359990873553 1.68247553433799
-0.42598490308542 -0.303435885543646 1.79557072940382
0.0200253060331939 0.0578305840643978 1.62333255679678
0.0200253060331939 0.0578305840643978 1.62333255679678
0.0200253060331939 0.0578305840643978 1.62333255679678
1.41728245607451 1.38256549265253 1.65174937156036
1.41728245607451 1.38256549265253 1.65174937156036
0.97840055399392 0.996422853434771 1.97711066985667
0.617944252735573 0.515402923306529 2.33983245164754
0.617944252735573 0.515402923306529 2.33983245164754
0.617944252735573 0.515402923306529 2.33983245164754
0.64883917767549 0.406940824130078 2.28622383216075
0.64883917767549 0.406940824130078 2.28622383216075
1.89380819833363 2.44440406389102 1.68953128458127
1.36451354079916 1.95616515730729 1.90741677003865
1.36451354079916 1.95616515730729 1.90741677003865
1.19432402679661 1.34753201950933 1.71790064757874
-0.890089602305248 -1.09851299704283 0.875791179456061
-0.890089602305248 -1.09851299704283 0.875791179456061
-0.890089602305248 -1.09851299704283 0.875791179456061
-0.890089602305248 -1.09851299704283 0.875791179456061
-0.268805511469435 -0.202832082985220 1.05384642028562
-0.268805511469435 -0.202832082985220 1.05384642028562
-0.268805511469435 -0.202832082985220 1.05384642028562
-0.268805511469435 -0.202832082985220 1.05384642028562
-0.268805511469435 -0.202832082985220 1.05384642028562
-0.424107128857713 0.92366077036827 0.556214761650284
-0.424107128857713 0.92366077036827 0.556214761650284
-0.678726269993647 -0.68256622226452 1.22728887376029
-0.678726269993647 -0.68256622226452 1.22728887376029
-0.678726269993647 -0.68256622226452 1.22728887376029
-0.678726269993647 -0.68256622226452 1.22728887376029
-0.678726269993647 -0.68256622226452 1.22728887376029
-0.459388275805045 -0.632550570050952 1.21644343476739
-0.459388275805045 -0.632550570050952 1.21644343476739
-0.459388275805045 -0.632550570050952 1.21644343476739
