1 1 1
1 1 1
1 1 1
1 1 1
1.2166564330671 0.683485022570111 1.36230128836439
1.22556211979837 0.910382121823446 2.17495484635079
1.22556211979837 0.910382121823446 2.17495484635079
1.22556211979837 0.910382121823446 2.17495484635079
1.35960322205720 1.08455376369823 2.26161593433554
0.673770188207702 0.615753601196205 2.49534441728756
0.673770188207702 0.615753601196205 2.49534441728756
0.673770188207702 0.615753601196205 2.49534441728756
0.629800972333146 1.39894115767501 2.05665912470307
-0.505397142060299 0.930842023295471 2.36679922609249
-0.147177869366021 0.956700000932668 2.36632729330953
-0.147177869366021 0.956700000932668 2.36632729330953
-0.163976482407980 0.392504305493942 2.80659926162046
0.527497658544153 0.591645073016588 2.43166866640624
0.708972956655459 1.09879564739370 2.20798771708987
0.708972956655459 1.09879564739370 2.20798771708987
0.708972956655459 1.09879564739370 2.20798771708987
0.387761293920478 1.6482856322644 2.34212251621741
0.078268382926094 1.49564041546893 1.79239132583681
-0.275305191568958 1.26439905724780 1.72532004657896
-0.250363680583387 0.950070130693823 2.31798451037843
-0.250363680583387 0.950070130693823 2.31798451037843
-0.250363680583387 0.950070130693823 2.31798451037843
0.220632590665997 1.12026216165767 2.17275573577662
0.220632590665997 1.12026216165767 2.17275573577662
0.434737477040572 0.752568077716849 2.47478581707959
0.434737477040572 0.752568077716849 2.47478581707959
0.925508401202934 0.791450084130053 1.98420348513234
0.925508401202934 0.791450084130053 1.98420348513234
0.925508401202934 0.791450084130053 1.98420348513234
-0.174314847439762 0.0878661158724044 2.05100485074765
-0.174314847439762 0.0878661158724044 2.05100485074765
0.0870207796635715 0.556309818557756 1.13052250847167
0.0243799076908418 0.318796137683096 1.64691860891112
-0.203835697283036 0.413828614527825 1.81471951445896
-1.08550795339457 1.39587652812388 2.14170884313117
-0.326693063015788 1.77868671429603 1.76204742208541
-0.326693063015788 1.77868671429603 1.76204742208541
-0.326693063015788 1.77868671429603 1.76204742208541
-0.320783031976458 1.59132960585076 1.96385815005213
-0.247311887730861 1.32299787513867 1.69643692170180
-0.539669423972479 1.20044846738873 1.33217751747784
-0.539669423972479 1.20044846738873 1.33217751747784
-0.814275561556001 0.346275050937247 2.29698534507903
-0.814275561556001 0.346275050937247 2.29698534507903
-0.814275561556001 0.346275050937247 2.29698534507903
