1 1 1
1.39091521299025 1.08032852164424 1.39445998115531
1.39091521299025 1.08032852164424 1.39445998115531
1.56956736782812 1.81004873584813 1.02003030542139
1.56956736782812 1.81004873584813 1.02003030542139
1.56956736782812 1.81004873584813 1.02003030542139
1.56956736782812 1.81004873584813 1.02003030542139
1.56956736782812 1.81004873584813 1.02003030542139
1.83110150365822 2.2914525057723 0.975060870661254
1.83110150365822 2.2914525057723 0.975060870661254
1.83110150365822 2.2914525057723 0.975060870661254
1.83110150365822 2.2914525057723 0.975060870661254
2.6994199218773 1.95860316166323 0.0987570318683777
2.6994199218773 1.95860316166323 0.0987570318683777
1.60635799263264 1.83874001221324 0.317175212878122
1.60635799263264 1.83874001221324 0.317175212878122
1.70211134826811 1.74050179386608 1.40047993988364
1.70211134826811 1.74050179386608 1.40047993988364
1.88542357730285 1.02258160225535 2.25207638654937
1.87149319744820 1.56129586917166 1.53047448133583
2.25049919520192 1.82210558868827 1.45961716920088
2.06977914371679 0.639548626715616 2.08946684001657
1.89051648292592 1.89165111698812 1.38602081210113
1.89051648292592 1.89165111698812 1.38602081210113
1.89051648292592 1.89165111698812 1.38602081210113
1.13911989618746 2.21536848388242 1.72869244720263
0.618471721900151 1.69424553420834 1.29248886199127
0.570356084982421 1.52270300689584 2.01904116053207
0.570356084982421 1.52270300689584 2.01904116053207
0.570356084982421 1.52270300689584 2.01904116053207
1.23516403307066 2.32303771721593 0.343264344993231
1.23516403307066 2.32303771721593 0.343264344993231
1.23516403307066 2.32303771721593 0.343264344993231
0.793452216506737 1.41602134162036 0.899097984390023
0.612065907721666 1.88194401716929 1.26987576253036
0.525237693944999 1.90660028443434 1.33927706372144
0.525237693944999 1.90660028443434 1.33927706372144
0.525237693944999 1.90660028443434 1.33927706372144
0.760903232257525 2.09605146550679 0.96334367301074
0.197412566196186 2.60230812641816 1.20433292064967
0.197412566196186 2.60230812641816 1.20433292064967
-0.97448434869853 2.28551523929641 1.54515907161446
-0.97448434869853 2.28551523929641 1.54515907161446
-0.487783929929535 2.57833257613089 1.49050936746654
-0.487783929929535 2.57833257613089 1.49050936746654
-0.282522812300912 2.08608068232682 2.19777295149258
-0.282522812300912 2.08608068232682 2.19777295149258
-0.355354348570271 2.40243054639818 1.30386995645291
-0.355354348570271 2.40243054639818 1.30386995645291
-0.587609025804959 0.750043097323543 1.11170064033246
