1 1 1
1 1 1
1 1 1
1 1 1
1.40167262590377 0.255301471649741 1.42490074744359
1.51625783509455 0.868880312158297 1.42712549676321
1.51625783509455 0.868880312158297 1.42712549676321
0.761280977118845 1.13716868149893 0.864515843016816
1.12874950998810 1.15517665384567 0.70615859373282
1.12874950998810 1.15517665384567 0.70615859373282
1.12874950998810 1.15517665384567 0.70615859373282
1.12874950998810 1.15517665384567 0.70615859373282
0.935134999709348 0.765503150012363 0.881091110779366
0.372712200783268 1.03070810119331 1.64274511830683
0.372712200783268 1.03070810119331 1.64274511830683
0.984615585490394 1.22890216622511 0.758154921473897
0.984615585490394 1.22890216622511 0.758154921473897
0.984615585490394 1.22890216622511 0.758154921473897
0.984615585490394 1.22890216622511 0.758154921473897
0.55623537077466 0.791393929710529 0.692111520220749
0.55623537077466 0.791393929710529 0.692111520220749
0.55623537077466 0.791393929710529 0.692111520220749
0.55623537077466 0.791393929710529 0.692111520220749
0.55623537077466 0.791393929710529 0.692111520220749
-0.269357654871566 1.04265706418510 1.4659894360386
0.0689242665175131 1.6436880790505 0.63163989644353
0.0689242665175131 1.6436880790505 0.63163989644353
0.417519927770621 1.78995554849479 0.866031966189272
0.417519927770621 1.78995554849479 0.866031966189272
-0.432180892720151 1.69672375551944 1.51913108355394
-0.432180892720151 1.69672375551944 1.51913108355394
0.464522534036146 1.67922889002170 1.15152427630851
0.464522534036146 1.67922889002170 1.15152427630851
0.464522534036146 1.67922889002170 1.15152427630851
0.464522534036146 1.67922889002170 1.15152427630851
0.785357449350835 0.576610478297075 0.798723825090701
0.785357449350835 0.576610478297075 0.798723825090701
0.785357449350835 0.576610478297075 0.798723825090701
0.785357449350835 0.576610478297075 0.798723825090701
-0.74742016390379 0.915316017264214 0.76953890532081
-0.978164046809135 0.214666113639298 0.760020568661791
-0.978164046809135 0.214666113639298 0.760020568661791
-0.978164046809135 0.214666113639298 0.760020568661791
-0.949122263099692 2.03986492759117 0.673693914821942
-0.291686728485339 3.01634140360094 1.37025729943993
-0.291686728485339 3.01634140360094 1.37025729943993
-0.291686728485339 3.01634140360094 1.37025729943993
-0.654990700386803 0.969408556324585 1.29111703609127
-0.654990700386803 0.969408556324585 1.29111703609127
-0.654990700386803 0.969408556324585 1.29111703609127
