1 1 1
1 1 1
1 1 1
0.612468193380968 0.577716058301777 1.21732793335026
0.612468193380968 0.577716058301777 1.21732793335026
0.612468193380968 0.577716058301777 1.21732793335026
0.612468193380968 0.577716058301777 1.21732793335026
0.612468193380968 0.577716058301777 1.21732793335026
0.612468193380968 0.577716058301777 1.21732793335026
0.612468193380968 0.577716058301777 1.21732793335026
1.82902397253811 0.410243981628339 1.11527020008545
1.23600025056222 0.527585971129834 0.889833887123936
0.892104558658124 0.593777154413483 0.20625465103936
0.892104558658124 0.593777154413483 0.20625465103936
0.892104558658124 0.593777154413483 0.20625465103936
0.892104558658124 0.593777154413483 0.20625465103936
-0.771836408168462 0.611345307265999 -0.0285627410430266
-0.689640933729442 1.08099396902327 0.791833755303083
-0.700669131825375 0.800039334113301 0.584258819571942
-0.700669131825375 0.800039334113301 0.584258819571942
-0.700669131825375 0.800039334113301 0.584258819571942
-0.700669131825375 0.800039334113301 0.584258819571942
-1.18095132621796 1.56432110755498 1.02062221194064
-1.18095132621796 1.56432110755498 1.02062221194064
0.349124080249085 1.39657736896806 0.956326968700512
0.128390422074598 0.795800630925347 1.61453039967392
0.128390422074598 0.795800630925347 1.61453039967392
0.128390422074598 0.795800630925347 1.61453039967392
0.128390422074598 0.795800630925347 1.61453039967392
0.128390422074598 0.795800630925347 1.61453039967392
0.128390422074598 0.795800630925347 1.61453039967392
0.727851319607312 1.05446616089231 1.40327674682445
-0.0878345113239652 0.93557600343771 1.23390565572876
-0.0878345113239652 0.93557600343771 1.23390565572876
-0.0878345113239652 0.93557600343771 1.23390565572876
-0.0878345113239652 0.93557600343771 1.23390565572876
0.65984882917144 1.44805707638203 0.836449859926914
0.65984882917144 1.44805707638203 0.836449859926914
1.75324994149848 -0.717300333106848 1.15664756797884
-0.295726716581767 -0.594787700372379 0.675252653421963
-0.295726716581767 -0.594787700372379 0.675252653421963
-0.295726716581767 -0.594787700372379 0.675252653421963
-0.295726716581767 -0.594787700372379 0.675252653421963
-0.295726716581767 -0.594787700372379 0.675252653421963
-0.882361054552073 0.203038829438129 2.14814669143017
-0.882361054552073 0.203038829438129 2.14814669143017
-0.240693535641951 0.0643048683704389 2.44445069391221
-0.240693535641951 0.0643048683704389 2.44445069391221
-0.218977614854025 -0.610088497649441 1.54640377212903
0.403006832910986 -0.0322815056645571 2.08203004045206
