1 1 1
1 1 1
1 1 1
1 1 1
1 1 1
1 1 1
1 1 1
0.501503273332075 0.225292678641162 1.2839439914726
0.501503273332075 0.225292678641162 1.2839439914726
0.501503273332075 0.225292678641162 1.2839439914726
0.501503273332075 0.225292678641162 1.2839439914726
0.501503273332075 0.225292678641162 1.2839439914726
-0.00288326300686126 1.04296233206673 1.66994508361020
-0.00288326300686126 1.04296233206673 1.66994508361020
0.831109857702286 1.69138610711012 1.49995657624867
0.831109857702286 1.69138610711012 1.49995657624867
0.831109857702286 1.69138610711012 1.49995657624867
0.831109857702286 1.69138610711012 1.49995657624867
0.831109857702286 1.69138610711012 1.49995657624867
0.831109857702286 1.69138610711012 1.49995657624867
0.242942595322769 2.76023338624434 2.06164356577906
-0.141794625475002 2.31401320906423 1.9348663174703
-0.141794625475002 2.31401320906423 1.9348663174703
-0.141794625475002 2.31401320906423 1.9348663174703
-0.141794625475002 2.31401320906423 1.9348663174703
-0.141794625475002 2.31401320906423 1.9348663174703
-0.0192068148478620 1.26383105350920 1.58302177262381
-0.605121007519182 1.02854264252717 1.46950451587104
-0.605121007519182 1.02854264252717 1.46950451587104
-0.605121007519182 1.02854264252717 1.46950451587104
-0.605121007519182 1.02854264252717 1.46950451587104
-0.605121007519182 1.02854264252717 1.46950451587104
0.602881878500915 1.31277717904923 1.48456249710667
0.602881878500915 1.31277717904923 1.48456249710667
0.602881878500915 1.31277717904923 1.48456249710667
0.52132240963547 0.8091351377737 2.03792527221139
-0.921694094283588 -0.119592090344667 1.08968551974561
-0.921694094283588 -0.119592090344667 1.08968551974561
-0.543648611899736 -0.665406798461263 1.25743990920162
-0.39351626175533 0.102525483546484 0.903187004838673
1.13764014120584 0.236892379484222 1.66951613601849
-0.294445813203594 -0.325592478611184 1.01340313822290
-0.294445813203594 -0.325592478611184 1.01340313822290
-1.79033355779404 0.79056953498497 0.834093592636074
-0.965117561068897 1.30267166682965 0.759243078354432
0.188975601102497 1.56458334803183 1.20424756151922
0.188975601102497 1.56458334803183 1.20424756151922
0.188975601102497 1.56458334803183 1.20424756151922
0.717633990251993 1.59582150675361 2.23137497544940
0.490402725725838 2.3131374498022 1.65964472700439
