1 1 1
2.55670206772047 0.554554002126355 1.10026537193322
0.711434920682841 1.16607317283109 0.0484372870241929
0.119764275758593 0.469029037267365 0.364186203936264
0.119764275758593 0.469029037267365 0.364186203936264
0.119764275758593 0.469029037267365 0.364186203936264
0.702859258123293 0.46336487872745 0.740314635425433
0.860875310799335 1.09316575205620 0.982029129438092
1.42972939586393 0.908651078061764 1.94310349247536
1.42972939586393 0.908651078061764 1.94310349247536
1.42972939586393 0.908651078061764 1.94310349247536
1.42972939586393 0.908651078061764 1.94310349247536
1.42972939586393 0.908651078061764 1.94310349247536
1.42972939586393 0.908651078061764 1.94310349247536
1.22232655127236 0.245926815773880 2.08404918220506
1.22232655127236 0.245926815773880 2.08404918220506
2.58818257600755 0.840913403557417 2.27111017942944
0.916839010371871 0.0380470102651841 2.54136122962948
0.0885718887444674 1.56042914193007 2.7530449504549
0.946524561725558 0.850346657772044 2.26408595516784
0.946524561725558 0.850346657772044 2.26408595516784
0.497365656741926 1.09836240738441 2.38511067343812
0.497365656741926 1.09836240738441 2.38511067343812
0.497365656741926 1.09836240738441 2.38511067343812
0.279987419170920 1.31320404488430 1.46957991204687
0.279987419170920 1.31320404488430 1.46957991204687
1.57249260603269 1.60908018750941 1.08201914520157
0.633031326632835 2.14568996043934 1.18413774215665
0.633031326632835 2.14568996043934 1.18413774215665
0.0610442598790308 2.23340065252344 0.883020223305761
0.0610442598790308 2.23340065252344 0.883020223305761
-0.9446301968065 2.13164120720176 0.863273403885343
0.561805628162576 2.09469052234552 1.31450159867788
0.757073913000375 0.978589903733938 1.33228816181543
0.757073913000375 0.978589903733938 1.33228816181543
0.757073913000375 0.978589903733938 1.33228816181543
0.757073913000375 0.978589903733938 1.33228816181543
0.757073913000375 0.978589903733938 1.33228816181543
1.20358815120148 0.336666857818280 0.35992741906675
1.22245017104209 -1.17645251559120 1.18082414898752
1.22245017104209 -1.17645251559120 1.18082414898752
-0.416640994238048 -0.0621137961728624 1.72192595388709
-0.416640994238048 -0.0621137961728624 1.72192595388709
-0.416640994238048 -0.0621137961728624 1.72192595388709
-0.416640994238048 -0.0621137961728624 1.72192595388709
0.12459999207807 0.307565924195832 1.97445887784281
0.12459999207807 0.307565924195832 1.97445887784281
0.12459999207807 0.307565924195832 1.97445887784281
0.12459999207807 0.307565924195832 1.97445887784281
0.12459999207807 0.307565924195832 1.97445887784281
