1 1 1
1 1 1
1 1 1
1 1 1
1 1 1
0.727588609060021 1.53779605161654 1.35927112132539
0.794499144495653 1.59258480665071 1.10094960874395
0.794499144495653 1.59258480665071 1.10094960874395
0.757904037351714 0.979618104751135 2.30258993018335
0.557995522989964 1.0695027926306 0.899852890115322
0.557995522989964 1.0695027926306 0.899852890115322
0.557995522989964 1.0695027926306 0.899852890115322
0.557995522989964 1.0695027926306 0.899852890115322
0.557995522989964 1.0695027926306 0.899852890115322
0.557995522989964 1.0695027926306 0.899852890115322
0.557995522989964 1.0695027926306 0.899852890115322
0.557995522989964 1.0695027926306 0.899852890115322
0.235310032068703 1.32254533376801 0.917958251411284
0.235310032068703 1.32254533376801 0.917958251411284
0.235310032068703 1.32254533376801 0.917958251411284
0.173002675055056 0.871974042186813 1.10437518913341
0.173002675055056 0.871974042186813 1.10437518913341
0.530214953746787 -0.279086546725557 1.59856036793641
0.1002780953093 0.0952852397759826 1.52180378375949
0.1002780953093 0.0952852397759826 1.52180378375949
0.1002780953093 0.0952852397759826 1.52180378375949
-0.516045772930719 0.55449845932759 1.17634905088500
-0.516045772930719 0.55449845932759 1.17634905088500
-0.607190617978336 1.35023132616933 0.691304479299446
-1.29359760015604 2.2700342694656 0.948393068665334
-1.29359760015604 2.2700342694656 0.948393068665334
-1.29359760015604 2.2700342694656 0.948393068665334
-1.00157870211537 2.91564955509612 1.85374755315733
-1.00157870211537 2.91564955509612 1.85374755315733
-1.00157870211537 2.91564955509612 1.85374755315733
-1.00157870211537 2.91564955509612 1.85374755315733
-0.692119036846499 3.00990987263326 1.79267882363506
-0.609883392170986 2.53473493103263 0.877612687490542
-0.609883392170986 2.53473493103263 0.877612687490542
-0.609883392170986 2.53473493103263 0.877612687490542
-0.634723313725856 0.71541826618666 2.57023719258922
-0.634723313725856 0.71541826618666 2.57023719258922
-0.634723313725856 0.71541826618666 2.57023719258922
-0.8238755034056 1.7121400034219 1.85823207948352
-0.8238755034056 1.7121400034219 1.85823207948352
-0.8238755034056 1.7121400034219 1.85823207948352
-0.8238755034056 1.7121400034219 1.85823207948352
-0.8238755034056 1.7121400034219 1.85823207948352
-0.8238755034056 1.7121400034219 1.85823207948352
-0.8238755034056 1.7121400034219 1.85823207948352
