1 1 1
-0.167325254527251 0.255446736005216 1.00658128543704
-0.167325254527251 0.255446736005216 1.00658128543704
-0.0469475109771703 0.612699790945451 0.389394712831531
-0.0469475109771703 0.612699790945451 0.389394712831531
-0.0469475109771703 0.612699790945451 0.389394712831531
1.28046547828047 1.07869036811392 0.135383045187487
1.14999498271541 0.83058044435063 0.516940518584135
1.06076053726669 0.610661977143789 1.36395728065926
0.751739928147421 0.668542871080738 1.01092607755836
0.774731580125615 1.32382925229915 0.147253979037068
1.99178382633842 0.75661740690045 0.00829137659237345
1.99178382633842 0.75661740690045 0.00829137659237345
2.38441263976043 1.93455092288409 0.589557178522857
2.59369474557196 2.07863112576787 1.55606570536172
1.77612218217641 1.47665860627167 2.53216166679214
0.722236497267147 0.659468725913217 1.06398882549688
0.722236497267147 0.659468725913217 1.06398882549688
0.895987178973204 -0.0862867750424415 1.53591522550009
0.895987178973204 -0.0862867750424415 1.53591522550009
0.895987178973204 -0.0862867750424415 1.53591522550009
-0.275660826554311 -0.553801148710050 1.04942336458739
-0.43873982369419 -0.0707204600201032 2.35460494543839
-0.864503261370702 0.399335174874654 2.36545886864079
-1.50590812982656 1.08691610925944 2.29611567519427
-1.50590812982656 1.08691610925944 2.29611567519427
-1.50590812982656 1.08691610925944 2.29611567519427
-1.50590812982656 1.08691610925944 2.29611567519427
-1.50590812982656 1.08691610925944 2.29611567519427
-1.50590812982656 1.08691610925944 2.29611567519427
-1.46201145800482 1.21152474536642 1.78015829835269
-1.05958654810042 1.3233403153364 1.96971928719621
-0.72143652675449 1.23302085202898 1.63147301220630
-0.72143652675449 1.23302085202898 1.63147301220630
-0.38448276291787 1.33159475670173 0.884633411708825
-0.38448276291787 1.33159475670173 0.884633411708825
-0.38448276291787 1.33159475670173 0.884633411708825
-0.327347654406475 1.55800258284484 1.95835562712468
0.179193705205708 0.407595830079206 2.06034740689629
-0.381198458249614 1.48673274311010 3.5690172700097
-0.381198458249614 1.48673274311010 3.5690172700097
-0.381198458249614 1.48673274311010 3.5690172700097
-0.381198458249614 1.48673274311010 3.5690172700097
-0.381198458249614 1.48673274311010 3.5690172700097
-0.381198458249614 1.48673274311010 3.5690172700097
-0.381198458249614 1.48673274311010 3.5690172700097
-0.381198458249614 1.48673274311010 3.5690172700097
-0.381198458249614 1.48673274311010 3.5690172700097
-0.822201399056518 -0.137327869949102 3.56726470086486
-0.822201399056518 -0.137327869949102 3.56726470086486
