1 1 1
1 1 1
2.61516629366323 0.97456188149433 1.72537643689177
1.10893043385225 0.833541092780879 1.73090066041377
1.10893043385225 0.833541092780879 1.73090066041377
1.10893043385225 0.833541092780879 1.73090066041377
0.981191442398788 1.09617474968047 1.76136109545307
-0.0684546754786969 0.926867383211612 0.174909787530649
-0.0684546754786969 0.926867383211612 0.174909787530649
-0.0684546754786969 0.926867383211612 0.174909787530649
-0.237708209296135 0.771390139135913 0.600093669284303
-1.13367923390458 0.605339675252058 0.731292336625845
-1.24928266226105 0.0268421831811346 1.04723419047298
-1.07447158371060 -0.048051107900349 1.94213060792494
-0.283198959080805 0.239262656772543 2.11649044293095
-0.283198959080805 0.239262656772543 2.11649044293095
1.09801919473287 -0.0476362046579759 1.10369355907165
1.09801919473287 -0.0476362046579759 1.10369355907165
1.09801919473287 -0.0476362046579759 1.10369355907165
1.725831632256 -0.0209686077768407 2.19568536610951
1.725831632256 -0.0209686077768407 2.19568536610951
1.725831632256 -0.0209686077768407 2.19568536610951
1.64589850946408 0.261187759299643 3.29927731382207
1.64589850946408 0.261187759299643 3.29927731382207
1.64589850946408 0.261187759299643 3.29927731382207
2.8846329540168 0.656513094828293 2.00453908610369
2.66062596049612 0.785330797545439 2.031006072921
2.47428088896569 0.859309313729048 2.51001959739723
2.11647405072977 1.40705958512215 2.10876385620679
2.11647405072977 1.40705958512215 2.10876385620679
2.11647405072977 1.40705958512215 2.10876385620679
2.11647405072977 1.40705958512215 2.10876385620679
1.62438149770955 0.634036188170967 2.43347865382974
1.03625801810880 0.755024254331725 2.42694063317732
0.698759560705254 1.17829494637714 2.17491500898785
-0.305195708529593 0.656949690403877 2.38519700523259
-0.305195708529593 0.656949690403877 2.38519700523259
-0.305195708529593 0.656949690403877 2.38519700523259
0.0411060120030070 1.24398835181605 2.06179954438554
0.0411060120030070 1.24398835181605 2.06179954438554
0.0411060120030070 1.24398835181605 2.06179954438554
0.0411060120030070 1.24398835181605 2.06179954438554
0.0411060120030070 1.24398835181605 2.06179954438554
-0.926474070639558 0.669010396501242 1.76530942602946
-0.926474070639558 0.669010396501242 1.76530942602946
-0.926474070639558 0.669010396501242 1.76530942602946
-0.533652309552681 1.24863712849273 1.77327010685567
-0.533652309552681 1.24863712849273 1.77327010685567
-0.424339561777877 0.693083680629749 1.76673808727012
-0.424339561777877 0.693083680629749 1.76673808727012
