1 1 1
1 1 1
1 1 1
1 1 1
-0.880462574745078 0.0216841467036384 0.470764355840475
-0.880462574745078 0.0216841467036384 0.470764355840475
-0.880462574745078 0.0216841467036384 0.470764355840475
-1.06020354209404 0.181478700503599 0.378691120966323
-1.06020354209404 0.181478700503599 0.378691120966323
-1.06020354209404 0.181478700503599 0.378691120966323
-1.06020354209404 0.181478700503599 0.378691120966323
-1.06020354209404 0.181478700503599 0.378691120966323
-0.216134169405139 0.379855388236037 0.73024870303241
-0.191058017978201 0.484544203767990 1.73840332904885
-0.191058017978201 0.484544203767990 1.73840332904885
-0.191058017978201 0.484544203767990 1.73840332904885
-0.191058017978201 0.484544203767990 1.73840332904885
-0.191058017978201 0.484544203767990 1.73840332904885
-0.191058017978201 0.484544203767990 1.73840332904885
-0.191058017978201 0.484544203767990 1.73840332904885
-0.191058017978201 0.484544203767990 1.73840332904885
-0.461606120653504 -0.136549612927172 1.59657535898230
0.213484285168678 0.567259191581716 1.90651865805787
0.70225065527309 0.537601503176404 1.99452281579882
0.70225065527309 0.537601503176404 1.99452281579882
0.70225065527309 0.537601503176404 1.99452281579882
0.70225065527309 0.537601503176404 1.99452281579882
-0.0995019344122599 0.193862045756571 1.27073842904226
0.396270557910314 0.336543523533602 0.369845007587124
-0.624322367512097 1.04892556759074 1.13788427383822
-0.624322367512097 1.04892556759074 1.13788427383822
0.371946595240579 0.91599195576211 2.2126498182225
0.371946595240579 0.91599195576211 2.2126498182225
-0.298135336078482 0.77316059298405 2.27337798041676
-0.298135336078482 0.77316059298405 2.27337798041676
-0.298135336078482 0.77316059298405 2.27337798041676
-0.6933150365923 1.09553252576394 1.94177274963040
-0.6933150365923 1.09553252576394 1.94177274963040
-1.54585520217487 0.250564524064609 1.42245137487537
-1.32254864394385 -0.156173595302063 1.64411259968894
-1.32254864394385 -0.156173595302063 1.64411259968894
-0.520709682051465 0.06117172151575 1.49065434847344
-0.520709682051465 0.06117172151575 1.49065434847344
-0.520709682051465 0.06117172151575 1.49065434847344
-0.520709682051465 0.06117172151575 1.49065434847344
-0.520709682051465 0.06117172151575 1.49065434847344
-0.520709682051465 0.06117172151575 1.49065434847344
-0.520709682051465 0.06117172151575 1.49065434847344
-1.39329949364951 -0.626055769626 2.16830779261589
-1.12153990684892 0.0373717284968352 2.82433838562812
