1.5
1.51418229240154
1.5441501992315
1.55078067817387
1.56988389120766
1.58358598906808
1.58340963283591
1.62341830685096
1.61746902966903
1.90178477118571
1.85737777910926
1.65455427516354
1.48090263500691
2.02302981675365
2.12197985439973
2.12481302219217
2.26475549366908
2.25281003731005
1.96930422103284
1.73232227762312
1.6621338390628
2.11843861277577
2.08700763795655
1.99163339900308
2.38402083870861
2.43719552578588
2.39021588210382
2.39378362495173
2.21888845097358
2.44375873479743
2.48042565426443
2.49475315772077
2.49128183984262
2.48946576698512
2.48520277648945
2.48267726220987
2.45524926000100
2.48192252905959
2.45099039214426
2.47483199138764
2.44779919350073
2.43834010942480
2.45816912477745
2.44924823949232
2.48066732677575
2.43624508204403
2.45640881893732
2.42569362829660
2.38243878585407
2.42476145705838
