2.4999
2.49992379443150
2.49989867403783
2.49995760711323
2.49988492762024
2.49992467892858
2.49992777546777
2.49988992039280
2.49990525830284
2.49997503186846
2.49996090689574
2.49997000327490
2.49988049063803
2.49994822838634
2.49987983398923
2.49971298120876
2.49987087608164
2.49969241512888
2.49986848716031
2.49954005147448
2.49943569798589
2.49901970989538
2.49843063037022
2.49858292056396
2.49963907669262
2.49990513156375
2.49974177760104
2.49984327775441
2.49955991419533
2.4979925499968
2.49765058873150
2.49890438650035
2.49885147887868
2.49970331197333
2.49970069323760
2.49942590769363
2.49842775139174
2.49908675823675
2.49723514182547
2.49688499451360
2.49154711585831
2.49798958834977
2.49888382247211
2.49526019866793
2.49237009912078
2.49408295223635
2.49858246433943
2.49872728603452
2.49974394791733
2.49983480306202
