1.17
1.20459363683541
1.34338661709456
1.31758857775146
1.31630980113412
1.15214597404522
1.04717522461591
1.09532736451523
1.11608380848851
1.12113224240250
1.16331264217722
1.45355523102943
1.13790550295301
1.60002158672301
1.91780279281860
2.00458770767530
1.76828691137180
1.83622204953049
2.03923791651369
1.85784068997525
1.56523256907396
1.47837120193052
1.67654702701503
1.83548061007991
1.79730871179227
2.04799228594387
2.00296504022938
2.11026490630115
2.16144303545832
2.16834338530200
2.14932399276775
2.18939123029245
2.18242986044084
2.36999914058512
2.42228570140021
2.27493107964530
2.26627161390722
2.31315938618946
2.43272136827856
2.47778174074889
2.46777749294658
2.45525752135315
2.45923177306997
2.4398052006709
2.48407450257203
2.47992136598120
2.46398834839718
2.48887620932998
2.49055427853510
2.49134750110051
