1.95
2.06084179057809
2.10391890904815
2.10848224417523
2.11011161624470
2.35866391088463
2.30953564056762
2.11289121322588
2.07600533574477
2.11343627933853
2.08828582052721
1.63097073627450
1.61244898045826
1.90977910484145
1.79362231524738
1.87417707527424
1.58031153507057
2.04020655479935
2.05477857490362
2.19726513358825
2.26858575034717
1.83204563863233
1.91606452574021
2.00390301869208
1.99334772551248
2.14126974686432
2.12154666915971
1.51115012798452
1.50542416385116
1.42209648740482
1.45958219968568
1.70622789681131
1.80594190211487
1.65029573766659
1.93058039938580
2.30223000504631
2.28957103184247
2.11539426144888
2.18014363335179
2.11237969258910
1.99916306157438
1.71425542058378
1.75376913395845
2.11427534990889
2.05097707315900
2.0302346798195
1.94394082080051
1.94512967232089
2.17817010498720
2.12686453308431
