1.37
1.49299165668898
1.50354774229003
1.62050322840508
1.79161275723086
1.79177650315071
1.77194545406705
1.87460368929973
1.80849110326944
1.90831206313166
2.12921520186501
2.02709402921367
2.37489287267396
2.27320136154733
2.06194329443459
1.85769345876330
2.10840690974506
2.00061566670168
2.13839019086585
1.9673461988644
2.22605140048041
2.02699635540096
2.10713518570499
2.07957735087027
2.21766185711570
2.40434228498785
2.16476930084392
2.16201400044240
1.91938825088001
1.97328829314745
2.07974764070836
2.37580781959738
2.46711055551470
2.30893896555232
2.36591446204195
2.36689167598198
2.44359739826853
2.46149588139494
2.45078115794102
2.44751158433123
2.46587891509300
2.43978267611347
2.44555035239211
2.45138533104010
2.42489163309111
2.31204892267952
2.33428227994307
2.41732971670747
2.46009810700883
2.46741987126469
