2.4999
2.49991845604638
2.49978602470304
2.49964318846590
2.49905759616827
2.49650081790201
2.49827139959594
2.49849090765048
2.49143883891418
2.46632300845304
2.44270145301821
2.40464147340980
2.34785891916604
2.3378529476593
2.26987072052381
2.25550680904572
2.30614555204804
1.84063958152900
2.07419035987731
2.13647452526657
2.03292033296635
2.15726739485726
1.66067425286300
1.54789181108627
1.54798431723261
1.70036507788336
1.53208451102169
1.93814655801244
2.14405999905098
2.2472666426683
2.26983790043184
2.18917202702555
2.34714605667619
2.34242940639204
2.28958422396622
2.37465674702472
2.45847335258932
2.33443495993764
2.25312128988595
2.22112288959734
2.14221645921018
2.32055197289584
2.30879677319719
2.42795905509117
2.45839091472191
2.46160290205707
2.46958287096104
2.46263901644446
2.42054160713985
2.40743397911892
