2.02
2.08205207611945
2.07664025225364
2.03300665891769
2.03292775920169
2.04000103642940
2.13589625337397
1.91592249633899
1.89938056813366
2.29233595577253
2.36564886261560
2.42081632740496
2.44588568352906
2.45137448949845
2.43071642809733
2.46668823913265
2.47379669853563
2.39373951326925
2.39710514054827
2.41248320044417
2.30581704854610
2.15440095292120
2.37561191972461
2.25512944730600
2.04302294425267
1.98485426185869
1.87248651226286
2.28879372759766
2.32575802302325
2.24270451452717
2.14794427616841
2.23014105324442
2.32822229315905
2.26376061365722
2.33131288193478
2.45902221906888
2.46217619070781
2.46098860554457
2.47054708721273
2.44729433852406
2.48277412046212
2.45461072525803
2.42815612575127
2.4704875252022
2.48863886921244
2.49267851051009
2.49451628534494
2.49543460863195
2.49588270729841
2.49827700721524
