1.69
2.06555419030008
2.1980499851088
2.13035489641194
2.09677342105604
2.16499938068472
2.16150090783701
2.17564510382589
2.28981648860047
2.39421996867464
2.34114670600182
2.08455248112586
2.31805882198735
2.46925106635817
2.48499550381219
2.49475380972570
2.49683282219697
2.49829212321726
2.49844795353239
2.49183040323319
2.48963390115531
2.49316492080826
2.49855932219315
2.49605256405072
2.48895142388868
2.4562657789182
2.45500053013498
2.48554359874720
2.48646888465011
2.49295904856383
2.49792688639426
2.49852495077319
2.49581435582964
2.49362040867190
2.48479393561020
2.49067629833727
2.49753500212309
2.4953561064355
2.49675525354358
2.49253111555997
2.48453492672067
2.47770223236814
2.43905662432132
2.46602560235475
2.46132331109663
2.48610179468178
2.42739095304912
2.46622138697872
2.41901799292153
2.43845304017670
