1.25
1.30704371243174
1.67503568032795
1.66447639651051
1.68227624725730
1.97465542839133
1.35793673128506
1.26170663248077
1.26375909341497
1.31628463625262
1.32890294252222
1.20046647148247
1.19835286907861
1.5195400897665
1.75116895719772
2.01838154768866
1.88826107925919
2.24838334806827
2.40605789272986
2.42812313534665
2.48391909646724
2.47813328832182
2.46945987239127
2.39483457470608
2.45929266223296
2.45198735715616
2.46468345753109
2.38694213142867
2.39251328726043
2.45485734191951
2.44550358527081
2.45443221070941
2.35748175869296
2.40307313929589
2.29806813208857
2.37265017360651
2.42084431533091
2.35715656433781
2.36779651960487
2.39112944497351
2.36275960995639
2.11860120734963
2.23252199480603
2.32757769249208
2.44316108535863
2.33405936867027
2.34843611852894
2.14238422393665
2.02989016322297
1.46922030661716
