2.4999
2.499902296916
2.49992304976066
2.49992132104846
2.49994323742429
2.49992950518408
2.49996041827154
2.49995291288903
2.49989907044505
2.49981419135508
2.49992604676734
2.49981676232359
2.49927676818129
2.49953919910178
2.49949788554589
2.49814638807020
2.49476082782432
2.49540397827944
2.49221880731434
2.49612253394975
2.49548829551339
2.48677294978297
2.49220018152793
2.49348605905328
2.48201774619074
2.48402949001567
2.47224894473612
2.48304967169507
2.46981657659146
2.49155206732163
2.49136876023162
2.45919492410991
2.48675964288389
2.46760447100407
2.44338813233093
2.4323574910673
2.48036691076569
2.46906974362018
2.47883032505811
2.49225074739680
2.49471688354799
2.49482396085289
2.49849280989023
2.49914369094609
2.49625473344079
2.48857911462922
2.45862383634876
2.45700948134907
2.41752468569522
2.44284576582476
