2.4999
2.49982647871099
2.49922038888341
2.49954815678119
2.49910053214545
2.49898427858907
2.49966762864831
2.49991201879384
2.49997735412393
2.49992586466838
2.49991243382912
2.49987926689913
2.49985526512209
2.49991648405039
2.49993572933646
2.49957986546683
2.49916830466431
2.49888288667322
2.49965263402173
2.49989688130597
2.49956947588628
2.49823710976677
2.49433806773228
2.49281987882459
2.49311097595774
2.48844716627997
2.49388932754473
2.49538870632299
2.49448408084717
2.49263625358865
2.48753751986424
2.49460547598879
2.49622835141404
2.48494974504779
2.49262592922268
2.49457098474977
2.49676339358522
2.4977840196752
2.49862150238164
2.49831042805625
2.49791929282875
2.49887005927584
2.49952365452259
2.49977885900503
2.49939568217262
2.49967257347127
2.49978842826827
2.49934794144787
2.49686883923117
2.49524397820513
