2.4
2.43944334321425
2.45699050034731
2.43695110879706
2.47508947876053
2.49434500942833
2.49465598958075
2.49761067496774
2.49128851251825
2.49818012682447
2.49465591377040
2.49551944436099
2.49501566004264
2.49548767952217
2.49864969476087
2.49893055354791
2.49907848337556
2.49855052323904
2.49892171779770
2.4986973123182
2.49878552090217
2.49558207255587
2.47608065235127
2.4702495622978
2.45732274053408
2.44851809505090
2.44895758465913
2.47454676749745
2.4829721960215
2.49373273899614
2.49418644185606
2.48896225965717
2.45635874589452
2.41861746185604
2.33261768356119
2.4091127705316
2.38741715407685
2.40681622468192
2.42932517132405
2.45766341605029
2.46906507832716
2.49005875738556
2.48690706508929
2.48738028796052
2.48411649327122
2.47398447799809
2.477134031722
2.35617505975959
2.43544825820047
2.36864787033200
