1.83
1.83003350064864
1.86774543968310
1.87546276111828
1.86466806070719
1.86987049149412
2.11003037355989
2.03809995902788
2.32468766564887
2.17038311064826
2.43466037322732
2.44765467228367
2.48941481308711
2.48959646028059
2.47689383574003
2.48258035587004
2.48006661958413
2.4069430048002
2.33092695896066
2.05497507789862
1.44313141907829
1.55260267391692
1.59827452465432
1.60285885948919
1.46262866065190
1.69722275924909
2.01548213845925
1.61537079083515
1.25776155845129
1.24262498132279
1.22443568183922
1.30437695860449
1.71327240770911
1.74741287799842
1.76238935718461
1.87399854295829
1.99611229770679
2.26852804342909
2.13427371510639
1.82848252797791
2.06875933759453
1.88488689703489
1.67823893256462
1.64490844762935
1.73753777276924
1.77453706596610
1.44982311181054
1.39961821206843
1.4326375468134
1.35638987618666
