2.29
2.28608247392609
2.24512939639666
2.22346230947191
2.11173753876670
1.95264674426068
2.02320522023471
2.06246667296409
2.16358400124564
2.08884386210987
1.98490819240135
2.06494265792713
2.19109081399077
2.21241144844699
1.82342961077620
1.58960027157266
1.20254947397411
1.25499302181002
1.21767242993366
1.08241396876655
1.10198537021626
1.09085899364314
1.03694156327635
1.03318557148923
1.03492836202924
1.01591498220951
1.02370543005329
1.0175054806176
1.04222051108015
1.02258163157846
1.09560535842151
1.08236780303823
1.08434756029847
1.13825868095622
1.41474142428917
1.37293939760781
1.17177821308391
1.4047709253029
1.10960906365126
1.08519227512009
1.10972056428774
1.30431624404714
1.44465697424034
1.72376586649071
2.14056455975821
2.32445349342442
2.42163819335818
2.44941101190263
2.47162981001095
2.44194706686531
