1.44
1.55961928632407
1.47973170713383
1.42649929584088
1.32315249456333
1.24690584696722
1.24419285816343
1.29909957277326
1.27207544555609
1.30681432179426
1.19897414267786
1.28607764764438
1.20161213825512
1.26705346622833
1.60232129269739
1.70493496210813
1.90881209895770
2.16872213336555
2.15866274044608
2.27355625710364
2.32054348344411
2.34644650633796
2.34955996013712
2.03431689996206
2.31185521373522
2.29784877124683
2.36674570507111
2.47041452744235
2.48319392215983
2.49326249435654
2.49371262431827
2.49594069434919
2.49608584205158
2.49568100176215
2.49568584715117
2.49485564481810
2.49579764963929
2.49699525275415
2.49584308608789
2.49851071257907
2.49353977798879
2.49654044901663
2.49777284041831
2.49794335266190
2.4991101988774
2.49864951964112
2.49583114874548
2.49728422780655
2.49928137021005
2.49777180590976
