2.4999
2.49994224278458
2.49983682580467
2.49966170676068
2.49974844528037
2.4997599503109
2.49984053021724
2.49989723621299
2.49990516788946
2.49990432667945
2.49997699583298
2.49999260124460
2.4999979425475
2.49999788634991
2.49999893279523
2.49999436988294
2.49997398121873
2.49998991104897
2.49995337176896
2.49995900466172
2.49989845420981
2.49983865972204
2.49949515517499
2.49940966360617
2.49965045781988
2.49967741556229
2.49942789325673
2.49969767817812
2.49989945729327
2.49996957618994
2.49999454313504
2.49998743399111
2.49999120657113
2.49998021052982
2.4999891820903
2.49998804593192
2.49996875947166
2.49998345778836
2.49997906620865
2.49999328154146
2.49999670594623
2.49999485926401
2.49999111345974
2.49999054316010
2.49999085373619
2.49996781722776
2.49996663644474
2.49994768281327
2.49994091195204
2.49997822813313
