2.4999
2.49989923127233
2.49956296931143
2.49979405089874
2.49979858773813
2.49989265346683
2.49956865683366
2.49989730537455
2.49988599025494
2.49987833685845
2.49997012468343
2.49987247039338
2.49977455908660
2.49993438087749
2.49993187425845
2.49989371267102
2.49980839834938
2.49977181941328
2.49978092400755
2.49983268326155
2.49973826974473
2.49965316032308
2.49966517254377
2.49894473161994
2.49937361414986
2.4995433756818
2.49982494148023
2.49984974839612
2.4998835940863
2.49988152189783
2.49991358454339
2.49988976004701
2.49990304306613
2.49975930528379
2.49970309644127
2.49961543800232
2.49800872422804
2.49948366748841
2.49960756560480
2.49937884148194
2.49979565527561
2.4998505829015
2.49980555067887
2.49968320319838
2.49986969951861
2.49947394165667
2.49907384987602
2.49537448224594
2.49729897296033
2.49885063363664
