2.4999
2.49993812738809
2.49970797588904
2.49976803541775
2.49934718610393
2.49653119569968
2.49135589134392
2.47280736783564
2.4690169088367
2.45418276781779
2.47499072516000
2.4243792421397
2.38171933866428
2.43224018914452
2.32166720373317
2.20886271226208
2.35573641888304
2.45892591412858
2.44926104119837
2.37161488534132
2.42739065767333
2.47616078261036
2.47109841512805
2.46550873463547
2.43139254038696
2.46510372084545
2.48869065161052
2.48760569554646
2.46668958084270
2.45302972617210
2.48293477411643
2.48413538661312
2.47598426652088
2.47108811511572
2.45662898362897
2.48456677963984
2.46184759206228
2.48080785613079
2.48020685504248
2.44372700155818
2.44907576790318
2.480599716324
2.49611043660757
2.4908195211041
2.48524441763862
2.49077523931842
2.48980972357105
2.48783099723639
2.49772780739196
2.49837557922769
