1.56
1.62600578298668
1.63942308348004
1.73839711048804
1.75296987745831
1.99773512547743
2.09037769258491
2.33842553036227
2.36834349774041
2.42685830233635
2.4745907260163
2.48284925129261
2.39792476014637
2.29804208608668
2.42690562439646
2.43119142475425
2.47631058713079
2.45875840584365
2.35367341788306
2.3560687787726
2.37444519945953
2.44480161768907
2.46513193715115
2.45722464353974
2.44456731250780
2.35921404963886
2.36285374336360
2.39420435985213
2.31097799966312
2.29992603655871
1.99213576295856
2.10707726967132
2.12116847403234
1.96170848488017
2.08141099445405
2.21006666883283
1.84880457202662
2.01838040782203
2.16242028298256
2.42578779054508
2.42129349764176
2.46673924289847
2.39068638605038
2.42940966305505
2.42158363422829
2.48304779110715
2.41746647492462
2.35377418451527
2.46995427059775
2.45598330288994
