2.13
2.17156152507024
2.12228463668232
2.12977243690135
2.12765175216779
2.17010100385920
2.21858097343324
1.79846886113520
1.93174375859607
2.15701480969393
2.03201254486994
2.20453924491937
2.15878641173196
1.78665408968780
2.01157660555905
1.84859464907394
1.78689640133826
2.24872795832223
2.20262498477167
2.32244653838272
2.27289750053541
2.17751055304637
2.25942380058005
1.96711280651399
1.76572212246893
1.73125894755102
1.46191610505672
1.68554068506916
1.28535595659662
1.84034069457429
1.56375509283695
1.41668459375362
1.41893150598324
1.44462078396969
1.44542933144215
1.45936658159908
1.76186791181207
1.46488609741866
1.9491611136588
2.24036695361048
2.39618103465174
2.16679325145661
1.92429805225096
1.63152748689332
1.38517477576572
1.13199497085751
1.35044804954036
1.78285874035297
1.92290514342366
1.64625954832355
