2.21
2.21575373481783
2.19289858281365
2.21258695887922
2.18695613433308
2.16639707285726
2.28066728557694
2.41727221967942
2.37161264744752
2.21668831452764
2.30979439880574
2.46233582282586
2.48414979268359
2.47215388097831
2.48107693747229
2.49499948900336
2.49731449246429
2.49548950511244
2.49240144546685
2.49120449959140
2.47396055869064
2.47383899082099
2.48184272295464
2.48632383939653
2.48984156731396
2.47993885625365
2.48004387354062
2.47784420666002
2.49364914462647
2.49408638864452
2.49824000773121
2.49870103771766
2.49409867569626
2.48171892740569
2.49085646183754
2.49435167390667
2.49625999906126
2.48883821767953
2.48093139438006
2.48218287535504
2.48733681466814
2.49388414962349
2.4961351592193
2.48963286296065
2.47392693271486
2.48744657964950
2.48402913615253
2.48180385109013
2.4792797529429
2.45280109278023
