2.4999
2.49994176532029
2.49993503268230
2.49956179484304
2.49969015046727
2.49973935302753
2.4997885981374
2.49989984962184
2.49990638218893
2.49986181446106
2.49987537452554
2.49979179457078
2.49986811650966
2.49973894733836
2.49938087237913
2.49985991719864
2.49987195059436
2.49990953584930
2.49957592744226
2.49912380146180
2.49823838213467
2.49613619172987
2.49765520545830
2.49707764529306
2.49826289969657
2.49279844785612
2.49458622164141
2.49254423718730
2.48544337148811
2.48333996657949
2.48458958072826
2.45583238134571
2.44947770003522
2.49133738852629
2.48786918569823
2.47066294425282
2.45239796572021
2.47322760213241
2.47062660687462
2.48699433763344
2.46596059600042
2.41334694523339
2.42351042580592
2.39143939444230
2.39925225766528
2.38627211405411
2.47461783130726
2.48445329445205
2.48710433072636
2.48598446169121
