1.26
1.28134598400751
1.38837789302763
1.35339766573303
1.29423845376425
1.19757140132400
1.16742890080724
1.12638112498209
1.04848577393640
1.05516337943679
1.03839053869841
1.01196903669600
1.01765158066789
1.07697363936930
1.16184191372063
1.38760240278871
1.39136551800409
1.69024543208124
1.86894392097430
1.85343183839312
1.93613727863073
1.78060538565304
1.6337177598898
2.02930480149202
1.91051576197004
1.81538824938351
1.56211230504035
1.54246321864561
1.21491566271519
1.22800752071536
1.27046491423668
1.37791715848522
1.91686192531765
1.94676658979385
1.92688120574584
1.71633744152559
1.80860052354608
1.9942572674446
2.24692097869517
2.34034994495872
2.37428776060939
2.12404459404508
1.90857963014060
1.78870678309965
1.41755207607692
1.44091093603786
1.36094074551222
1.33274838072411
1.39493163724629
1.38592556777994
