1.74
2.18307652325279
2.25720349051169
2.20093316264868
2.17569568152791
1.77048093557241
1.78968042577316
1.81742807282679
1.94025218652734
1.81946769482121
1.76281452132962
2.23692946972015
2.05144765427985
1.38886060420528
1.25914125817435
1.35052694341789
1.81201097044540
1.82497953550158
1.65564312432142
1.82932472285261
1.88825638819035
2.00761495939185
2.3577723244473
2.35303616455232
2.45301930652134
2.48411938935862
2.41319396063496
2.46332218977723
2.43506054603316
2.46513538102591
2.48735510825089
2.49121921105546
2.47962453257201
2.48245303731344
2.48556636292351
2.47315926219963
2.47272793531320
2.48587950660022
2.46690764481345
2.4667368947532
2.30325075464311
2.40683111332043
2.39752507729562
2.43509403435186
2.22535145332402
2.14072949465452
2.13385973971447
2.18848252659243
2.2950250247185
2.40091909137214
