2.4999
2.49981321033357
2.49962462350416
2.49967944862425
2.49980840296623
2.49984867427481
2.49975995497745
2.49968653178997
2.49989888518347
2.49995838646409
2.49993753879885
2.49990217501732
2.49971781332881
2.49977099054257
2.49988212858619
2.49989734503631
2.49969281568637
2.49977404092876
2.49971749349610
2.49957810138163
2.49939678386186
2.49968007436154
2.49866257946816
2.49745664969272
2.49874059738024
2.49937729141059
2.49969041220107
2.49918578257419
2.49939198443319
2.4997130431417
2.49958951836425
2.49977882546025
2.49980083102109
2.49921519583986
2.49619776045976
2.49740718481233
2.48937067505982
2.43880086522743
2.47307777224445
2.48874819082921
2.48591883689592
2.43397055062343
2.36780155182197
2.25560493263772
1.84097262868015
2.22863885498444
2.12701242642087
2.19549340308757
2.11935106957218
2.34609040029070
