2.4999
2.49996855875602
2.49996413268803
2.49993995187472
2.49976602680521
2.49922310405983
2.49773937172830
2.49839428262352
2.49599214824323
2.49641045694371
2.49755705445325
2.49834353138678
2.49827289191844
2.49883111716981
2.4996924184542
2.49910484246229
2.49984354858999
2.49973787125244
2.49972092948225
2.49970517727977
2.49946153459718
2.49950431795330
2.49949696496823
2.49931873573044
2.49779238491838
2.49085007858155
2.48820030784261
2.48895219565664
2.49073398585679
2.48140505324637
2.48631355639198
2.48049784393401
2.41656390539475
2.30555679656469
2.21066003413149
2.18307111435067
2.26926083493083
2.30779671245379
2.14904550516189
2.26767451270462
2.24795293180879
1.95157743344142
2.28457838842550
2.28817382105254
2.21180319643259
2.35010140736998
2.45198363245311
2.48559636542508
2.49169799739106
2.48806943543755
