2.4999
2.49993567475506
2.49993934336359
2.49982398897860
2.49991603006259
2.49995977256146
2.49999162269643
2.49999653959561
2.49999099965944
2.49999301299367
2.4999906609458
2.49999066517449
2.49999095994888
2.49999521712267
2.49999775302586
2.49999705973099
2.49999564286069
2.49999677601417
2.49999829226740
2.49999855368546
2.49999304136869
2.49998782459981
2.49997442511784
2.49996870066114
2.49997239216233
2.49997149876014
2.49999200510617
2.49998754948969
2.49997765686289
2.49998215645124
2.49996843266773
2.49997498012758
2.49995521173832
2.49988329810822
2.49970387801737
2.49977100426162
2.49962849149764
2.49960956029946
2.49862086238906
2.49901343898181
2.49977989099985
2.49978299611134
2.49964792664119
2.49931300797608
2.4996176848569
2.49896195104323
2.49629536601692
2.49838700808176
2.49858461550697
2.4987919130992
