2.4999
2.49989912104077
2.49993991485542
2.49992053266343
2.49991494181088
2.49984676778063
2.49991080055090
2.49993945942400
2.49980914448027
2.49977059110123
2.49993423647923
2.49990136816599
2.49985465530839
2.49988546516536
2.49995928641000
2.49995139574371
2.49982074791962
2.49967484797021
2.49822648358679
2.49657877241015
2.49527916200762
2.48366057985099
2.49676205156315
2.49854868347490
2.49860102723625
2.49701656630320
2.49604920754115
2.49545628790645
2.49703374398768
2.49705643348218
2.49428603350439
2.49255251158802
2.49481253059691
2.49212791545616
2.47887999559172
2.45036237325854
2.43710696173532
2.30596289282922
2.41804941565009
2.18503958203122
1.89007225686244
1.86413400217595
1.85859383108836
1.84610154813349
1.99661880039990
2.03178830172614
1.78845106665217
2.05143100568345
2.37935855041446
2.26862056380075
