1.3
1.30809097194423
1.44602557067214
1.45082266277371
1.46361685368438
1.40310725131123
1.36493132108494
1.62312834093650
1.61953696810211
1.87437829151292
1.38362235012289
1.93083739477216
1.65935576497040
1.85189569263515
1.70937300991878
1.59180401311983
1.52991616321177
1.60540528731991
1.61683522863398
1.63070863595881
1.64816941602595
1.67357414860453
1.71463152106175
1.83893635902771
1.98452457150766
1.58319721206837
1.78316463966247
1.89447289969705
2.30787383239531
2.08607909887934
2.20340226122705
1.69184761034106
1.65211684899873
1.76741866104013
1.72156144165634
1.56157662276216
1.79013513644711
1.90404312342467
2.16861107881750
2.29996438850200
2.27994818429298
2.46042193617907
2.37528620753197
2.1630260778533
2.27998732039806
2.42881005748411
2.45291607631528
2.48465637529343
2.44835537415892
2.33775933271233
