1.94
2.07413666256072
2.08991947141555
2.06210243074515
2.04186084766741
2.02874839978517
2.09790993655250
2.07789198775968
2.25500414985218
2.40393216029741
2.39297330147525
2.20361126436849
2.38987731344770
2.27069712269771
2.18891985508140
2.28932418908447
2.38383775900351
2.45131205096275
2.443839908572
2.45427795603910
2.46020820534632
2.45725458129777
2.47764356684178
2.42563829813628
2.35656344563327
2.34437231442049
2.30368239188129
2.22832587653033
2.31468209083324
2.28303825041658
2.29276897284604
2.07126124568993
2.18810832657552
2.31605799628579
2.00750371298995
2.24373525874504
2.37116278339126
2.29703748257422
2.36590050060104
2.40431280741785
2.32431991944451
2.4302201754289
2.38893863498090
2.30946413260283
2.45107115291205
2.36181169856932
2.44394618003130
2.35438063446505
2.37377235897348
2.36320414711232
