1.0001
1.00011092636471
1.00060748536807
1.00194988437766
1.00187970603081
1.00160712791864
1.00081027834308
1.00057732942598
1.00031806241619
1.00025408509786
1.00049623822713
1.00063037949486
1.00064585797932
1.00053536459142
1.00055845766307
1.00049426121894
1.00048801742380
1.00078853568787
1.0005448820232
1.00086728704539
1.00063975139417
1.00055785395295
1.00073799399328
1.00469298189789
1.02764377513952
1.02510716423452
1.01506317677481
1.01737908649619
1.08721056966883
1.09383084769145
1.08594128444210
1.17721518799923
1.20336627066319
1.17253730779723
1.14147331039086
1.10389979210919
1.05536103861715
1.06838909879273
1.15321705148985
1.24267816567008
1.22452396995463
1.22731742010727
1.40487542991215
1.16385937123882
1.11227711438529
1.23051375791546
1.23014936287441
1.14184876675024
1.20942108864649
1.17535912952999
