2.4999
2.49986473260586
2.49987591624065
2.49991412961048
2.49997350714014
2.49997510504976
2.49998092737724
2.49996800043305
2.49991231742
2.49995756747982
2.49993569145247
2.49991836610606
2.49994387714556
2.49995973469536
2.49989404441492
2.49976885301989
2.49957291699889
2.49992102309064
2.49994560910978
2.49997355981051
2.49997568968908
2.49999141537750
2.49999055536918
2.49996335640052
2.49994071221607
2.49991718144932
2.49956568694425
2.49871906176213
2.49817581993343
2.49597212703781
2.49743666105240
2.49664235962875
2.49644729446798
2.49851071622081
2.49872328973163
2.49767373198908
2.49941295374079
2.49974387681164
2.49927639736754
2.49767364980736
2.49795848362146
2.49962528068141
2.49991875676292
2.49994702998678
2.49997550460104
2.49991482223801
2.49994763310384
2.49997145854162
2.49994454295782
2.49994777131474
