2.02
1.78095790691550
1.82642043167821
2.16468825068008
2.19770648613542
1.87749920739550
1.82790480090849
1.93116006136426
1.59164889254841
1.47738203247827
1.24655833846062
1.19784201673869
1.24161331458079
1.21522837641877
1.06424330822011
1.05151236327161
1.06899809990179
1.04238301011606
1.01207343107637
1.02475490049139
1.01130423317190
1.00790830878451
1.00937025437554
1.02550691747178
1.04058443245306
1.05547520161757
1.03003373546186
1.05369063161442
1.06809929085373
1.15506025536617
1.14414034772842
1.17383764960725
1.28111913868187
1.48681265826126
1.40372566118132
1.55018106820651
1.51966512093603
1.70987812079183
1.91389966156140
2.11382798250527
2.15066242952592
1.81193861889430
1.62164731001688
2.01408534436682
1.86679848896782
1.84665124712627
1.81942435885116
1.95018005700015
2.07894395509931
2.20357180749070
