1.24
1.48696636341507
1.49383725333657
1.32686689883606
1.17061559953212
1.17060230447465
1.15497650129927
1.19500116119077
1.53894006877413
1.72718452297181
1.85202316996916
1.75958768377021
1.52678950543799
1.56424751424660
1.81620726843202
1.54653342275055
1.61997957929710
1.37600435700607
1.57208591191064
1.60896811760612
1.31661741225615
1.45819594885437
1.56216686060483
1.61877544178352
1.93430983234971
1.66237263971755
1.62483521633061
1.22681321540162
1.24478848369739
1.27875273702712
1.36544687934858
1.24120206338725
1.262384941119
1.14120367068434
1.15917370870987
1.1869316019931
1.23441800685034
1.09073821116155
1.06155153000094
1.19911117790091
1.33996769485995
1.69451055487689
2.11283487375738
2.08351309093020
1.89764808766698
1.83252588220909
1.65656438272525
1.88774127091319
1.53959177062754
1.49625753952985
