2.4999
2.49994322858913
2.4999581572038
2.49995731135019
2.49980371759851
2.4998328185175
2.49983844051471
2.49938051781129
2.49919385315465
2.49939430126979
2.49966161544232
2.49982351932247
2.49960600428212
2.49987865458055
2.49981899821852
2.49993482878325
2.49991198701794
2.4997760594652
2.49965328781459
2.49963863668449
2.49982768363621
2.49972709119367
2.49976042594222
2.49971204232702
2.49982494069509
2.49988365735509
2.49992243936733
2.49990175565601
2.49972838200306
2.49981753680280
2.49986842223564
2.49949171139759
2.49986504891370
2.49988366618108
2.49976857904332
2.49967949795330
2.49994753509923
2.49997387803398
2.49997316083316
2.49993534914233
2.49974310512798
2.49970704171351
2.49976728421408
2.49964039270947
2.49985179119408
2.49976351885111
2.49986519288651
2.49990095226262
2.49982951924353
2.49995337772341
