2.4999
2.49987187724644
2.49990970093883
2.49996835351301
2.49997782861479
2.49997773404708
2.49996276491525
2.49996472484952
2.49980407818875
2.49978167017883
2.49923634198889
2.49527495384952
2.49405221329323
2.49411099391090
2.49785547198705
2.49762750284265
2.4969709748599
2.49851700768058
2.49742957343201
2.49261471717235
2.47341118041057
2.48858001831295
2.47444428085175
2.41747406273544
2.41497142430459
2.34889022375352
2.29851723055789
2.27950104509939
2.20662110605511
2.24572652764781
2.40101472858419
2.37961607620781
2.41659997078134
2.47919113294251
2.49544061765405
2.47302363566805
2.44915278433767
2.49084404560053
2.48976361298826
2.48175095010333
2.48100122720597
2.47710060001987
2.47488962041242
2.47064906099603
2.48967355793075
2.49602196086486
2.48830854409398
2.47423327486472
2.46534368782696
2.46904556177349
