2.43
2.42701230067449
2.41129860096871
2.41170112229173
2.48543208505584
2.49080514850843
2.48493419988824
2.49270541981511
2.49691689976016
2.49474111706642
2.49158831093906
2.46619818564305
2.40809491057655
2.46570255981666
2.48768877451846
2.48032545014879
2.4470688036255
2.47469703380617
2.46159508580404
2.47302516096720
2.47894217596333
2.48960463863171
2.49818600828373
2.4976770033396
2.49872591213435
2.49709348575033
2.49006453544766
2.49549414117061
2.49533126924980
2.49588797554828
2.49580336676714
2.49613029414151
2.49902849080901
2.49841698617521
2.49367370117006
2.46671420478822
2.46011660662995
2.48614574872407
2.49043605541126
2.48757711466464
2.49331722579780
2.49488210288834
2.49464567702029
2.49547506056426
2.49361318189039
2.49054845209502
2.43685387913597
2.44128324697516
2.47143719439104
2.41147549108288
