2.4999
2.49986299410956
2.49977757994770
2.49978828123206
2.49990654985997
2.49981867638582
2.49965396407717
2.49960389615946
2.49930951134016
2.49856327131045
2.49682222235471
2.49751760403386
2.49743420146299
2.48548744489362
2.48716171841823
2.47141659444107
2.48002085471102
2.48054905156955
2.48671115147118
2.46873258001937
2.38936510260022
2.41310306721193
2.41781772603974
2.31269835277801
2.30038622160344
2.36016838883376
2.34083933853505
2.43719065554086
2.45354988029145
2.48148422344997
2.49371843394600
2.49601286976266
2.49681045198645
2.49876835076832
2.49951418513812
2.49939941572442
2.4991170665431
2.4996861544089
2.49960944312374
2.49985477624282
2.49984807515215
2.49965530783977
2.49812087597459
2.49551137986737
2.48660356140792
2.49525615158045
2.4836052468562
2.48391777568644
2.49222055103075
2.4937656759984
