2.4999
2.49990304230866
2.49997437888781
2.49995488657494
2.49996516170897
2.49996122630342
2.49993444251573
2.49979342251273
2.49996049630554
2.49997320019994
2.49998635520279
2.49997895851619
2.49999649635294
2.49999632853035
2.49999415346997
2.49998686388453
2.49999413847723
2.49998575872717
2.4999786944553
2.49997140042152
2.49996881086895
2.49997720169039
2.49992349075926
2.49980093232357
2.49922804882805
2.49936352647566
2.49809784224945
2.49825142499273
2.4992045519498
2.49978915249304
2.49979944990067
2.49979845178911
2.49982123180536
2.49992575852563
2.49993841583906
2.49983505203105
2.49984896024585
2.49988171616252
2.49977047962794
2.49989745669091
2.49996469835693
2.49997963087754
2.49994161450882
2.499951595799
2.49996844370593
2.49999238947369
2.49998928532746
2.49999089240968
2.49999105003816
2.49999228561846
