2.4999
2.49987676850324
2.49992546468288
2.49996740921539
2.49996928693984
2.49981565687314
2.49996526645303
2.49997731932895
2.49994614145605
2.49997403164019
2.49994993080514
2.49994252044685
2.49991403695446
2.49996670477984
2.49997527307420
2.4999785942179
2.4999527935521
2.49996048985577
2.49996464018523
2.49998161450018
2.49999125723083
2.49997373054627
2.49998363540520
2.49998515747391
2.49996730778529
2.49996739222115
2.49999417333374
2.49999638688415
2.49999584104697
2.49998655355110
2.49999024232640
2.49999394812197
2.49999562125888
2.49999281646068
2.49999572715345
2.49999896559878
2.49999919156743
2.49999859593356
2.49999470490147
2.49999359796262
2.49998987099317
2.49999562091233
2.49999579055114
2.49999691157426
2.49999273669315
2.49999622223888
2.49998022558939
2.49997341596446
2.49998770637421
2.49997526651617
