2.18
2.15229448140826
2.11957304596322
2.27734730380214
2.23358107292483
2.15050921925195
2.01996528722835
1.90629969010143
2.20650160663015
2.41478802284559
2.33934290639349
2.35629052992987
2.42966556211204
2.46103027125659
2.41136751259654
2.28103262738255
2.29132787693415
2.15029862385266
2.34024571203849
2.37006463214977
2.19686211606751
2.25022966553953
2.14366207008081
2.32988701829724
2.32486149910033
2.41354080004921
2.47133982880250
2.46024974710768
2.48811344673278
2.49629984569883
2.49151056567323
2.49500294821394
2.48221502289315
2.47299129752650
2.49310306072553
2.49592491528815
2.49764173918265
2.49779036717120
2.48926704400156
2.49530233321257
2.47667808178477
2.48258988127394
2.48643066850846
2.48993196688764
2.49577223082309
2.49343768112955
2.49262075290821
2.49398196259372
2.4923863792645
2.49183765746224
