2.4999
2.49986273099421
2.49987728647873
2.49985660471397
2.49983729118498
2.49975805515937
2.49981131945883
2.499306117123
2.49889778589517
2.49810614452091
2.49828523003216
2.49079894775445
2.49459884982911
2.48616347249670
2.48835905607356
2.47451473298082
2.48188717199405
2.49462721969444
2.49355237975544
2.48714719177978
2.49355581493922
2.49237289893071
2.49678868337921
2.49006228088573
2.49033619532714
2.49349030701172
2.48678100771
2.48145703959450
2.4889872984165
2.47760255874853
2.47139079858421
2.46733590637727
2.48703582774124
2.49150629127631
2.48943584350145
2.47256944732221
2.43861960260293
2.44097155674933
2.47556937654269
2.47565838449719
2.43138327849780
2.44851611562755
2.46047768912692
2.27951722707480
2.01509244037699
1.62595465768311
2.00647829485225
1.84913714634874
1.56788154007525
1.79620435552475
