2.4999
2.49989898137120
2.49985208030458
2.49954771326386
2.49885547887774
2.49978650911509
2.49946937493845
2.49929180947072
2.49949851027214
2.49972911518508
2.4996621084023
2.49994127203089
2.49980382762869
2.49979118705573
2.49973103900588
2.49980988784001
2.49989983291149
2.49958393000968
2.49958687575772
2.49914257695551
2.49902653750046
2.49849654128282
2.49849859164704
2.49920318926028
2.49911227138380
2.49936997539622
2.49879922770902
2.49740235900177
2.49754352945422
2.49712599735278
2.49903086058823
2.49887371644119
2.49869591076986
2.49869066595991
2.49968681474721
2.49962563967418
2.49946892487429
2.49929331408505
2.49951195921510
2.49944956818993
2.49881564713130
2.4982107207917
2.49933262773653
2.49902927330348
2.49912430263639
2.49800086376765
2.49777450682436
2.49462544674094
2.49365346888918
2.48029894400884
