1.99
2.00461216045830
2.30141224857283
2.14200495793286
2.15600585896186
2.22302224838303
2.20234987908565
2.09649217509883
1.96850609616753
2.31644467094355
2.36698275339447
2.45333777692338
2.48673885767101
2.4937309362985
2.49524015018275
2.48187764870782
2.49032142974632
2.47852846739061
2.47653400478324
2.47626842493864
2.45982391918304
2.47355182303053
2.43019553149656
2.44450284397936
2.47905270080994
2.42267111607604
2.30128794981128
2.21970933263524
1.83286335722868
1.83966411648876
1.76510689566011
1.76053032629868
1.91151501948593
1.80348718448540
1.78221697168015
1.76398286922610
1.68562332764976
1.70267600318084
1.64861650347327
1.66272249335582
2.13251619597697
1.84030092641021
2.30474875032677
2.34939155550764
2.22675175947644
2.30714926147787
2.07805067799055
1.98173266437228
1.97597402882813
1.79489629643265
