2.4999
2.49978106599799
2.49933304695938
2.49910519983130
2.4977902395507
2.49944456771089
2.49936339729281
2.49939743923296
2.49985245921677
2.49986502820623
2.49971591369384
2.49933751828900
2.49924511605221
2.49962190881776
2.49986511632918
2.49987062911166
2.49950341264955
2.49898558306088
2.49875761741629
2.49897799298115
2.49648962914036
2.49411979671412
2.49362150424323
2.49847406064165
2.49937469442872
2.49948683929381
2.49923812277199
2.49943813234831
2.49946343990403
2.49940854278398
2.49918404314777
2.49866185566999
2.49887928729145
2.49903047050012
2.49707723552715
2.49723799837202
2.48994590491007
2.47215948237717
2.43383168992785
2.38820610474385
2.37019916565330
2.43434895740931
2.40440926074609
2.28639967001589
2.15970682337140
1.89642127998451
1.7393356956368
1.94143428252041
1.78211553861450
1.84803281354492
