2.4999
2.49992906723065
2.49992742707324
2.49998606485418
2.49995828471729
2.49989573592730
2.49986325077598
2.49984850426622
2.49982505957844
2.49983859163177
2.4996030583278
2.49974683564774
2.49949482586124
2.49979126155962
2.49976394663888
2.49990586132876
2.49990729498940
2.49985592091921
2.49971767111346
2.49984906066915
2.49995866660904
2.49997514350117
2.49985850948827
2.49992895383353
2.49977976897085
2.49944681573703
2.49983422663915
2.49993766677964
2.49993407968459
2.49980043297409
2.49975944469261
2.49966631379547
2.49985366148575
2.49940295818507
2.49878857333362
2.49947560514372
2.49932605133699
2.49956162168411
2.49857178670084
2.49948826983097
2.49969344331077
2.49970053554938
2.49909041121741
2.49639862092568
2.48845094004045
2.44892877123646
2.47270198386842
2.4688256113208
2.48179564814379
2.47687783178933
