2.4999
2.49934392142947
2.49934313125112
2.49947432878167
2.49878683988843
2.49695722025452
2.49367601034032
2.49730592094246
2.49663588076986
2.49412714271026
2.49572823378949
2.48104661758281
2.49317937760427
2.49633140910560
2.49744923126623
2.49833385060131
2.49826164231352
2.49518206185595
2.49297164390159
2.49214060103118
2.48574386698961
2.4830339451669
2.49239766960307
2.49589561633334
2.49724856314151
2.49670536261643
2.49693960476325
2.49810344710245
2.49935942445620
2.49809848604896
2.49271279779896
2.47506388948510
2.46310659751042
2.48443707920313
2.49258254347081
2.49815809592527
2.49904996415882
2.49919597276818
2.49854768798065
2.49910981607613
2.49973092644675
2.49950424755642
2.49917669190118
2.49829680957562
2.49854042740103
2.49791390629446
2.4990511863595
2.49860339346842
2.49856346891173
2.49878459846936
