2.4999
2.49986221698263
2.49990443483968
2.49985841036791
2.49996031478266
2.49999233827435
2.49999334039352
2.49996818222609
2.49987859390780
2.49990200200778
2.49980528588294
2.49989496247666
2.49987376245337
2.49987243645528
2.49994902008302
2.49995355987565
2.49994080918126
2.49996284911915
2.49989719026032
2.49995935015612
2.49995816012194
2.49993573197477
2.49997715282724
2.49996041527985
2.4998090017325
2.49977697160364
2.49981184126724
2.49987070676697
2.49991655553037
2.49995356955986
2.49995023417509
2.49999070082238
2.4999735284987
2.49997858598033
2.49998255201035
2.49998734821369
2.49999028934465
2.49998942793914
2.49999219219367
2.49999180537020
2.49998974558978
2.49999348572972
2.49999580052573
2.49999165471083
2.49996118120348
2.49987268913282
2.49988025678736
2.49996836399387
2.49989685469013
2.49992009119543
