1.9
1.93419693672871
1.94987497854112
2.15073582448408
2.15193710954336
2.35691949885183
2.38316405475092
2.42912737529775
2.47782732197918
2.48320915940058
2.4560276501569
2.26701627214755
2.28279818745938
2.18229388426429
2.19741544173655
2.01880935538379
2.17590650382743
2.00654288119752
2.27714953093743
2.17239586017021
2.25332629761797
2.20800601906791
2.29473032798178
2.27606683327780
2.27441935537937
2.28316828047342
2.30322482913636
2.22544784257599
2.09925684313859
2.16717806501269
2.32039061007021
2.18122145862731
2.17838670629177
2.09666209288689
1.87804932412446
1.74075379546577
1.61540875470571
1.49139451503898
1.36145795129623
1.41638258515471
1.39811136977621
1.40012343205357
1.52998114044706
1.58090296466622
1.50343653716926
1.70960544098340
1.97854259295994
2.17854103013068
1.74986926158975
2.06343905208648
