2.4999
2.49994703342824
2.49979013036287
2.49985825581269
2.49993018050998
2.49996567500274
2.49996243447296
2.49994978882170
2.499958943045
2.49996506838754
2.49996331274521
2.49997403637343
2.49988185949416
2.49991436503775
2.49964763310529
2.49972491598111
2.49934580588538
2.49973178979681
2.49984370749693
2.49931890375028
2.49963204703373
2.49932084674416
2.49835854217397
2.49879931523429
2.49767270647132
2.49486523373946
2.49822003352819
2.49759850334762
2.49832345019614
2.49686760384636
2.49429089145434
2.49528830035093
2.49546140339485
2.49455255430372
2.49262190435751
2.49542006313511
2.49901089120864
2.49599102683830
2.49857558360167
2.49885126036622
2.49880848483823
2.49837228429727
2.49894613345966
2.49900610493173
2.49950951695659
2.49990643398812
2.49984391951579
2.49986256503695
2.49934682223919
2.49949192252986
