2.13
2.15570672398349
2.14657418472819
2.11520419152366
2.1132046182883
2.09039637421151
2.14087900029665
2.08575772197121
2.02129551192867
2.30011249658619
2.33156270735255
2.44577768456557
2.41519422317409
2.40196792393018
2.46515864337053
2.48775341203829
2.4792347417147
2.37694811777814
2.35785898682431
2.22062132560972
1.93036167145388
1.84826156410594
1.39218012652681
1.57327208029406
1.58310853358391
1.48685609375126
1.86077985645582
1.69905438034158
1.40104667823951
1.10934898560511
1.08321629721166
1.05705175631346
1.05605222146192
1.04030298637452
1.05416665059496
1.14627174925951
1.30016287710849
1.36614778324135
1.10852614405460
1.08026735591318
1.06663522372795
1.07519117253870
1.22584845296356
1.17965139126577
1.42544280919679
1.4968586381517
1.12594537806929
1.02767875424485
1.08393224584894
1.31243377496555
