2.4999
2.49977802436335
2.49991591142859
2.49996091429099
2.49995324442870
2.49994351007647
2.49998620380376
2.49998792112897
2.49993567493800
2.49995641280590
2.49992671529863
2.49990323818397
2.49954103635313
2.49871116209440
2.49502901114189
2.49705095394387
2.49589755676105
2.49340785419029
2.49851431299047
2.49898461031455
2.49951816642232
2.49967685544127
2.49965694799014
2.49981295330245
2.49985036186483
2.49992594345336
2.49989252415998
2.49985557713316
2.49943364342853
2.4997713250768
2.49859344557089
2.49654095718672
2.48759950558263
2.47205690353845
2.39993722505789
2.44561715049199
2.48272399465845
2.48373029635385
2.49323092600318
2.49437490706151
2.49155689636675
2.45326202412407
2.42838465434479
2.45406516029453
2.3936279230459
2.47664352061420
2.39280433933355
2.45414040961694
2.47941149837417
2.49055535812641
