1.25
1.25921040208750
1.1530294815518
1.11010107081352
1.07524506926555
1.07479023808851
1.10020019410746
1.12409534470465
1.13646458861664
1.51809081078582
1.37482227426531
1.52255467693779
1.55895342359462
1.83476498950648
1.68605557838985
1.58754070655443
1.41832223320066
1.47219278538496
1.20252922409014
1.36912566370806
1.34648049910978
1.33996226280736
1.25520680187238
1.18480023554242
1.25030460458257
1.16115428107913
1.16030702115709
1.35331465930346
1.23775626011163
1.30532715503806
1.32815434037461
1.79585539585153
1.82408640570806
2.32460114774260
2.07859981156376
1.97429511864677
1.59178260393149
1.84570056918669
1.42750821114604
1.56643026756642
1.60867117581986
1.61812816410725
1.59410930765478
1.67370611682999
1.67040899144179
1.57485706470974
2.01559912042668
1.98126775778080
1.96389394264263
1.83881137005588
