1.77
2.18584706325845
2.17648320990722
2.12154300981075
1.96408569867391
2.02109545057411
2.06267214213372
2.19533617629538
2.42083549434882
2.43477017745613
2.47956875463145
2.48443931634294
2.49466519869643
2.49697422337369
2.49826321908860
2.49626822539677
2.48435253858021
2.46464136132273
2.47230134776012
2.47783371677115
2.48782503027263
2.45059680653994
2.46600733020963
2.47592435810109
2.43836421203459
2.35425081034744
2.28982424666495
2.31298273603898
2.33885250915139
2.33670213046827
2.42540423596188
2.23686947507681
2.34885603387893
2.18814241014959
2.21310894567647
2.14720696117079
2.25249737714136
2.41871406041853
2.45236478058865
2.40792396448926
2.3614821667041
2.23784486787864
2.24753575534190
2.12046049999974
2.30087181373935
2.34336152745588
2.37766255152480
2.40909771682192
2.47835641974582
2.49549165010509
