2.4999
2.4997636521202
2.49982699084687
2.49975240796383
2.49975885857561
2.49921468071741
2.49845425650856
2.49884477924763
2.49940379632461
2.49888256131270
2.49641867788641
2.49600532850759
2.49186949597195
2.48793367968735
2.47375555688671
2.49380756828095
2.4968661083141
2.49423677223793
2.49283914319527
2.49540444025821
2.49676261780557
2.49821585789158
2.49933960854995
2.49806242418145
2.49753165230723
2.4979742028703
2.49961125673065
2.49972567327392
2.49955541316215
2.49948159775794
2.49926648961096
2.49932892623584
2.49930230535408
2.49914258655198
2.49686733194735
2.49606664535169
2.48542138200019
2.46881247889262
2.47175062134828
2.45919390954034
2.43493493218753
2.41520067007875
2.43641128845883
2.46890856164722
2.47598819104049
2.45342681087048
2.43485824637089
2.42083967541351
2.47759194149456
2.43242307973345
