1.22
1.25355337383777
1.25456189649897
1.41891044590758
1.40303627033888
1.57671069763706
1.55962412000236
1.32356729896637
1.47761804687166
1.60461715447638
1.40428540542140
1.46869224368439
1.42887639244221
1.42273992909603
1.44206610882066
1.25941521748299
1.58552841194805
1.58729391214048
1.37457792432103
1.40198543119585
1.35063331843817
1.71817087540174
1.71477269975853
1.76100982156436
1.77855995188925
1.59707396305665
1.54062282881903
1.23362939265014
1.22327196583323
1.42453597986480
1.09979458279266
1.06359202275251
1.12458210121018
1.53220711173463
1.4155326290097
1.27896252720078
1.51318848733141
1.17077415272705
1.11628812721329
1.07593859620840
1.10697394841890
1.37036382155397
1.21670843283292
1.21073989355009
1.46149053909412
1.476737838468
1.80208972445391
1.75420704095296
1.57977034311737
1.60633213683897
