2.4999
2.49945592091453
2.49944714117054
2.49966233278994
2.49974971690656
2.49951140380775
2.49904267448051
2.49896663919626
2.49937104161002
2.49822321270844
2.49849698216802
2.49863201016837
2.49439463632707
2.48918692244607
2.48500854379491
2.45978394752241
2.43656099046548
2.48812684695594
2.47674904483468
2.48978597295569
2.47501041862178
2.47818424288711
2.4951034265361
2.49727522375513
2.49953948116027
2.49927698829831
2.49862690023914
2.49424482880749
2.49715521846377
2.48361158761596
2.4956190508147
2.49650485644473
2.49771414837271
2.49805249922856
2.49859004834109
2.49811006775730
2.49798282764413
2.49961452863846
2.49961712436812
2.49973700147853
2.49965799797459
2.49919781778028
2.4982758973233
2.49325208603489
2.49893186977546
2.49884382202196
2.49905307896006
2.49953291380660
2.49966975347429
2.49861858724986
