2.4999
2.49978585442685
2.49969345264213
2.49985719528779
2.49989807555226
2.49985375426947
2.49994441779681
2.49996959203858
2.49997113287695
2.49994645346932
2.49996582025415
2.49999291196872
2.49999315158890
2.49998395173088
2.49998207856174
2.49999032581088
2.49999142340792
2.49999680560163
2.49999535727836
2.49998058822713
2.49998478338502
2.49999540664041
2.49999234719474
2.49999389152109
2.49999873892934
2.49999847533508
2.49999661928066
2.49999652894974
2.4999978659883
2.49999929512062
2.49999961498885
2.49999947728205
2.49999930179071
2.49999837930248
2.49999727635066
2.49999927336369
2.49999829241426
2.49999763186080
2.49999711034938
2.49999635742838
2.49999343983379
2.4999835804938
2.49996016556730
2.49987574242453
2.49989326396556
2.49986737545762
2.4998198917993
2.49952766572994
2.49962424214659
2.4995707489965
