1.28
1.30828448491865
1.55293723928000
1.40564073393616
1.37650473193806
1.22913978152938
1.10872207732515
1.44488988619728
1.56785547918956
1.80811019110934
1.73566184323723
1.73559657278313
1.67096177399081
1.68325726779891
2.11433368396428
2.12398361839014
1.90754183131261
2.15069875320946
2.1049166116411
1.97019880587991
1.79051881163267
1.30772494588200
1.29864715813573
1.57550371815746
1.64967772916333
2.09844142787989
1.95983328293293
2.24917635079953
2.41917579463894
2.42675415559822
2.39963888166412
2.40917836553448
2.38619499720152
2.10832551820950
1.75674430348016
1.36625974055227
1.12699008661786
1.20721308711393
1.18650714617096
1.11446429501751
1.25326398637122
1.60979870157556
2.08633241896281
2.20756604360746
2.41801860190487
2.45671990055157
2.39342264342974
2.25521392667076
2.27710955103060
2.2013703746971
