2.33
2.42618502274455
2.45372248890080
2.48029209099596
2.47463461538756
2.49195113868852
2.49035398946493
2.47020945692314
2.44955238680496
2.42217296881744
2.43389399055090
2.39554449919412
2.42874488290145
2.47355826726017
2.4725811173129
2.47877525704239
2.4871763808974
2.49620116019013
2.49736863365686
2.489580992897
2.49225630566746
2.49121648456463
2.48921942546462
2.48478890733651
2.47427132105038
2.47921803735167
2.46540529584382
2.42820132545722
2.43622461643548
2.47880561030893
2.46574569721457
2.47196957385490
2.48753172807499
2.48017797800650
2.49334883808480
2.4951043178532
2.49622042477262
2.49714219383475
2.49708489369821
2.49852835847437
2.49954250057984
2.49917859478998
2.49918995578796
2.49855619774542
2.49740808233096
2.49703628602757
2.49687219289742
2.49742827204478
2.49622262439562
2.49637676174758
