2.4999
2.49994762548649
2.49998339540055
2.49996799116265
2.49996538773578
2.49994769069351
2.49995045282906
2.49995466941394
2.49994933823722
2.49994730704038
2.49992733467727
2.49982545889681
2.49986524624198
2.4999059478305
2.49983035900680
2.4998745368511
2.49985011623527
2.49983839571434
2.49989121006886
2.49958661284909
2.49944471174151
2.49963353130263
2.49951222895079
2.49981746672619
2.49937654188254
2.49853792126799
2.49763084959331
2.49687045887121
2.49805159604984
2.49871558852246
2.49420290569245
2.49001164015705
2.49594947950366
2.49808403710287
2.49685866614186
2.49770457881248
2.49875332836654
2.49682187130423
2.49905279693401
2.49965611232809
2.49970859586712
2.4997509963442
2.4998655779429
2.49986042446486
2.49992179954567
2.49996827753516
2.49992672733370
2.49990385171549
2.49982047837955
2.49982577872769
