2.34
2.37961088481212
2.38507887511816
2.46883308586141
2.48194441596372
2.44964083810183
2.49031053210476
2.49771176205122
2.49918879306891
2.49524918564746
2.49719130102994
2.49940969832351
2.49730003804308
2.49852448707626
2.49899961613271
2.4976099261029
2.4967980421779
2.49727708475113
2.49723538722777
2.49634812309671
2.49718140656284
2.49161176411487
2.49535776047934
2.48364711326645
2.47002547182677
2.4871228801076
2.49214757673402
2.48474649988185
2.48221023707957
2.44396023550498
2.46674799708498
2.42723922137649
2.40356748421616
2.44712495709735
2.43139812511237
2.40067245710833
2.43925170396581
2.47192203494682
2.47875383947491
2.48007631506042
2.45022954375924
2.48226014115270
2.48717844517097
2.48368652465242
2.49361250942532
2.49704098007440
2.49860270987440
2.49807983240519
2.49849872720592
2.49570476658556
