1.42
1.45222352023234
1.64050472112584
1.64881543656647
1.66515728784547
1.67076897672909
1.53827326671413
1.52914650162719
1.54911754799964
1.48333502794361
1.49942600892076
1.66532964933753
1.60579775989947
1.95626441414822
2.01751258760532
1.86357618183296
1.83208723821044
2.18594939188019
2.40051938996747
2.37374694104325
2.37749846296244
2.47428533053828
2.47562405064969
2.49250776638583
2.49337155184665
2.49741450324094
2.49634189911877
2.49841694722828
2.49545277945171
2.49509988724546
2.49330993357928
2.49386940085656
2.49430383440089
2.49223107654071
2.49310904845906
2.49558848894198
2.4965346656048
2.49836227839221
2.49923156577453
2.49966856392664
2.49956974706007
2.49986561022044
2.49981128001762
2.49910413081379
2.49949046097675
2.49943681614044
2.49872425330079
2.49965452703601
2.49977499546741
2.49906622636566
