5.55578402660321
5.72892534227176
6.99138039476911
8.29021942338315
8.470087272058
8.74727780895028
8.68305004340174
8.01528984950172
7.44936481512974
7.24254094994518
7.36426350744475
6.44727681378046
6.00409385921577
8.18721979401217
8.01422995655181
7.826077190267
8.05687542171286
8.75524857748903
8.5435390676805
8.5391180546414
6.00273274406046
5.67483976774622
6.0834981871886
5.50061264339186
6.38193563135855
5.69890957973664
5.79236200073425
7.58929843479549
8.05799318408375
8.76619711253113
8.4651856891827
7.98267916863212
7.84886871800469
6.69045196501256
6.82605828688104
8.43820069206717
7.35897472535444
7.54183701483717
7.17417324877926
7.2956709286104
7.24470716916664
8.72268516070761
8.09392556119627
7.57982705943203
7.04979902240364
7.1247885615795
8.42299808405707
7.74170469720374
7.8996541211663
8.6452883234323
