5.81032745409757
5.91789801915327
7.0479557868804
7.11974558488692
7.92863709587914
7.87266553351723
5.83388932859593
5.59285560020809
6.02196953386733
5.67112906097771
5.58964562301774
5.70932845774218
7.79659670431278
8.51220292983386
8.54321858697839
8.08856176710025
8.37534789109646
7.58217700498222
7.478203558613
8.53472565786793
8.08204529263933
6.64457850313553
7.08093719984186
8.00342397978855
8.78609662044258
7.90795939417598
7.83739868350594
8.4697547567432
7.2937584775655
6.86016453309772
7.65965195229133
8.42625866170584
8.44345151493459
6.80847383841382
5.77967782464001
7.39937772018708
7.38535136225362
6.33953281907783
6.38118912392295
8.04973284067516
7.807016960342
8.22819306283186
7.21061291484501
8.71957173902476
7.52072818018975
6.71625664660674
7.2712196035698
6.87478785711223
7.62306331755476
7.94455775523761
