8.50538878687657
8.34984285238443
8.6192628042203
8.3759165737101
8.18902749936355
8.23864645636665
8.01980472813286
7.43294848599218
6.93199383938117
8.12009926835088
5.73931224989718
7.41364222625024
7.0290973412274
6.45819706923378
5.5579964431008
8.46020148121804
7.91428064548053
7.73112069808911
8.56947602977078
7.28402807390325
8.09023594013574
8.25156948846613
7.09245246034895
8.02485240742216
7.53660634547807
6.18770459204777
7.35663755046347
5.93434241167727
6.53702972343581
8.74404593033211
7.82671864913717
6.37396013350155
5.88372676916614
8.39036418625635
7.05451574039579
6.63902983764168
8.12932684860567
8.48713276868927
8.44170361178097
8.47854653670393
7.54862344069899
6.37334459331566
6.4386392237454
6.07963750218715
7.1867001411683
7.10349390013049
7.93916578826323
8.10662939473524
7.55928164736124
6.2424514484239
