6.57921508152504
8.13736957647851
7.64358203455206
7.63122388226163
7.57270193466655
6.73810843471161
6.7226352979289
6.50868139329109
6.21220886963805
8.3474713286641
8.21427518673217
6.47895312671565
6.28353234694333
7.51217177138968
7.58856145132915
7.85249191549194
8.34312496291408
8.24411623036513
8.27298431203537
7.4478830842043
6.99768645048333
5.54128186424587
5.8320692464056
6.26866460802227
6.57935335099174
6.22358517986185
6.71160775370097
6.48921323090599
5.69936938199953
5.53767045560391
5.87894198118741
5.79693505223916
7.68486517556747
6.62400717833857
6.67838526162514
7.24066160174345
8.05292523605229
7.12803951557205
8.29380400897415
6.73713726988649
5.53303343958105
5.67219376794244
6.8393448506135
8.790871952545
6.87872241437726
6.51723916674445
5.59537627701663
5.52179913079562
5.5568115823641
5.51683415741722
