6.25138692033943
7.31940545947906
7.96605334649583
7.95379883908485
8.48035601326423
8.26646920289682
8.44417005662488
7.91843351591044
8.7433201449383
8.55865446143817
8.6817308217421
8.24256991791797
7.32985475832233
5.82458995070488
5.75119874308716
7.3440438978901
5.76095833784006
5.8924616002819
6.68863763094243
6.0590532103908
6.53650934922132
6.13755234561066
6.31956639122162
7.71199966552612
7.19718531198934
7.18645823743691
6.22320963547185
7.9058744005169
6.85022259079206
6.04871758856966
7.18470663243128
7.0904620923308
7.46703730820304
7.16650331806
5.69698091601207
5.75954499614659
6.51341223249076
6.93738219004022
7.01011214407059
8.6842162777275
8.7043738863475
8.46189516818759
8.43434453578957
7.56349236023575
8.67555808236222
8.02193718006334
8.73753868062136
6.7526306741202
6.14878879913812
7.73852303507789
