6.88401942763012
8.15126668774774
8.13062043411693
8.23567380482227
8.56956304355927
8.36572410071135
7.71967914521159
6.09333696889394
5.90821032560513
6.18721017626727
6.91952417805238
5.8405079187092
7.14373185639699
7.14031231376191
6.8142461104796
7.2289096306422
6.76845576630478
7.23513767209408
6.50353477594804
5.64213264612728
6.36935189531911
6.81064011545141
5.68259075037196
7.24480687232724
7.07043739198278
7.83580236172952
8.51775194043118
8.66188716193947
8.56106531286845
7.84304165150324
7.44000863403067
5.67533895785706
5.89953517313681
5.96638004673039
6.3794391283799
8.68608267941307
8.68893292470474
6.23889222731862
8.20967719532935
8.65500799878126
8.0379409885884
8.08375581613861
8.78647610853428
8.37975573580719
8.75084823154131
6.72152183906145
7.88304258600675
7.16565059692175
6.94240797070869
7.68903423536233
