6.1566031399183
6.89189790148292
6.75252594191373
6.13760820216248
5.9310912706681
6.5344605171235
6.05958212139354
5.70442332217508
5.58845998189543
5.58586289566871
6.71518809573174
6.25627186739732
5.88108441359605
6.64363937534469
7.21535881750053
8.47837337038565
7.75656203486205
5.76306967781418
6.4858996831511
6.85751836823084
7.67865091185205
6.57483546274149
6.98707748372084
7.96891724817992
6.89123996870465
8.18646487174913
6.32705462072402
6.20156661589756
7.27820097594726
7.42656669720426
7.27392450809714
5.94899090501011
7.67660380602346
7.2870497793415
6.98260090610449
7.05249798508364
7.123091868986
8.43998203831041
7.19774090427131
7.27312606256504
6.99490210831543
5.55236783626773
6.41192148779685
7.02297859260079
8.09600344982898
6.48573173493557
7.69213718909889
8.57283334032316
8.66646071025056
8.72889862591074
