6.54939191157464
6.57025421746354
6.61985758771468
5.81404815348255
5.73644184712922
5.72268693274488
6.17864060209906
7.41911410370361
7.78173939763023
7.33725248490921
7.64155161226168
6.58447860312628
6.24283166645105
6.00523952945573
6.93074735028917
7.29021165814407
8.44832133860398
7.66332058128972
7.77270455922916
6.03118046735347
7.24080972481287
7.82610172401992
8.59706099009188
8.2379842308683
8.23153021298212
8.1856900068739
7.1520624389153
6.66437274400758
6.52401564659425
7.42344852786385
8.5867291704817
8.77862872323969
8.41620481454337
7.9868943584799
7.9702526423528
7.92767024298995
7.98535229357113
8.20795369021325
8.76513861319132
8.60097160683259
8.42985154868497
8.68070563334638
8.35806705031084
8.09733871859592
8.19614289417197
8.69320419702449
8.64602030405107
7.75821678258263
6.9107188492152
6.87338770846742
