6.03895452956203
6.04634100194748
5.86420654717496
5.96463723717922
6.07709479543914
6.08812903443713
5.98742328921159
7.93223971814674
8.27238836682246
6.4482230476263
7.16560268889622
5.82688560208278
5.72188438721253
6.56758333454464
7.63338741216873
7.6940402847197
7.37806080805424
6.33392718026701
6.43048123049683
6.65488314955098
7.97032720288648
7.0613473139766
8.15952180820213
8.040026814264
7.76241091481105
8.64428841801976
7.50604059739172
8.14627263345093
8.75924182752306
7.2366073980312
7.71466777705428
7.40358534005496
6.62185588937278
5.610851053641
5.74853653478702
7.09135369185802
8.67145198042507
8.77899521785941
6.8902110784702
6.91404355703834
6.46096893134508
7.2641965405699
7.6535584919888
7.97785081776748
8.52408596446695
8.75053150732563
8.03691385322702
7.0935010139345
5.96121065072584
6.9832407782264
