6.6850352477748
6.91569562348401
7.02772923444148
7.14258361404316
7.15872319864866
6.87371223381983
6.45443228919717
6.97458935268507
6.74625809474055
6.5431360592567
5.64812752127531
5.50196960820288
7.8810285457885
8.1890329805201
7.63918001158489
8.23262576070995
8.4010442549045
7.7730999415379
6.40582914684704
6.98068068276423
6.25614759451397
7.23355909731749
8.41842477416755
8.74439261471306
8.62237816164566
6.03684902703001
8.03445202687019
8.28643309084894
7.58404143093762
8.58249227339079
8.49903735972292
8.49659430853699
6.59099098648544
7.3436062080404
5.7482804625604
7.51068856099916
7.49252085720074
6.51223149276617
8.36472067185151
8.79881290452634
8.50326060142477
8.21959042331975
7.73222429075928
7.16916118950287
8.69217824969948
8.42844729570948
8.2229633025917
8.15862361770435
7.61758779608473
8.05071969807127
