5.78620616514236
6.75803606848805
6.79727813474975
5.97376240764392
7.9373447587056
6.63148151406596
6.148983636319
6.07396053557825
6.27873582125692
6.08941366267614
6.1621695686252
7.57999929642328
7.79881478697347
6.23213476433508
7.14238308151123
7.29940546667074
7.32088663013827
5.66706215556123
8.45184651611717
8.43927990607357
8.41680420976383
8.49094264799688
8.70892707269751
8.10587684100133
8.61518644664377
8.68688006131945
7.41618746866741
7.85489446059844
8.57549104750703
8.41902896410183
7.1293933235328
6.57228475905405
7.78775895267299
7.79927422149612
6.61142127350678
5.97500767219708
8.14479151788136
6.92439954268808
6.31764968880487
7.26986700317552
5.85665376378534
6.24835291150529
6.94205810724789
6.11527240696977
7.76605250921183
6.39905807781583
6.15923681127022
6.45024681427623
7.29082750966491
7.29900034512112
