6.31552072737832
6.4400936556333
6.62012830059207
6.96218045708204
7.26653135316483
7.18506630849627
6.7672500200262
6.22375706567603
5.89535369381179
5.79858147849891
6.04079766074494
5.93692736720719
6.04631959139293
7.3558755629282
7.01677113633775
5.84747088036557
6.36923645586352
7.16701132773039
6.04206980084272
7.21012858284325
7.51157846378326
6.03500776770085
8.477045420646
8.1266880041201
8.0042308410122
8.49884715498968
8.08297391215678
8.63179674235512
8.28579749435586
7.44706149191419
7.15700381995337
7.72727812655812
7.88474300566076
6.261704184557
8.55103793773734
8.57496016680007
8.70723321391884
8.35585335984814
6.66465834731224
5.84905556814673
6.15204643615228
6.1898172434297
5.71192020660904
6.01917819118965
6.11190483178226
6.49415548490181
6.45414130976428
6.20793745141104
8.05642810013455
7.35276409142524
