8.07573074456304
6.28112169802189
5.54449526554846
5.50308851540112
5.50050905248896
5.50020400680075
6.72536073986565
5.92948631862993
5.89353154625228
7.05769800215208
7.40373146722229
6.82899508303222
6.6871670884906
7.02102294385054
8.61763616940517
6.5158553693944
7.3361151835342
6.1682678739811
5.95164067175152
5.58938967790356
6.96650090648823
6.38162375478453
6.01030718312307
6.1463617286323
6.83427810499256
7.04361973759603
8.40568683090924
8.42247571530018
6.24913166579482
7.94215916555057
8.6240184246445
8.22521977383369
8.13922949637976
7.63294304806719
6.44589887687965
6.13021067869725
6.17534305430267
6.04123959583344
5.62252708573355
6.5768272994321
6.96347524208647
6.73940937095856
6.27691308320095
6.3667816904168
6.94573818073106
7.20534163773971
8.74223319709087
7.55361100046014
6.96459847933101
6.31230348073237
