7.09120835661888
8.73290837266239
8.74203633841238
8.7457772563357
8.76736169936242
8.58190683557303
8.15806072837232
7.9860848222931
8.38177333113636
8.5709149834702
8.18344476390447
7.25933345008392
7.73936039974734
7.80780408318907
5.76003516662664
7.88241177817782
6.86461027513893
7.54587758825257
7.46132479405363
6.90101630208688
6.7143755910207
6.6830470772424
7.32455891174438
6.7883480427711
7.88365179179182
7.26196382632424
7.0199913581726
6.52477140854016
6.45169383624049
7.66476593137659
7.82340579067444
7.78035267132865
8.27728063405016
6.37059336656136
7.1227160326842
6.50285607846401
5.59890742812683
6.17943756019818
6.12963809234386
6.10279845755663
6.18289211379801
5.98836563479609
6.34675054442262
6.96137680456073
6.35358270164187
6.12249581120184
8.3855446791297
8.30120496954846
8.1491432038331
8.05570876749484
