6.84343039093073
7.00865868789757
5.78171943580779
5.77128471690266
5.7569552726698
5.56206340751508
5.52667015146993
5.61190634322183
6.3786495396963
7.07051753116662
7.4269702297977
7.67833264207936
6.90163311617366
7.79807533002856
7.28719748273765
7.47976337626337
7.4415814919243
6.90745300690963
7.95166823375942
8.31350183447523
7.75001314178924
7.78038233362852
8.57668008421718
8.55583508212572
8.07963227600629
8.59931697354538
8.78552563415624
8.65021778241613
7.36458182922073
8.7414217648193
8.17318142354067
8.56054636123635
7.79917491679125
8.31808633781524
8.15116286355967
7.93354219680597
8.19639513861679
7.98368432894808
7.92359117876145
7.71125617058952
8.7346100643828
8.75466534253787
8.18469767816434
7.37746621918481
8.03986560061956
8.61662070035761
7.70837662367767
6.32416188924142
7.59319874084188
8.20344852852226
