7.62855038556736
8.00481139713951
7.19865871027718
6.67155393416857
6.24648966116608
6.09929144251097
6.08571930463534
5.74091073879247
5.68446849062441
5.66958812543977
6.15465846855487
6.90179440396196
5.78233856151089
5.92078046200343
6.48481569630974
6.4485082674307
5.50295441110475
5.91967609507708
6.06664546826921
5.90840022609933
5.63238313486114
6.46496729726906
5.78250405504123
6.28413758707203
6.11297041345935
6.70865884229277
5.54589267312485
5.86474560298949
5.6953576535756
5.67923044706275
7.57614279405567
7.1050250232478
6.21070131988053
6.40356316563063
7.74292983908555
6.98190488914764
7.50693771200704
8.09525551049845
7.69907356738811
8.16351314364699
8.23845686179244
7.04570503233189
6.25977538369057
5.9700009106414
6.17741744660495
6.41139964104947
5.85803800900491
6.40716548993439
6.30435715316169
6.51395631935182
