6.35223857413512
6.08804727191341
5.96063428907419
6.31658117759893
5.94242985398581
5.9202400320587
6.43907652369914
7.06587808347322
7.58706210578078
7.87749680864466
8.02990078324961
8.56195809052934
8.05755187066619
8.3447108312291
8.25082493983552
8.79923632081462
6.95789329241163
6.12299512543843
7.34902128376043
7.69241592014393
7.84399187122083
8.26939881178063
7.08288895546368
6.49828010621633
6.90032740598294
6.66337007723997
7.5450634398098
5.66701682527131
5.56861254978589
5.58753953368331
6.83422253456346
6.74676648044064
6.49613445769302
6.50719717898342
6.35230250458682
6.92144388355036
6.7738224260413
5.62105681219702
5.70365780695567
5.86109716418607
5.68143637018483
6.13990140686449
5.84244661618661
6.04560771160761
6.21050823897612
6.50722700800136
6.37460498026015
6.36926840811229
7.15624726951006
5.79357262343767
