6.50623104120605
8.64481052208451
8.69345338303372
8.73839155608929
8.76788446248041
8.76911872601322
8.4301587977221
6.710682371469
6.85089686027257
6.32429688984167
6.70011242690945
7.41711301660684
7.2819594412988
7.31516959499712
6.48292178106639
6.84830823545489
7.04738380657392
7.31428615449535
6.12442070412473
6.07854499352322
5.68472240886063
7.06240300024634
7.50726940657863
5.6749127036071
5.92358556982435
6.50612338431108
6.68021966363792
6.05943760670257
5.9913659389688
6.98116206146181
7.02305113481557
6.3085345798887
6.44550994565227
7.80675802157578
7.48601202912445
7.5970287183879
8.52874256996185
7.68815232357162
7.32808526147788
7.4033113741611
6.37556138034833
5.68028741906964
6.23478640379443
8.48248039872839
8.59193656508794
7.34141363859116
7.35253807266509
6.40167251621378
6.15196592902643
5.73783089189204
