6.37840124787763
7.13250267198397
7.45176050890668
7.9165173140143
7.9298477831314
7.77475054430211
7.56741267326513
7.42745550251726
7.6447560747229
6.77757252751994
6.71228293914548
6.72186620163931
7.33801625584102
7.66451419975284
7.74771400864714
8.36155506790985
7.10523262733988
7.17520213943541
5.77579582528486
6.10394565383687
5.66338575769699
5.57879854416453
5.54936480004475
5.505492328297
6.42247860006572
6.40383896349103
7.02354419954226
8.10620568682334
8.7251185435286
8.01440046505054
8.09727262302511
5.72560947593009
5.72092731883571
5.89190693213901
5.92268247983096
6.10680827507563
6.27191227265549
7.65786032574839
6.23008572750027
5.55188350153534
5.76986217546165
6.15743967371012
7.2386298581061
8.01010248568777
7.5020474312794
7.47759606240281
8.16531865450594
6.70517717379719
6.24461396407606
7.2936848059175
