8.04535885534715
8.20710503075625
8.63908267347447
8.66796945530313
8.74791103437716
8.60653552400814
8.55110722184619
7.39038223788983
7.10296351139251
6.20931767624473
6.2618453116383
5.7733659383232
6.08830866526236
6.58500119725578
7.7626739003836
8.3971105338325
8.23416122321684
8.24053640964273
7.01454652982437
8.26028196612111
7.86604903297573
8.76587031052873
8.5956814793573
8.57251020069133
8.42631863254748
8.23485420463836
8.06534957025906
8.44071280468333
8.48819110582966
6.84811521717132
8.36139423207293
8.53404053645208
7.46164339031093
7.13173252750745
7.96955042341233
8.66790628744218
6.71129304609848
6.03666818552331
5.74092482644634
6.04117699299606
6.09640961077233
5.85268833687497
5.82005655798684
6.00895514331446
6.17789177058006
6.65181247058258
6.25461416925326
7.28460503322888
7.57565333678575
8.35776648250951
