7.82306140556466
7.89232333635864
8.11438014986657
8.65161139506687
8.74700624275749
8.75257558149958
8.77936605214052
8.76965714236145
8.50585361527938
8.0695707318402
8.1118022742604
7.66634969716453
7.80088756772557
6.89566370708735
7.18873023108163
8.0436620927051
8.12070433042376
8.34206360238906
7.78122940134822
6.33299183160894
7.14400624014155
8.15740641141447
8.34574581119896
7.86346265941706
6.54867031939735
7.17993834366448
5.94988210723807
6.5412415159446
7.38653486339708
8.68000698178355
8.79441213139735
8.79024594041305
8.69872007559948
8.19905967087615
8.15860782036688
6.2593255566993
8.3514954129429
8.25562157965982
8.3763783558444
8.36419082276163
8.42920080927538
8.46035560627254
8.15457498841437
6.60644967137616
7.516399006908
7.95795572194345
8.13964620243349
5.79169892530479
6.09979643367578
8.05068412932914
