7.40457832631655
7.50483659967553
5.51998453857579
5.51208170633106
5.50189004392208
5.50119910051225
5.50104225102597
6.29104928518943
5.64621407761319
6.3413219083123
6.33174432588083
8.02010604149742
8.39776161970602
6.28667418087685
6.70031570265498
7.29493762113388
7.56940130785529
7.78563190334783
7.67954765445664
7.50122045652536
7.81792729427193
7.26121917958656
6.26519535971585
6.21713128420353
7.08889683045932
8.2014200582726
8.5594180573812
8.43349661227913
8.51766316954178
8.2951005954945
8.12774366996178
8.41484509110569
8.79534716853055
8.30502581003361
6.50327137437692
8.05899144195043
5.62277552591512
7.91411238701653
6.29387749274369
6.84387758988064
6.32159983812657
6.05596427985508
6.25473052674084
6.05883595056364
6.57277858205179
7.57463142280365
7.05963278109784
6.72373129930014
6.86646006442432
7.2682026805635
