8.55879832131323
8.71062311631741
8.72374447537839
8.67787703949516
8.73755708480594
7.6905610525967
7.32138818641926
6.16862050722112
5.98283418503002
5.72068329171844
5.50886412426887
6.47120611835265
6.93676839095819
8.00287337915439
8.4940771252644
8.48428154841126
7.83996916096767
8.05093793324173
8.47867035463249
8.4097893172416
8.798428777223
7.65626287710568
7.1194596867988
6.43795432906192
6.76293666857821
6.62580084182848
6.80011131839763
6.7535608535881
6.08623574326144
5.65786091251454
5.5271618299774
5.9341122221291
7.2079167365179
6.86803482350968
6.71624540770477
6.31630656356043
7.19706836198459
7.68467042163868
7.19163813256213
7.38572168841578
6.09321978900915
7.33388801667241
6.7799195665584
5.50435338779794
5.83640478066075
5.73792510829933
6.24369240261005
5.56506288926695
6.1588336253841
6.02520780521776
