7.0141115560662
7.14114532089854
7.44866126431684
7.30770681549155
7.74470587929526
7.94984807647348
7.75416981748904
7.89112774802077
7.72635678242391
7.29603660060706
5.74867596778404
5.66078143121553
6.26460794019167
7.38680030832075
6.91008874082946
7.38185503997278
8.4952850502282
6.74147285240365
7.64537196868441
7.69302443365632
6.53276346800224
6.86589324766776
6.25882770321797
5.5641876616148
6.32929258360185
8.15684097013094
8.13224777156903
8.08693253018271
6.9044214201666
7.86048975736309
7.39126698940907
8.43164490501311
8.27518681272724
8.59261510412476
7.46286281124931
7.69362337036724
7.51829454404017
7.26467942861971
5.7097495688448
6.21457179862195
6.26002982012694
7.83686486441672
6.38523385268097
7.92248817255657
7.83124035959654
8.45032807178136
8.5847020804718
8.67877540657878
8.76378743686934
6.70655772143312
