8.15124702516478
8.64850503333261
8.24042896353036
8.19610268619234
7.33853533953751
7.27260132534726
6.61295689043948
7.12445990123085
6.56663093692253
5.7324586732989
7.95531800009033
8.64630632611542
8.62522163485321
7.52360748477794
6.88649000420724
8.68301251071994
8.03677792323527
7.25672841754099
8.51633854725841
8.22231114986072
8.0648636820748
7.36996441921437
7.7100098776546
5.87687332292581
5.90508984954277
7.11511534496782
8.3038600788245
8.43538738255037
8.73742617494505
7.25618103594263
6.8798050353819
6.40082129224179
6.0964365708898
6.38425442779767
7.31154175384283
7.36482328723205
7.8353316156096
7.95523567959792
7.62070173363651
6.89817113220163
7.01883066601076
6.76119285745263
7.12118217435382
5.59585371629983
6.37409958614189
8.32126022604321
8.04505270774503
7.94889231928098
7.54746586122717
7.2008649962042
