5.8916981629096
6.0312685888123
6.19786059052786
6.19782827852763
6.08286177551617
6.22511855295768
5.88456259405147
6.29323336608006
6.52114422194459
6.60200513625116
6.98355374448442
6.96036883826175
6.38806423203722
6.3425463381042
6.43787977674262
7.2942032901728
5.58716464578358
6.71090203818445
6.28418377508843
6.18189499090774
5.97148483391505
5.51975231995555
6.53760796684543
5.85139490422084
5.97801729573525
8.13250373213209
7.46019090896841
5.83174005263089
5.94803575279831
5.68118988797057
5.68645458875648
7.0993171642115
8.29370131828247
8.73211727251357
6.64955434419273
7.50310566678702
6.99436258492931
8.10239651902905
8.48559693304217
7.81739343305335
8.01315904911987
7.61506149661757
7.49491597646390
7.49146694288963
8.19295570619585
6.21037327700475
6.1280503957004
7.72757980985357
8.49037996017165
8.7808126778812
