6.9046710993629
8.64769675447195
8.66702941603392
8.41089815058224
7.75462517892463
7.28304029871133
6.13625748369784
5.83381490760189
5.8833214245076
5.83033039686248
6.48623858688684
8.19069942345522
8.76142942215406
8.03162138912504
5.86108558289801
5.69167645036346
6.14369267987552
7.14823293656576
7.12386117904018
7.78690330595164
8.17309770941207
8.02163802517266
7.82191037796398
7.53705296855807
6.46166235500115
7.85470021994543
6.02610659932229
6.85443367233096
7.18585639539575
6.89185600409967
6.03198003410438
7.67533665240049
7.01581586893886
7.88283855311192
6.59903485217682
5.60348959690783
6.97510765114197
6.83541393237496
6.9125176989588
8.72693359045396
8.63695904675477
8.09033644299096
7.99677027518192
7.39468863646542
6.84375863352374
7.66136859482409
7.21346958041289
6.61508286291831
5.61936617975242
6.38573508390344
