6.41616577270906
6.75168850278847
7.01953043101998
6.48407000798434
6.38588952612695
6.29278027244473
5.55770800892952
5.5163312234608
5.5016069883418
6.0863074913491
6.60109070100453
6.99532011446216
6.22179486224774
6.22388054197887
7.59772462140378
8.67293563827605
8.00477085838299
7.28668109250786
8.70851812356797
8.6372549429942
7.6820231029076
6.38608862138122
6.66422719529753
6.16067839744925
6.33612815324897
8.14958046331815
7.71600211012315
7.83947052853424
7.41008372122706
7.39731676630145
6.02301405152422
6.67821165142782
8.6989987763123
6.01143647142647
5.67225939771376
5.72167205912444
6.12752404764248
5.77458800597737
5.60102025740944
6.15533979845082
6.0568452841723
8.47847600361981
8.76052306937368
7.20103194722163
8.46014314416887
6.58090170907879
5.63262417312478
6.99764089369195
6.92735430075767
7.38488290345491
