8.45784583119676
8.68651237943286
8.7355185626659
8.71975534919691
8.67064194078039
8.19298893421101
8.6000406809615
8.4334808378225
7.11128294791335
7.51331754542955
7.82839659649946
8.27734909820351
8.14131939534784
6.70852698046354
7.7726626741757
6.24089124429382
5.88538261429764
5.51431423272345
5.55265492177322
6.31960983565389
8.02625427939979
7.76489357917048
7.56147062554015
6.91505176185799
6.52413044023748
5.98707623096603
7.1409626004934
6.85462470935616
6.46993608808901
7.44439978321323
6.09418627729851
6.82859637773765
7.02744204119218
7.48310761230019
7.36832088101694
6.50388977659477
7.01054099772452
6.83813599936526
5.77652506715791
5.55811432154469
6.91692214303548
6.49953583871527
5.85364237830435
5.94001213336923
6.36305399617339
8.1134761384157
6.06037527564257
6.07538644631297
6.74309265866247
6.43649994637248
