"Index"	"country"	"country_code"	"1950-1955"	"1955-1960"	"1960-1965"	"1965-1970"	"1970-1975"	"1975-1980"	"1980-1985"	"1985-1990"	"1990-1995"	"1995-2000"	"2000-2005"	"2005-2010"	"2010-2015"	"2015-2020"	"2020-2025"	"2025-2030"	"2030-2035"	"2035-2040"	"2040-2045"	"2045-2050"	"2050-2055"	"2055-2060"	"2060-2065"	"2065-2070"	"2070-2075"	"2075-2080"	"2080-2085"	"2085-2090"	"2090-2095"	"2095-2100"	"last.observed"
1	"World"	900	0	0	0	0	0	0	0	0	0	0	0	0	0	0	0	0	0	0	0	0	0	0	0	0	0	0	0	0	0	0	NA
2	"More developed regions"	901	0	0	0	0	0	0	0	0	0	0	0	0	0	0	0	0	0	0	0	0	0	0	0	0	0	0	0	0	0	0	NA
3	"Less developed regions"	902	0	0	0	0	0	0	0	0	0	0	0	0	0	0	0	0	0	0	0	0	0	0	0	0	0	0	0	0	0	0	NA
4	"Least developed countries"	941	0	0	0	0	0	0	0	0	0	0	0	0	0	0	0	0	0	0	0	0	0	0	0	0	0	0	0	0	0	0	NA
5	"Other less developed countries"	934	0	0	0	0	0	0	0	0	0	0	0	0	0	0	0	0	0	0	0	0	0	0	0	0	0	0	0	0	0	0	NA
6	"Less developed regions, excluding China"	948	0	0	0	0	0	0	0	0	0	0	0	0	0	0	0	0	0	0	0	0	0	0	0	0	0	0	0	0	0	0	NA
7	"Sub-Saharan Africa"	947	0	0	0	0	0	0	0	0	0	0	0	0	0	0	0	0	0	0	0	0	0	0	0	0	0	0	0	0	0	0	NA
8	"Africa"	903	0	0	0	0	0	0	0	0	0	0	0	0	0	0	0	0	0	0	0	0	0	0	0	0	0	0	0	0	0	0	NA
9	"Eastern Africa"	910	0	0	0	0	0	0	0	0	0	0	0	0	0	0	0	0	0	0	0	0	0	0	0	0	0	0	0	0	0	0	NA
10	"Burundi"	108	6.801	6.857	7.071	7.268	7.343	7.476	7.428	7.592	7.431	7.184	6.908	6.523	6.1272	5.7407	5.3675	5.0177	4.6929	4.3957	4.119	3.8742	3.6536	3.4602	3.2815	3.1219	2.9807	2.8548	2.7355	2.6275	2.5318	2.4429	2008
11	"Comoros"	174	6	6.601	6.909	7.05	7.05	7.05	7.05	6	5.3	5.3	5.3	5.08	4.7896	4.521	4.2754	4.0502	3.8449	3.6601	3.4919	3.3391	3.2048	3.0777	2.9646	2.8613	2.762	2.6738	2.5876	2.5111	2.4306	2.3602	2008
12	"Djibouti"	262	6.312	6.3874	6.547	6.707	6.845	6.644	6.257	6.181	5.85	4.812	4.217	3.8023	3.4229	3.114	2.8706	2.6792	2.5209	2.3871	2.2759	2.1839	2.1048	2.0409	1.9882	1.9492	1.9183	1.898	1.8829	1.8734	1.8658	1.8629	2008
13	"Eritrea"	232	6.965	6.965	6.815	6.699	6.62	6.62	6.62	6.51	6.432	6.109	5.738	5.204	4.782	4.3806	4.0103	3.6846	3.3965	3.1526	2.9489	2.7766	2.6337	2.5079	2.4017	2.3091	2.2295	2.1607	2.106	2.0574	2.0218	1.9903	2008
14	"Ethiopia"	231	7.1696	6.9023	6.8972	6.8691	7.1038	7.1838	7.4247	7.3673	7.0888	6.8335	6.131	5.258	4.5591	3.9667	3.4954	3.1329	2.8577	2.6328	2.4568	2.3124	2.197	2.1028	2.0274	1.9681	1.927	1.8955	1.8755	1.8636	1.8555	1.8522	2008
15	"Kenya"	404	7.481	7.785	8.065	8.11	7.99	7.64	7.216	6.538	5.566	5.072	5	4.8	4.5308	4.2493	3.9592	3.709	3.4897	3.2991	3.1294	2.9789	2.8434	2.7202	2.6093	2.5076	2.4167	2.3343	2.2604	2.1947	2.1367	2.0857	2008
16	"Madagascar"	450	7.3	7.3	7.3	7.3	7.3	7	6.1	6.3	6.139	5.801	5.278	4.83	4.5329	4.266	4.026	3.8108	3.6207	3.446	3.2854	3.1441	3.015	2.8981	2.7928	2.6888	2.597	2.5106	2.4245	2.3494	2.2784	2.2216	2008
17	"Malawi"	454	6.7836	6.8436	7.0037	7.2038	7.4019	7.6	7.58	7.3998	6.595	6.435	6.065	5.829	5.5284	5.2095	4.8768	4.5723	4.2966	4.0498	3.8296	3.633	3.4577	3.3037	3.1629	3.0364	2.9218	2.8162	2.7223	2.6356	2.5557	2.4818	2008
18	"Mauritius"	480	5.895	5.895	6.195	4.61	3.466	3.105	2.3015	2.3118	2.2465	2.0332	1.9335	1.5782	1.5124	1.4934	1.5256	1.5631	1.6001	1.6346	1.6654	1.6954	1.7212	1.7441	1.7656	1.7841	1.8008	1.8136	1.8262	1.8368	1.8464	1.8556	2008
19	"Mayotte"	175	7.91	7.91	7.91	7.91	7.91	7.91	7.3504	6.727	5.08	4.7625	4.445	4.3	4.0197	3.7175	3.3945	3.1327	2.9144	2.7267	2.5653	2.4247	2.301	2.1946	2.1065	2.0331	1.9765	1.9336	1.9028	1.8808	1.8679	1.861	2008
20	"Mozambique"	508	6.6	6.6	6.6	6.6	6.575	6.525	6.4444	6.3306	6.1194	5.8466	5.7319	5.57	5.2715	4.9603	4.6547	4.36	4.0871	3.8341	3.5993	3.3915	3.2041	3.0381	2.8931	2.7662	2.6491	2.5476	2.4533	2.3696	2.2924	2.2274	2008
21	"Reunion"	638	6.9294	6.5699	6.5632	5.6722	3.875	3.12	2.7765	2.713	2.405	2.3279	2.445	2.3969	2.2471	2.127	2.0464	1.9967	1.9641	1.9418	1.9276	1.9199	1.915	1.9129	1.9124	1.9118	1.9142	1.915	1.917	1.9191	1.922	1.9245	2008
22	"Rwanda"	646	8	8.15	8.2	8.2	8.284	8.432	8.375	7.987	6.554	6.185	5.6	5.13	4.6539	4.2262	3.832	3.5103	3.2406	3.0131	2.8121	2.6367	2.4806	2.3425	2.2226	2.119	2.0328	1.9632	1.9083	1.8693	1.8422	1.8251	2008
23	"Seychelles"	690	5	5	5.59	5.92	5.3819	4.2696	3.5077	2.9377	2.5734	2.178	2.2	2.3	2.2073	2.1248	2.0591	2.0038	1.963	1.9345	1.916	1.9049	1.8957	1.8919	1.8916	1.893	1.8947	1.8958	1.8985	1.9019	1.9049	1.9092	2008
24	"Somalia"	706	7.25	7.25	7.25	7.25	7.1	7	7.071	7.258	7.531	7.698	7.442	7.102	6.6857	6.2511	5.824	5.413	5.025	4.6668	4.3407	4.0479	3.7899	3.5537	3.3433	3.1583	2.9957	2.8572	2.7252	2.6094	2.5012	2.409	2008
25	"South Sudan"	728	6.65	6.7	6.75	6.85	6.9	6.92	6.783	6.83	6.65	6.32	5.92	5.43	5.0043	4.6134	4.2594	3.9441	3.6669	3.4237	3.2147	3.0351	2.8805	2.7434	2.6198	2.5094	2.4082	2.3249	2.2458	2.1812	2.1271	2.0835	2008
26	"Uganda"	800	6.9	6.95	7.05	7.12	7.1	7.1	7.1	7.1	7.063	6.946	6.745	6.38	5.9788	5.5721	5.1777	4.8022	4.4587	4.1469	3.8702	3.6173	3.398	3.2034	3.0328	2.8839	2.7523	2.6341	2.5252	2.429	2.3424	2.2678	2008
27	"United Republic of Tanzania"	834	6.74	6.801	6.8	6.79	6.75	6.73	6.55	6.36	6.05	5.75	5.66	5.579	5.3925	5.1535	4.8668	4.5878	4.3238	4.0768	3.8537	3.6513	3.4723	3.3128	3.1702	3.0437	2.9302	2.8273	2.7365	2.6528	2.5763	2.5079	2008
28	"Zambia"	894	6.75	6.9	7.15	7.4	7.425	7.375	6.95	6.658	6.3	6.15	6	5.9	5.7032	5.4637	5.1855	4.9199	4.6706	4.4357	4.2211	4.0235	3.8423	3.6791	3.5305	3.3968	3.2743	3.1612	3.0597	2.9652	2.879	2.7982	2008
29	"Zimbabwe"	716	6.8	7	7.3	7.4	7.4	7.3	6.74	5.656	4.773	4.2	4.01	3.9	3.6729	3.4226	3.1515	2.9253	2.7351	2.5704	2.4276	2.3042	2.1976	2.1069	2.0333	1.974	1.9296	1.8971	1.875	1.8609	1.8531	1.851	2008
30	"Middle Africa"	911	0	0	0	0	0	0	0	0	0	0	0	0	0	0	0	0	0	0	0	0	0	0	0	0	0	0	0	0	0	0	NA
31	"Angola"	24	7	7.2	7.4	7.4	7.2	7.2	7.2	7.2	7.102	6.924	6.75	6.5	5.9	5.4649	5.0402	4.6418	4.2736	3.948	3.6622	3.408	3.1917	3.0074	2.8464	2.7022	2.5795	2.4699	2.3769	2.2896	2.2171	2.1528	2013
32	"Cameroon"	120	5.489	5.527	5.805	6.085	6.307	6.473	6.702	6.598	6.217	5.774	5.492	5.208	4.8604	4.5373	4.2406	3.9752	3.7381	3.5279	3.338	3.1699	3.0198	2.8856	2.7709	2.6635	2.5661	2.4763	2.3937	2.3184	2.2518	2.1926	2008
33	"Central African Republic"	140	5.516	5.75	5.9	5.95	5.95	5.95	5.95	5.9	5.65	5.54	5.3	4.8465	4.4565	4.0901	3.757	3.4578	3.2058	2.9875	2.8097	2.6572	2.5271	2.4188	2.3199	2.2389	2.1737	2.115	2.0673	2.0285	1.9999	1.9748	2008
34	"Chad"	148	6.1	6.2	6.3	6.4	6.671	6.874	7.037	7.212	7.388	7.407	7.237	6.853	6.3868	5.916	5.4631	5.029	4.6362	4.2759	3.9581	3.6805	3.4334	3.2165	3.0307	2.8685	2.7247	2.5965	2.4861	2.3854	2.3034	2.2296	2008
35	"Congo"	178	5.684	5.786	5.989	6.192	6.293	6.293	5.994	5.547	5.207	5.15	5.125	5.1	5	4.8194	4.6038	4.3551	4.1216	3.9055	3.705	3.5247	3.3633	3.2173	3.0867	2.9693	2.8654	2.77	2.6828	2.6034	2.5321	2.4664	2013
36	"Dem. Republic of the Congo"	180	5.98	5.98	6.04	6.15	6.289	6.462	6.72	6.975	7.136	7.036	6.703	6.074	5.5073	4.9849	4.5165	4.1058	3.7551	3.4568	3.2071	2.998	2.8156	2.6601	2.5285	2.4083	2.3052	2.2199	2.1497	2.0889	2.0452	2.0087	2008
37	"Equatorial Guinea"	226	5.501	5.499	5.53	5.658	5.68	5.68	5.79	5.89	5.89	5.868	5.638	5.36	4.9661	4.5549	4.1641	3.8086	3.4958	3.2212	2.9943	2.8042	2.643	2.5077	2.3933	2.2955	2.2137	2.1464	2.0916	2.0488	2.0131	1.9854	2008
38	"Gabon"	266	3.987	4.201	4.587	4.933	5.228	5.572	5.721	5.577	5.217	4.766	4.474	4.285	4.1235	3.8379	3.5852	3.3608	3.1706	3.0031	2.8603	2.7348	2.621	2.5217	2.4316	2.3493	2.2798	2.2124	2.1579	2.1087	2.0664	2.0329	2013
39	"Sao Tome and Principe"	678	6.2	6.2	6.3	6.4	6.5155	6.495	6.2372	5.6587	5.1633	4.7963	4.61	4.45	4.2232	3.9819	3.7303	3.5088	3.3151	3.1466	2.9994	2.8694	2.7531	2.6498	2.5583	2.475	2.3997	2.3315	2.2712	2.2172	2.1698	2.129	2008
40	"Northern Africa"	912	0	0	0	0	0	0	0	0	0	0	0	0	0	0	0	0	0	0	0	0	0	0	0	0	0	0	0	0	0	0	NA
41	"Algeria"	12	7.648	7.648	7.648	7.648	7.572	7.175	6.49	5.374	4.131	2.885	2.3843	2.724	2.8213	2.7386	2.6124	2.451	2.3289	2.2354	2.1636	2.1107	2.072	2.0457	2.0279	2.0165	2.0092	2.0044	2.002	1.9998	1.9987	1.9971	2013
42	"Egypt"	818	6.624	6.65	6.55	6.2	5.7	5.5	5.2	4.8	3.9	3.5	3.15	2.981	2.784	2.6221	2.4867	2.3707	2.269	2.1804	2.1051	2.0448	1.9951	1.9524	1.9207	1.897	1.8791	1.8674	1.8599	1.8574	1.8552	1.8543	2008
43	"Libyan Arab Jamahiriya"	434	7.268	7.445	7.624	7.788	7.921	7.943	7.342	5.704	4.3201	3.301	2.924	2.6741	2.3844	2.157	1.9758	1.835	1.7355	1.6784	1.657	1.6643	1.6861	1.7107	1.734	1.7535	1.7744	1.7921	1.8084	1.8214	1.8336	1.8461	2008
44	"Morocco"	504	6.608	6.896	7.15	6.9504	6.427	5.9	5.4	4.447	3.701	2.968	2.522	2.376	2.781	2.7017	2.5884	2.4395	2.3222	2.2271	2.15	2.0871	2.0368	1.9983	1.9713	1.9524	1.9385	1.9303	1.9264	1.9242	1.9245	1.926	2013
45	"Sudan"	729	6.65	6.65	6.75	6.861	6.9	6.92	6.63	6.3	6	5.63	5.25	4.83	4.4896	4.1836	3.9097	3.6608	3.4467	3.2538	3.0879	2.9376	2.8116	2.6934	2.5866	2.4887	2.4012	2.3222	2.2516	2.1901	2.135	2.088	2008
46	"Tunisia"	788	6.742	6.874	7.14	6.822	6.042	5.69	4.92	3.974	3.125	2.317	2.038	2.053	2.0183	1.9231	1.8557	1.8212	1.8038	1.7948	1.7936	1.799	1.8047	1.8124	1.8206	1.8297	1.8394	1.8474	1.8542	1.8629	1.8703	1.8769	2013
47	"Western Sahara"	732	6.342	6.424	6.534	6.6	6.5732	6.234	5.3321	4.537	3.961	3.1834	2.813	2.5743	2.3814	2.2184	2.0873	1.9777	1.8933	1.8325	1.7892	1.7624	1.754	1.7528	1.7553	1.7641	1.7764	1.7887	1.8006	1.8121	1.8236	1.8348	2008
48	"Southern Africa"	913	0	0	0	0	0	0	0	0	0	0	0	0	0	0	0	0	0	0	0	0	0	0	0	0	0	0	0	0	0	0	NA
49	"Botswana"	72	6.5	6.575	6.65	6.7	6.546	6.366	5.965	5.109	4.321	3.7	3.18	2.896	2.6486	2.4534	2.297	2.1668	2.0593	1.976	1.9104	1.8629	1.8288	1.8105	1.7989	1.7973	1.7982	1.8022	1.809	1.8187	1.8271	1.8355	2008
50	"Lesotho"	426	5.84	5.861	5.811	5.8	5.8	5.686	5.459	5.135	4.701	4.373	3.793	3.373	3.0905	2.8613	2.6757	2.5278	2.4037	2.2972	2.207	2.1307	2.0664	2.0139	1.9736	1.9414	1.917	1.8976	1.8854	1.8779	1.8717	1.8693	2008
51	"Namibia"	516	6	6.1	6.2	6.3	6.6	6.6	6.2	5.547	4.912	4.292	3.808	3.401	3.0955	2.8531	2.6555	2.4949	2.3599	2.2418	2.1441	2.0619	1.9961	1.9439	1.9048	1.8784	1.8606	1.85	1.8427	1.8406	1.8405	1.8412	2008
52	"South Africa"	710	6.3	6.2	6.1	5.7	5.47	5	4.556	4	3.343	2.954	2.802	2.55	2.4043	2.2803	2.1764	2.0937	2.0214	1.966	1.9195	1.8844	1.8605	1.8427	1.8317	1.825	1.8229	1.825	1.8267	1.8312	1.8367	1.8412	2008
53	"Swaziland"	748	6.7	6.7	6.75	6.849	6.866	6.733	6.537	6.132	5.295	4.491	4.01	3.75	3.4643	3.1956	2.9423	2.7391	2.5731	2.4305	2.3086	2.2028	2.1111	2.0363	1.9748	1.9246	1.8852	1.8576	1.8382	1.8264	1.8201	1.8184	2008
54	"Western Africa"	914	0	0	0	0	0	0	0	0	0	0	0	0	0	0	0	0	0	0	0	0	0	0	0	0	0	0	0	0	0	0	NA
55	"Benin"	204	5.857	6.1341	6.4228	6.6491	6.8349	6.9952	7.0087	6.8818	6.5629	6.1566	5.7841	5.314	4.9245	4.5642	4.239	3.9484	3.6931	3.4655	3.2641	3.0929	2.9411	2.8076	2.6881	2.5792	2.4809	2.3879	2.3101	2.2376	2.1763	2.1236	2008
56	"Burkina Faso"	854	6.1035	6.243	6.35	6.5627	6.7	7.0182	7.1722	7.0658	6.932	6.7293	6.4306	6.0789	5.692	5.3142	4.9519	4.616	4.3032	4.0185	3.7672	3.5386	3.3368	3.1542	3.0013	2.8595	2.7344	2.6199	2.5179	2.4267	2.3438	2.274	2008
57	"Cape Verde"	132	6.5663	6.764	6.9728	6.9654	6.8639	6.615	6.1	5.6344	4.9303	4.1449	3.2769	2.6043	2.2924	2.0934	1.9523	1.8496	1.7746	1.7265	1.6957	1.6871	1.6902	1.7009	1.717	1.7355	1.7525	1.7692	1.7855	1.8	1.8139	1.8262	2008
58	"Cote d'Ivoire"	384	6.7739	7.1544	7.5325	7.8254	7.9261	7.8123	7.3125	6.6898	6.0486	5.6038	5.1738	4.8941	4.9157	4.7603	4.5352	4.2487	3.9954	3.7718	3.5743	3.3977	3.2403	3.0989	2.9685	2.8491	2.7399	2.6399	2.5465	2.4636	2.3867	2.3172	2013
59	"Gambia"	270	5.2875	5.4639	5.6969	5.9633	6.2023	6.3384	6.2918	6.1417	6.0808	5.9863	5.853	5.7884	5.7757	5.6663	5.4836	5.2243	4.9369	4.6356	4.3369	4.0545	3.792	3.5533	3.3401	3.1515	2.9848	2.8388	2.7088	2.5949	2.4943	2.408	2013
60	"Ghana"	288	6.442	6.6391	6.8436	6.9514	6.8975	6.6878	6.3494	5.8817	5.3426	4.8144	4.5543	4.2213	3.9152	3.6487	3.4199	3.2167	3.0445	2.8946	2.7584	2.6414	2.5353	2.4334	2.345	2.2658	2.1936	2.1354	2.0835	2.0397	2.0057	1.9798	2008
61	"Guinea"	324	6	6.0656	6.1313	6.1475	6.2666	6.4457	6.5978	6.6338	6.464	6.1199	5.7538	5.3882	5.0007	4.6375	4.3006	3.9991	3.7309	3.4968	3.2867	3.1075	2.9522	2.8082	2.6886	2.5786	2.4791	2.3872	2.3071	2.2379	2.1781	2.1271	2008
62	"Guinea-Bissau"	624	7.4092	5.8746	5.8746	4.7815	7.3433	6.1069	6.6982	6.6834	6.5378	6.0471	5.6587	5.2796	4.9941	4.7144	4.4413	4.1763	3.9307	3.7027	3.4935	3.3036	3.1301	2.9767	2.8446	2.7254	2.6224	2.5235	2.4365	2.3574	2.2907	2.228	2008
63	"Liberia"	430	6.2714	6.3502	6.4695	6.5923	6.7989	6.9317	6.9555	6.7229	6.274	6.0481	5.6793	5.2287	4.8659	4.5342	4.2296	3.9557	3.714	3.5019	3.3062	3.1364	2.9885	2.8555	2.7361	2.6288	2.5291	2.4403	2.3572	2.281	2.2166	2.1616	2008
64	"Mali"	466	6.4828	6.646	6.7528	6.8714	6.9253	7.0076	7.0734	7.0904	7.012	6.8826	6.808	6.8022	6.8575	6.7129	6.4849	6.1883	5.8463	5.4879	5.1337	4.7901	4.4607	4.1606	3.8887	3.6433	3.422	3.218	3.0506	2.9044	2.7708	2.6454	2013
65	"Mauritania"	478	6.3378	6.7053	6.7863	6.7896	6.7498	6.5726	6.2758	6.0886	5.8487	5.5341	5.2334	4.9629	4.7038	4.4243	4.1692	3.9356	3.7209	3.5318	3.3602	3.204	3.0687	2.9471	2.8388	2.7347	2.639	2.5552	2.4701	2.3969	2.3226	2.2605	2013
66	"Niger"	562	6.8865	6.9845	7.1336	7.3171	7.5168	7.6297	7.7663	7.7635	7.7623	7.7685	7.668	7.5788	7.5763	7.4868	7.3235	7.0765	6.7799	6.453	6.113	5.7726	5.4406	5.1261	4.8294	4.5532	4.2987	4.0649	3.8508	3.6575	3.4811	3.3217	2013
67	"Nigeria"	566	6.3544	6.3544	6.3544	6.3544	6.6094	6.7629	6.7559	6.6035	6.3697	6.1703	6.0512	6.0049	6.0049	5.8907	5.7075	5.4479	5.172	4.8872	4.5993	4.3206	4.0604	3.819	3.6022	3.4054	3.2302	3.0755	2.9382	2.8158	2.7076	2.6098	2013
68	"Senegal"	686	6.5713	6.8347	7.0552	7.2397	7.4148	7.4546	7.2454	6.8798	6.3473	5.7811	5.3864	5.1111	4.978	4.7549	4.5023	4.2255	3.9762	3.7557	3.56	3.387	3.234	3.0967	2.9734	2.8614	2.7574	2.6621	2.5745	2.4954	2.423	2.3573	2013
69	"Sierra Leone"	694	5.7574	5.9111	6.1881	6.5606	6.809	7.0247	7.0108	6.7114	6.3411	6.0691	5.7272	5.1639	4.7769	4.4237	4.106	3.8242	3.574	3.352	3.158	2.9901	2.8452	2.7151	2.6015	2.4955	2.4036	2.3199	2.2446	2.1809	2.1282	2.0832	2008
70	"Togo"	768	6.3344	6.4217	6.6518	6.937	7.1986	7.2768	7.0567	6.6286	6.0161	5.4756	5.145	4.8922	4.6783	4.3619	4.0783	3.8291	3.6104	3.4184	3.2478	3.0923	2.9582	2.8326	2.7213	2.6137	2.5191	2.4298	2.3433	2.2695	2.2042	2.1486	2013
71	"Asia"	935	0	0	0	0	0	0	0	0	0	0	0	0	0	0	0	0	0	0	0	0	0	0	0	0	0	0	0	0	0	0	NA
72	"Eastern Asia"	906	0	0	0	0	0	0	0	0	0	0	0	0	0	0	0	0	0	0	0	0	0	0	0	0	0	0	0	0	0	0	NA
73	"China"	156	6.107	5.476	6.1116	5.937	4.765	3.0138	2.6924	2.8656	2.05	1.56	1.55	1.63	1.6663	1.6982	1.7268	1.7511	1.7734	1.7909	1.8077	1.822	1.8347	1.8456	1.855	1.8631	1.87	1.877	1.8819	1.8883	1.8924	1.8962	2008
74	"China, Hong Kong SAR"	344	4.44	4.72	5.31	3.645	3.29	2.31	1.715	1.355	1.24	0.87	0.9585	1.0257	1.1235	1.2084	1.2818	1.3465	1.4039	1.4531	1.4972	1.5364	1.5697	1.5989	1.6277	1.6521	1.6735	1.691	1.7088	1.7238	1.7383	1.7508	2008
75	"China, Macao SAR"	446	4.3858	5.1088	4.4077	2.7367	1.793	1.4079	1.9769	1.9411	1.405	1.116	0.8252	0.9379	1.0758	1.1933	1.2938	1.3813	1.4559	1.52	1.5739	1.6196	1.6593	1.6933	1.7201	1.7432	1.764	1.7812	1.7949	1.8082	1.8186	1.8289	2008
76	"China, Taiwan Province of China"	158	5.9029	6.0602	5.2875	4.4125	3.3825	2.64	2.1975	1.845	1.7925	1.7275	1.43	1.2614	1.1978	1.1771	1.2379	1.312	1.3825	1.4494	1.5097	1.5627	1.608	1.6482	1.6823	1.7124	1.737	1.7593	1.7791	1.7955	1.8112	1.8231	2008
77	"Dem. People's Rep. of Korea"	408	3.462	5.117	3.8501	4.388	4.001	2.681	2.801	2.358	2.25	2.008	2.005	2	1.995	1.9018	1.8605	1.8604	1.861	1.8613	1.8635	1.8667	1.8709	1.8755	1.8824	1.8867	1.8918	1.8962	1.9006	1.9036	1.9073	1.9114	2013
78	"Japan"	392	2.999	2.155	1.986	2.02	2.134	1.831	1.752	1.664	1.476	1.369	1.298	1.3388	1.4082	1.4678	1.5197	1.567	1.6084	1.6439	1.6761	1.703	1.7281	1.7499	1.7675	1.7845	1.8002	1.8117	1.8231	1.832	1.841	1.8502	2008
79	"Mongolia"	496	5.6	6.3	7.5	7.5	7.5	6.65	5.75	4.8407	3.2726	2.3957	2.0759	2.3731	2.442	2.3592	2.2925	2.2361	2.19	2.1529	2.1207	2.0957	2.0751	2.0569	2.0422	2.0295	2.019	2.0115	2.0057	1.998	1.9948	1.9904	2013
80	"Republic of Korea"	410	5.05	6.332	5.63	4.708	4.281	2.919	2.234	1.601	1.696	1.514	1.219	1.2284	1.3012	1.3663	1.4257	1.4815	1.5307	1.5772	1.6171	1.6552	1.6874	1.7148	1.7404	1.7613	1.7789	1.7952	1.8088	1.8215	1.8321	1.8411	2008
81	"South-Central Asia"	921	0	0	0	0	0	0	0	0	0	0	0	0	0	0	0	0	0	0	0	0	0	0	0	0	0	0	0	0	0	0	NA
82	"Central Asia"	5500	0	0	0	0	0	0	0	0	0	0	0	0	0	0	0	0	0	0	0	0	0	0	0	0	0	0	0	0	0	0	NA
83	"Kazakhstan"	398	4.406	4.555	4.431	3.671	3.459	3.06	2.957	3.033	2.55	2	2.006	2.5406	2.5829	2.5513	2.4537	2.3698	2.2974	2.2343	2.1789	2.1304	2.0884	2.0525	2.0218	1.9965	1.9757	1.9592	1.9467	1.9355	1.9287	1.9234	2008
84	"Kyrgyzstan"	417	4.509	4.834	5.39	5.011	4.726	4.054	4.101	4.019	3.612	2.986	2.5	2.78	3.1	3.041	2.9415	2.8032	2.686	2.586	2.4949	2.4148	2.3438	2.2794	2.2236	2.1746	2.1322	2.0962	2.0656	2.0395	2.0186	2.0002	2013
85	"Tajikistan"	762	5.995	6.199	6.302	6.719	6.834	5.897	5.543	5.406	4.877	4.29	3.705	3.68	3.85	3.7127	3.5464	3.356	3.1883	3.0426	2.9135	2.7979	2.6947	2.5985	2.5119	2.4341	2.364	2.2998	2.2429	2.1921	2.1478	2.1087	2013
86	"Turkmenistan"	795	5.995	6.015	6.752	6.343	6.187	5.324	4.79	4.55	4.03	3.03	2.755	2.499	2.3382	2.2055	2.099	2.013	1.9399	1.8832	1.8416	1.8141	1.795	1.7852	1.7809	1.7801	1.7831	1.7909	1.798	1.8073	1.8174	1.8265	2008
87	"Uzbekistan"	860	5.97	6.5	6.8	6.6	6.3	5.584	4.726	4.4	3.88	3.05	2.55	2.49	2.3208	2.1845	2.0719	1.9815	1.9123	1.8572	1.8158	1.7912	1.7751	1.7704	1.7697	1.7746	1.7836	1.7936	1.8046	1.8143	1.8248	1.8334	2008
88	"Southern Asia"	5501	0	0	0	0	0	0	0	0	0	0	0	0	0	0	0	0	0	0	0	0	0	0	0	0	0	0	0	0	0	0	NA
89	"Afghanistan"	4	7.6706	7.6706	7.6706	7.6706	7.6706	7.6706	7.6706	7.6901	7.7035	7.8803	7.3943	6.3328	4.9985	4.0346	3.338	2.8705	2.5504	2.3095	2.1299	1.9879	1.8797	1.8027	1.752	1.7231	1.7155	1.7169	1.7295	1.7441	1.7621	1.7773	2013
90	"Bangladesh"	50	6.359	6.6225	6.804	6.9206	6.9098	6.6301	5.9773	5.0252	4.1122	3.4103	2.868	2.3998	2.1903	2.0229	1.8939	1.7888	1.7111	1.6594	1.6323	1.6237	1.6325	1.6503	1.6748	1.6997	1.7232	1.7451	1.7648	1.7826	1.7986	1.8136	2008
91	"Bhutan"	64	6.67	6.67	6.67	6.67	6.67	6.67	6.3885	6.1064	5.0703	4.1287	3.1436	2.5499	2.2542	2.0457	1.8892	1.77	1.6855	1.6334	1.6117	1.6112	1.6276	1.6508	1.6814	1.7086	1.7328	1.7558	1.7739	1.792	1.8079	1.8214	2008
92	"India"	356	5.903	5.896	5.822	5.687	5.264	4.889	4.4694	4.0912	3.6662	3.2985	2.9976	2.6583	2.5065	2.3779	2.2677	2.1756	2.0918	2.0216	1.9632	1.9146	1.8712	1.8414	1.8178	1.7982	1.7856	1.776	1.7708	1.769	1.7678	1.7682	2008
93	"Iran (Islamic Republic of)"	364	6.9086	6.9086	6.9086	6.6802	6.2407	6.2799	6.5339	5.62	3.95	2.6145	1.9666	1.8895	1.9284	1.8941	1.8716	1.8598	1.8528	1.8513	1.8507	1.8527	1.8565	1.8608	1.865	1.8705	1.8761	1.8811	1.8843	1.8894	1.894	1.8983	2013
94	"Maldives"	462	6.0299	6.8135	7.1197	7.2226	7.1698	6.8547	7.2575	6.8126	5.2478	3.9316	2.7619	2.4153	2.2875	2.0703	1.9076	1.7856	1.7126	1.6837	1.6824	1.7012	1.7208	1.7419	1.7612	1.7808	1.795	1.8105	1.8238	1.8354	1.8461	1.8568	2013
95	"Nepal"	524	5.9927	5.9927	5.9927	5.9927	5.933	5.8344	5.6521	5.3335	4.9598	4.4096	3.7	2.9895	2.3244	2.0843	1.9246	1.8113	1.7294	1.6757	1.6483	1.6403	1.6454	1.6607	1.6822	1.7031	1.7248	1.7455	1.7643	1.7815	1.7955	1.8106	2013
96	"Pakistan"	586	6.6	6.6	6.6	6.6	6.6	6.6	6.444	6.2967	5.6691	4.9945	4.003	3.6506	3.2329	2.9229	2.6861	2.4983	2.3444	2.2183	2.1166	2.0285	1.9624	1.9144	1.8783	1.858	1.8424	1.8371	1.8341	1.835	1.8371	1.8428	2008
97	"Sri Lanka"	144	5.8	5.8	5.2	4.7	4	3.6064	3.1894	2.644	2.3839	2.2431	2.262	2.3134	2.3501	2.2615	2.1877	2.1214	2.0664	2.0217	1.9853	1.9558	1.9353	1.9213	1.9101	1.9017	1.8978	1.8947	1.8944	1.8946	1.8963	1.8969	2013
98	"South-Eastern Asia"	920	0	0	0	0	0	0	0	0	0	0	0	0	0	0	0	0	0	0	0	0	0	0	0	0	0	0	0	0	0	0	NA
99	"Brunei Darussalam"	96	6.999	6.3754	6.5546	5.5933	5.8721	4.7061	3.9232	3.7191	3.2774	2.5992	2.2803	2.11	1.9976	1.905	1.8347	1.7791	1.7404	1.7149	1.7021	1.697	1.7038	1.7108	1.7226	1.739	1.7537	1.7699	1.7831	1.7969	1.8089	1.8194	2008
100	"Cambodia"	116	6.947	6.947	6.947	6.7034	6.16	5.2937	6.1738	5.9896	5.1276	4.138	3.4559	3.0813	2.8833	2.7166	2.5758	2.4587	2.3528	2.2613	2.1828	2.1157	2.0557	2.0076	1.9667	1.9353	1.9118	1.8927	1.8778	1.8691	1.8636	1.8596	2008
101	"Indonesia"	360	5.486	5.672	5.62	5.568	5.3	4.73	4.109	3.4	2.9	2.55	2.475	2.4	2.268	2.159	2.0743	2.0064	1.9535	1.914	1.8862	1.8672	1.8579	1.8519	1.8495	1.8506	1.8543	1.8563	1.8617	1.8673	1.8721	1.8775	2008
102	"Lao People's Dem. Republic"	418	5.9432	5.9552	5.9673	5.9794	5.9915	6.1535	6.3601	6.2668	5.8833	4.8064	3.7037	3.5174	3.2284	2.9488	2.6686	2.4533	2.2851	2.1463	2.0344	1.9468	1.8823	1.8374	1.8093	1.7953	1.7911	1.7945	1.8017	1.8101	1.8203	1.831	2008
103	"Malaysia"	458	6.2302	6.2302	6.0302	5.2101	4.5614	3.9275	3.727	3.5913	3.42	3.175	2.4545	2.0713	1.9777	1.9042	1.849	1.8073	1.7815	1.7632	1.755	1.7527	1.7536	1.7599	1.7683	1.7775	1.7873	1.7988	1.8092	1.8192	1.829	1.8374	2008
104	"Myanmar"	104	6	6	6.1	6.1	5.738	5.214	4.727	3.8	3.1	2.65	2.2492	2.069	1.9421	1.8398	1.7621	1.7098	1.6783	1.6628	1.6627	1.6705	1.6868	1.7051	1.7246	1.745	1.7625	1.7815	1.795	1.8098	1.8228	1.8331	2008
105	"Philippines"	608	7.4201	7.2692	6.9807	6.5392	5.9769	5.4623	4.9215	4.5271	4.1385	3.9	3.7	3.27	3.0772	2.9089	2.7647	2.6359	2.5217	2.4156	2.3222	2.2383	2.1641	2.1026	2.0462	2.0024	1.9661	1.9375	1.9189	1.9019	1.8909	1.8838	2008
106	"Singapore"	702	6.61	6.335	5.12	3.645	2.815	1.84	1.694	1.6973	1.7307	1.5705	1.348	1.2571	1.2778	1.2955	1.3105	1.3233	1.3351	1.3448	1.3545	1.3634	1.3716	1.3794	1.3857	1.3921	1.3984	1.4044	1.4092	1.4135	1.42	1.4229	2008
107	"Thailand"	764	6.1378	6.1378	6.1297	5.985	5.052	3.915	2.945	2.3	1.9921	1.7668	1.6026	1.4888	1.3869	1.3127	1.303	1.3458	1.4031	1.4648	1.5198	1.5723	1.6168	1.6554	1.689	1.7193	1.7438	1.7651	1.7822	1.7987	1.8115	1.8228	2008
108	"Timor-Leste"	626	6.441	6.353	6.371	6.156	5.535	4.305	5.39	5.209	5.685	7.005	6.955	6.53	5.9995	5.4673	4.9643	4.4981	4.0834	3.7279	3.4245	3.1713	2.9541	2.7669	2.6134	2.476	2.3647	2.271	2.1942	2.1327	2.0821	2.0438	2008
109	"Viet Nam"	704	5.3986	6.1636	6.4182	6.4649	6.3285	5.4993	4.6002	3.8497	3.2272	2.1843	1.9312	1.886	1.7499	1.6656	1.6108	1.5967	1.605	1.6201	1.6435	1.6669	1.6917	1.7155	1.7376	1.7573	1.7769	1.7925	1.8065	1.82	1.8321	1.8434	2013
110	"Western Asia"	922	0	0	0	0	0	0	0	0	0	0	0	0	0	0	0	0	0	0	0	0	0	0	0	0	0	0	0	0	0	0	NA
111	"Armenia"	51	4.494	4.494	4.453	3.447	3.037	2.503	2.376	2.575	2.38	1.75	1.721	1.735	1.7615	1.7839	1.8044	1.8223	1.8364	1.8484	1.8597	1.8683	1.8767	1.8837	1.8895	1.895	1.8993	1.903	1.907	1.9091	1.9131	1.9153	2008
112	"Azerbaijan"	31	5.493	5.41	5.637	4.935	4.289	3.624	3.036	2.95	2.9	2.2	2	2	1.93	1.8754	1.8348	1.802	1.7782	1.7635	1.7532	1.7485	1.7501	1.7538	1.7614	1.7692	1.7769	1.7872	1.7971	1.8066	1.8148	1.8233	2008
113	"Bahrain"	48	6.97	6.97	7.175	6.97	5.945	5.228	4.633	4.08	3.4014	2.8711	2.6747	2.2341	2.0857	1.9603	1.8565	1.777	1.7177	1.6769	1.6562	1.6482	1.6549	1.6694	1.6862	1.7077	1.7252	1.7455	1.7636	1.7804	1.7969	1.8106	2008
114	"Cyprus"	196	3.705	3.498	3.436	2.795	2.49	2.287	2.449	2.428	2.3293	1.8891	1.591	1.5068	1.4833	1.5105	1.5455	1.5779	1.6108	1.6421	1.6693	1.6965	1.7198	1.7415	1.7597	1.7766	1.7915	1.8057	1.8177	1.8284	1.8374	1.8465	2008
115	"Georgia"	268	3	2.909	2.979	2.611	2.601	2.39	2.269	2.263	2.05	1.72	1.58	1.8	1.806	1.8133	1.8182	1.8246	1.8302	1.8342	1.8379	1.8426	1.8469	1.8507	1.8565	1.8614	1.8662	1.8697	1.8755	1.8798	1.8833	1.8882	2008
116	"Iraq"	368	7.3	6.202	6.598	7.4	7.15	6.8	6.35	6.0895	5.6457	5.1882	4.7538	4.3785	4.0809	3.8158	3.581	3.3755	3.1948	3.0343	2.8922	2.766	2.6529	2.5488	2.4521	2.3647	2.2867	2.2189	2.1561	2.1035	2.0583	2.021	2008
117	"Israel"	376	4.277	3.8916	3.8463	3.7834	3.8069	3.4654	3.1341	3.0701	2.9333	2.9325	2.9111	2.9108	2.8218	2.7334	2.6499	2.5735	2.5012	2.4311	2.3614	2.2988	2.2427	2.1952	2.148	2.112	2.0795	2.0511	2.0302	2.0113	1.9963	1.9846	2008
118	"Jordan"	400	7.38	7.38	7.995	7.995	7.79	7.38	7.0485	6.0232	5.0882	4.3364	3.8525	3.6366	3.3791	3.123	2.874	2.6693	2.4968	2.3508	2.2244	2.1159	2.025	1.9515	1.8928	1.8497	1.8197	1.8016	1.7911	1.7882	1.7894	1.794	2008
119	"Kuwait"	414	7.207	7.207	7.308	7.41	6.902	5.887	5.0283	3.1315	2.0158	3.0295	2.5844	2.7127	2.7139	2.664	2.5701	2.493	2.4285	2.3746	2.3306	2.2933	2.2611	2.234	2.2104	2.1902	2.1719	2.1564	2.1424	2.1306	2.1205	2.111	2008
120	"Lebanon"	422	5.74	5.72	5.689	5.2312	4.6654	4.2337	3.7477	3.2258	2.8012	2.434	2.0101	1.5754	1.4907	1.4308	1.409	1.4098	1.4305	1.4621	1.4987	1.5411	1.5815	1.6195	1.6538	1.6829	1.7102	1.7342	1.7566	1.7755	1.7917	1.8053	2008
121	"Oman"	512	7.252	7.252	7.252	7.3091	7.4077	8.1	8.3166	7.8479	6.2743	4.4644	3.2055	2.8925	2.9082	2.7374	2.5275	2.2841	2.0971	1.9572	1.8548	1.7862	1.7472	1.7311	1.7317	1.7426	1.7588	1.7766	1.7945	1.8108	1.8253	1.8382	2013
122	"Qatar"	634	6.97	6.97	6.97	6.97	6.765	6.109	5.453	4.4053	3.7402	3.4636	2.9525	2.2103	2.0352	1.8964	1.787	1.7044	1.6465	1.6128	1.5999	1.6014	1.6154	1.6388	1.664	1.6905	1.716	1.7381	1.7584	1.7766	1.7917	1.8074	2008
123	"Saudi Arabia"	682	7.175	7.175	7.257	7.257	7.298	7.278	7.015	6.217	5.446	4.5055	3.539	3.0251	2.663	2.4159	2.229	2.0834	1.9677	1.875	1.8099	1.7649	1.7416	1.731	1.735	1.7445	1.7558	1.7678	1.781	1.7939	1.8076	1.8191	2008
124	"State of Palestine"	275	7.38	7.38	7.995	7.995	7.694	7.504	7.0491	6.43	6.6055	5.8032	5.0306	4.4249	4.061	3.7425	3.4718	3.2372	3.037	2.8673	2.7169	2.5862	2.4689	2.3683	2.2761	2.1948	2.1266	2.0675	2.0194	1.9812	1.952	1.9266	2008
125	"Syrian Arab Republic"	760	7.227	7.3755	7.5385	7.5598	7.5426	7.3164	6.767	5.873	4.8041	4.2591	3.672	3.1906	3.0011	2.7564	2.5533	2.3844	2.2375	2.1163	2.0184	1.9396	1.8809	1.8399	1.8129	1.7987	1.7952	1.7958	1.8005	1.8062	1.8146	1.8229	2013
126	"Turkey"	792	6.6197	6.4316	6.1408	5.7422	5.3397	4.6483	4.0699	3.3538	2.8695	2.5955	2.3311	2.161	2.0456	1.9495	1.8744	1.8204	1.781	1.753	1.7372	1.7302	1.7314	1.7389	1.7505	1.7618	1.7742	1.7857	1.7961	1.8105	1.8203	1.8308	2008
127	"United Arab Emirates"	784	6.97	6.97	6.868	6.765	6.355	5.658	5.228	4.825	3.875	2.966	2.3974	1.9684	1.8203	1.7058	1.6188	1.5625	1.5353	1.5303	1.5456	1.5689	1.5986	1.6294	1.6613	1.6911	1.7167	1.7401	1.7617	1.7778	1.7935	1.8072	2013
128	"Yemen"	887	7.2696	7.2775	7.3347	7.5206	7.6733	8.5756	9.2293	8.9303	8.2364	6.8741	5.9061	4.9144	4.1835	3.6449	3.2328	2.9068	2.6421	2.4155	2.2282	2.0693	1.9403	1.84	1.7674	1.7198	1.6942	1.6896	1.694	1.7098	1.7295	1.7471	2008
129	"Europe"	908	0	0	0	0	0	0	0	0	0	0	0	0	0	0	0	0	0	0	0	0	0	0	0	0	0	0	0	0	0	0	NA
130	"Eastern Europe"	923	0	0	0	0	0	0	0	0	0	0	0	0	0	0	0	0	0	0	0	0	0	0	0	0	0	0	0	0	0	0	NA
131	"Belarus"	112	2.61	2.73	2.69	2.38	2.25	2.09	2.088	2.045	1.677	1.308	1.2353	1.418	1.4788	1.5309	1.5763	1.614	1.6474	1.6765	1.7034	1.7259	1.7467	1.7649	1.7817	1.7962	1.808	1.8197	1.8304	1.8402	1.8463	1.8533	2008
132	"Bulgaria"	100	2.5264	2.2969	2.2171	2.1304	2.1573	2.1927	2.0149	1.9458	1.5527	1.2008	1.2429	1.4259	1.5359	1.6209	1.6873	1.7389	1.7797	1.8114	1.8375	1.8572	1.874	1.8881	1.8986	1.9071	1.9143	1.9204	1.926	1.9301	1.9342	1.9368	2008
133	"Czech Republic"	203	2.6783	2.3765	2.2388	1.9573	2.1908	2.3188	2.0046	1.9308	1.6555	1.177	1.187	1.4286	1.5604	1.6564	1.7299	1.7852	1.8249	1.8569	1.8805	1.8996	1.9146	1.9244	1.9342	1.9417	1.9477	1.9526	1.9565	1.9585	1.9621	1.9653	2008
134	"Hungary"	348	2.686	2.3178	1.8617	1.9938	2.0577	2.1309	1.8235	1.8556	1.7399	1.3784	1.295	1.3288	1.4031	1.4663	1.5228	1.5713	1.6139	1.6501	1.6824	1.7099	1.7342	1.7553	1.7727	1.7886	1.8033	1.8155	1.8282	1.8378	1.8468	1.854	2008
135	"Poland"	616	3.62	3.29	2.65	2.27	2.25	2.26	2.33	2.15	1.89	1.478	1.2663	1.3347	1.4066	1.4667	1.5183	1.5658	1.6075	1.6432	1.6749	1.7023	1.7268	1.7472	1.7664	1.7807	1.7956	1.8092	1.8204	1.8306	1.8391	1.8479	2008
136	"Republic of Moldova"	498	3.5	3.44	3.15	2.66	2.56	2.44	2.55	2.64	2.111	1.7	1.5	1.5	1.4652	1.4818	1.5168	1.5523	1.5863	1.6199	1.6521	1.6807	1.7055	1.7278	1.7483	1.7677	1.7847	1.7995	1.8122	1.8242	1.8341	1.8437	2008
137	"Romania"	642	2.8681	2.624	1.9511	3.0298	2.6222	2.5265	2.245	2.2711	1.505	1.3105	1.2799	1.3348	1.4055	1.4664	1.5185	1.5628	1.6043	1.6414	1.6733	1.6999	1.7226	1.745	1.7645	1.7797	1.7954	1.8082	1.8206	1.8311	1.8393	1.8493	2008
138	"Russian Federation"	643	2.85	2.82	2.55	2.02	2.03	1.94	2.04	2.121	1.545	1.247	1.298	1.4389	1.5324	1.6058	1.6658	1.7128	1.7517	1.7832	1.8091	1.8282	1.8457	1.8611	1.871	1.8807	1.8908	1.8982	1.9048	1.9088	1.9133	1.9168	2008
139	"Slovakia"	703	3.5022	3.2427	2.911	2.541	2.5067	2.464	2.271	2.1537	1.8667	1.4105	1.2205	1.31	1.3911	1.4628	1.5226	1.5745	1.6209	1.6601	1.6923	1.7208	1.7448	1.7642	1.7827	1.7982	1.8108	1.8234	1.8346	1.8435	1.8512	1.8577	2008
140	"Ukraine"	804	2.81	2.7	2.1346	2.0204	2.0789	1.9798	2.004	2.034	1.644	1.225	1.153	1.3875	1.4559	1.5146	1.5663	1.6088	1.646	1.6796	1.708	1.7321	1.7532	1.7723	1.788	1.8028	1.8142	1.8252	1.8349	1.8438	1.851	1.8596	2008
141	"Northern Europe"	924	0	0	0	0	0	0	0	0	0	0	0	0	0	0	0	0	0	0	0	0	0	0	0	0	0	0	0	0	0	0	NA
142	"Channel Islands"	830	2.056	2.222	2.562	2.362	1.858	1.523	1.439	1.45	1.461	1.4	1.414	1.42	1.4526	1.4824	1.508	1.5322	1.5549	1.5737	1.5913	1.6061	1.6214	1.6362	1.6479	1.6596	1.6696	1.6793	1.6889	1.6972	1.7033	1.7115	2008
143	"Denmark"	208	2.5501	2.5468	2.5822	2.2723	1.9639	1.6816	1.4273	1.5426	1.748	1.756	1.76	1.8537	1.8804	1.8997	1.9148	1.9259	1.9353	1.9423	1.9486	1.954	1.9578	1.9609	1.9624	1.9642	1.966	1.9667	1.9682	1.9688	1.971	1.9721	2008
144	"Estonia"	233	2.06	1.99	1.94	2.02	2.15	2.06	2.09	2.199	1.627	1.331	1.391	1.639	1.7374	1.8057	1.8555	1.8911	1.9177	1.9355	1.9498	1.9589	1.9686	1.9753	1.9807	1.9831	1.9856	1.9885	1.9912	1.9931	1.9947	1.9971	2008
145	"Finland"	246	2.997	2.769	2.66	2.191	1.623	1.663	1.685	1.66	1.819	1.743	1.754	1.8396	1.8515	1.8615	1.87	1.8778	1.8832	1.8887	1.8944	1.898	1.901	1.9045	1.9075	1.91	1.9118	1.9136	1.9147	1.9159	1.9181	1.9191	2008
146	"Iceland"	352	3.8624	4.1662	3.9383	3.2353	2.8679	2.4472	2.2251	2.1196	2.1908	2.0558	1.9936	2.1305	2.0975	2.0677	2.0436	2.0211	2.002	1.986	1.9732	1.9615	1.951	1.9457	1.9412	1.9357	1.9315	1.9305	1.9287	1.9256	1.9246	1.9249	2008
147	"Ireland"	372	3.42	3.58	4.065	3.765	3.815	3.245	2.755	2.18	1.905	1.94	1.965	2.0034	2	1.9974	1.995	1.9928	1.993	1.9912	1.9913	1.9915	1.9906	1.9906	1.9896	1.9894	1.9895	1.9879	1.9884	1.9868	1.9875	1.9878	2008
148	"Latvia"	428	2	1.95	1.85	1.81	2	1.8745	2.0293	2.1309	1.6322	1.1722	1.2856	1.4926	1.6024	1.6849	1.7474	1.7953	1.8315	1.8598	1.8808	1.8968	1.9111	1.9221	1.9304	1.9371	1.9433	1.9478	1.9519	1.9549	1.9562	1.9594	2008
149	"Lithuania"	440	2.71	2.66	2.4272	2.3028	2.303	2.1042	2.0385	2.0554	1.816	1.4716	1.2782	1.4174	1.4772	1.5278	1.5724	1.6112	1.6449	1.6751	1.7014	1.7238	1.7434	1.7614	1.7766	1.7918	1.8051	1.8155	1.8255	1.8343	1.8439	1.8522	2008
150	"Norway"	578	2.602	2.837	2.898	2.719	2.248	1.81	1.687	1.8	1.886	1.862	1.8061	1.9235	1.9301	1.9355	1.9394	1.943	1.9464	1.9495	1.9517	1.9535	1.9541	1.9541	1.955	1.9563	1.9564	1.9578	1.9589	1.9588	1.9583	1.958	2008
151	"Sweden"	752	2.2372	2.247	2.3103	2.1701	1.9058	1.6646	1.6434	1.9087	2.006	1.5589	1.6703	1.8905	1.9293	1.9553	1.9739	1.9862	1.9968	2.004	2.0095	2.0132	2.0152	2.0177	2.0205	2.0225	2.0233	2.025	2.0253	2.0266	2.0271	2.0265	2008
152	"United Kingdom"	826	2.18	2.49	2.81	2.57	2.01	1.73	1.775	1.835	1.775	1.735	1.655	1.8645	1.8717	1.8771	1.8824	1.8872	1.8905	1.894	1.8964	1.8992	1.9014	1.9034	1.9047	1.907	1.908	1.9098	1.911	1.9115	1.913	1.9135	2008
153	"Southern Europe"	925	0	0	0	0	0	0	0	0	0	0	0	0	0	0	0	0	0	0	0	0	0	0	0	0	0	0	0	0	0	0	NA
154	"Albania"	8	6.112	6.378	5.863	5.313	4.758	4.0202	3.403	3.116	2.832	2.591	2.154	1.7541	1.787	1.7613	1.7369	1.7163	1.6999	1.6927	1.6913	1.6953	1.7055	1.7192	1.7329	1.7477	1.7636	1.777	1.7911	1.8052	1.8169	1.8278	2013
155	"Bosnia and Herzegovina"	70	4.82	4.28	3.81	3.17	2.63	2.24	1.99	1.9	1.53	1.535	1.2278	1.2232	1.276	1.3449	1.4017	1.4539	1.5011	1.5454	1.5852	1.6237	1.657	1.6845	1.712	1.7351	1.7548	1.7727	1.7905	1.804	1.8155	1.827	2013
156	"Croatia"	191	2.76	2.42	2.27	2.09	1.96	2.02	1.96	1.84	1.52	1.537	1.362	1.433	1.4927	1.5438	1.5882	1.6274	1.6617	1.6915	1.7178	1.7412	1.7603	1.7783	1.794	1.8078	1.8198	1.8311	1.8402	1.8484	1.8558	1.8627	2008
157	"Greece"	300	2.29	2.27	2.2	2.38	2.32	2.32	1.96	1.53	1.37	1.296	1.281	1.4597	1.5213	1.5741	1.6204	1.6596	1.6934	1.721	1.7463	1.768	1.7873	1.8014	1.8147	1.8267	1.837	1.8464	1.8557	1.8621	1.8698	1.8758	2008
158	"Italy"	380	2.355	2.29	2.466	2.515	2.351	1.941	1.536	1.342	1.281	1.215	1.254	1.385	1.481	1.5584	1.6217	1.6735	1.7148	1.7496	1.7774	1.8005	1.8188	1.8357	1.848	1.8613	1.8728	1.8803	1.8875	1.8931	1.8982	1.9021	2008
159	"Malta"	470	4.136	3.8	3.1494	2.1161	2.0057	2.1176	2.043	2.0673	2.0055	1.8054	1.4079	1.3962	1.375	1.4068	1.4511	1.4946	1.5361	1.5769	1.6158	1.6482	1.6783	1.704	1.7281	1.7484	1.7666	1.7826	1.7982	1.8103	1.8209	1.8307	2008
160	"Montenegro"	499	4.028	3.754	3.257	2.781	2.63	2.37	2.17	1.965	1.808	1.838	1.781	1.7297	1.6897	1.6764	1.6747	1.6728	1.6821	1.6898	1.7006	1.7136	1.727	1.7401	1.7537	1.7658	1.7806	1.793	1.8048	1.8145	1.8239	1.8326	2008
161	"Portugal"	620	3.0988	3.1216	3.1873	3.1187	2.8332	2.5486	2.0084	1.6205	1.505	1.4764	1.4513	1.3633	1.3351	1.3516	1.3909	1.4334	1.4778	1.5225	1.565	1.605	1.6404	1.6736	1.7017	1.7257	1.749	1.7667	1.7831	1.7988	1.8103	1.8228	2008
162	"Serbia"	688	3.22	2.75	2.57	2.43	2.36	2.37	2.32	2.23	1.96	1.744	1.5531	1.4139	1.3878	1.4082	1.4478	1.4878	1.5257	1.5639	1.5998	1.6334	1.6639	1.6917	1.7179	1.7396	1.7595	1.7767	1.7913	1.8052	1.8169	1.8279	2008
163	"Slovenia"	705	2.5823	2.344	2.339	2.328	2.213	2.175	1.8701	1.6119	1.3576	1.2513	1.2259	1.435	1.5012	1.5593	1.6083	1.6511	1.6852	1.716	1.7421	1.7649	1.7848	1.8	1.8148	1.8264	1.8382	1.8472	1.8559	1.8634	1.8698	1.8759	2008
164	"Spain"	724	2.53	2.7	2.81	2.84	2.85	2.55	1.88	1.46	1.28	1.19	1.29	1.41	1.4999	1.5716	1.6321	1.6801	1.7202	1.7524	1.7789	1.801	1.82	1.836	1.848	1.8599	1.8703	1.8772	1.8838	1.8898	1.8957	1.8996	2008
165	"TFYR Macedonia"	807	4.0112	3.815	3.585	3.127	2.867	2.642	2.498	2.308	2.156	1.811	1.582	1.484	1.4326	1.4327	1.4682	1.5072	1.5486	1.5872	1.6229	1.656	1.6873	1.7141	1.7363	1.7575	1.7754	1.7917	1.8059	1.8181	1.8295	1.8388	2008
166	"Western Europe"	926	0	0	0	0	0	0	0	0	0	0	0	0	0	0	0	0	0	0	0	0	0	0	0	0	0	0	0	0	0	0	NA
167	"Austria"	40	2.1046	2.5652	2.7777	2.5689	2.0369	1.6513	1.5957	1.448	1.4837	1.3879	1.3796	1.3992	1.4641	1.5187	1.5661	1.6078	1.6432	1.6753	1.7037	1.7257	1.7472	1.7678	1.7849	1.7978	1.8117	1.8226	1.8324	1.841	1.8488	1.8559	2008
168	"Belgium"	56	2.343	2.496	2.6466	2.3881	2.0143	1.7049	1.5959	1.5583	1.6119	1.6041	1.6836	1.8182	1.8549	1.8828	1.903	1.9192	1.9312	1.9409	1.9487	1.9546	1.9595	1.9637	1.9675	1.9702	1.973	1.9742	1.9762	1.9782	1.9794	1.9806	2008
169	"France"	250	2.7472	2.6894	2.8318	2.6391	2.3004	1.861	1.8653	1.805	1.7149	1.7621	1.8823	1.972	1.9821	1.9897	1.9946	1.9996	2.0029	2.0061	2.0086	2.0101	2.0123	2.0127	2.013	2.014	2.0153	2.0149	2.0156	2.0158	2.0169	2.0167	2008
170	"Germany"	276	2.128	2.294	2.4736	2.3605	1.7084	1.508	1.4637	1.4289	1.3007	1.3456	1.3513	1.3623	1.4127	1.4562	1.4952	1.5296	1.5597	1.5869	1.6109	1.6315	1.6514	1.668	1.6846	1.6981	1.7109	1.7219	1.7341	1.7427	1.7509	1.76	2008
171	"Luxembourg"	442	1.98	2.23	2.395	2.192	1.722	1.486	1.465	1.469	1.663	1.7213	1.654	1.6206	1.6718	1.7109	1.7421	1.7689	1.7897	1.8057	1.8201	1.833	1.8426	1.8499	1.8572	1.8647	1.8688	1.8732	1.8766	1.8806	1.8844	1.8871	2008
172	"Netherlands"	528	3.0524	3.0974	3.1657	2.7949	2.0601	1.5982	1.5149	1.5546	1.5823	1.5991	1.7256	1.7461	1.7731	1.7946	1.8135	1.8281	1.8417	1.8534	1.8638	1.8728	1.8796	1.885	1.8897	1.894	1.8987	1.9029	1.9052	1.9069	1.9095	1.9117	2008
173	"Switzerland"	756	2.3101	2.3912	2.5972	2.3551	1.8714	1.5388	1.5367	1.5453	1.5371	1.4833	1.4079	1.4706	1.5322	1.5849	1.6307	1.6692	1.7015	1.7299	1.7539	1.7751	1.7928	1.8091	1.8216	1.8338	1.8428	1.8521	1.8593	1.8667	1.8727	1.8776	2008
174	"Latin America and the Caribbean"	904	0	0	0	0	0	0	0	0	0	0	0	0	0	0	0	0	0	0	0	0	0	0	0	0	0	0	0	0	0	0	NA
175	"Caribbean"	915	0	0	0	0	0	0	0	0	0	0	0	0	0	0	0	0	0	0	0	0	0	0	0	0	0	0	0	0	0	0	NA
176	"Antigua and Barbuda"	28	4.5	4.5	4.3	4	3.2617	2.2357	2.1392	2.0708	2.0938	2.3125	2.2714	2.1694	2.1087	2.0649	2.0241	1.9887	1.9596	1.9357	1.9212	1.9088	1.8998	1.8936	1.8883	1.8871	1.8881	1.887	1.8877	1.8898	1.8916	1.8956	2008
177	"Aruba"	533	5.65	5.15	4.399	3.301	2.651	2.45	2.358	2.3	2.1739	1.9531	1.8162	1.7356	1.6785	1.6613	1.6735	1.691	1.7079	1.7274	1.7443	1.7623	1.7772	1.7923	1.8058	1.8178	1.8281	1.8395	1.8484	1.8579	1.8643	1.8723	2008
178	"Bahamas"	44	4.05	4.31	4.5	3.5756	3.5367	2.9547	3.0503	2.6498	2.6376	2.3275	1.8653	1.9076	1.8903	1.8738	1.8607	1.8485	1.8391	1.8331	1.8278	1.8238	1.8242	1.827	1.8282	1.8306	1.836	1.8406	1.8457	1.8513	1.8554	1.8613	2008
179	"Barbados"	52	4.417	4.2969	4.2731	3.5328	2.7176	2.1568	1.9181	1.7744	1.7295	1.739	1.7995	1.828	1.8504	1.8684	1.8829	1.8951	1.9047	1.9121	1.9181	1.923	1.928	1.9326	1.9352	1.938	1.9401	1.9418	1.9437	1.9443	1.9455	1.9479	2008
180	"Cuba"	192	4.15	3.6995	4.6805	4.3	3.6	2.15	1.8495	1.8495	1.6505	1.6095	1.63	1.5	1.4694	1.4865	1.5224	1.5559	1.5926	1.6224	1.6515	1.6785	1.7036	1.7271	1.7474	1.7655	1.7822	1.7971	1.8097	1.8216	1.8308	1.8415	2008
181	"Curaçao"	531	5.07	5.1	4.399	3.8	2.87	2.45	2.25	2.3	2.28	2.121	2.0915	1.9792	1.923	1.9015	1.8893	1.879	1.8698	1.8649	1.8634	1.8647	1.8695	1.872	1.8766	1.8804	1.8844	1.8884	1.8937	1.8967	1.9006	1.9044	2008
182	"Dominican Republic"	214	7.6	7.641	7.351	6.65	5.68	4.76	4.15	3.65	3.31	2.98	2.83	2.67	2.502	2.3536	2.2251	2.1174	2.0282	1.9581	1.905	1.8667	1.8419	1.8264	1.8206	1.8187	1.82	1.8261	1.8301	1.8362	1.8432	1.8508	2008
183	"Grenada"	308	5.8	6.7	6.4	4.8	4.6	4.3	4.23	4.14	3.46	2.8144	2.4289	2.3023	2.1888	2.0907	2.0165	1.9538	1.9072	1.8731	1.8499	1.8352	1.8281	1.8234	1.8263	1.8284	1.8335	1.8405	1.845	1.8516	1.8589	1.8649	2008
184	"Guadeloupe"	312	5.61	5.61	5.61	5.22	4.49	3.06	2.55	2.45	2.097	2.1	2.059	2.1431	2.097	2.0594	2.029	2.0058	1.9861	1.9709	1.9613	1.9537	1.9476	1.9434	1.9418	1.9393	1.9387	1.9374	1.9373	1.9366	1.9379	1.9388	2008
185	"Haiti"	332	6.3	6.3	6.3	6	5.601	5.8	6.21	5.7	5.15	4.619	4	3.545	3.2005	2.927	2.7124	2.5443	2.4034	2.2842	2.1884	2.1025	2.0352	1.9835	1.9417	1.9124	1.8886	1.8752	1.8645	1.8582	1.858	1.858	2008
186	"Jamaica"	388	4.22	5.08	5.64	5.78	5	4	3.55	3.1	2.84	2.67	2.5416	2.3995	2.2801	2.1789	2.0999	2.0371	1.9851	1.9475	1.9211	1.901	1.887	1.8809	1.8754	1.8733	1.8743	1.8766	1.8784	1.8823	1.8841	1.8878	2008
187	"Martinique"	474	5.71	5.71	5.45	5	4.08	2.65	2.14	2.14	1.962	1.9	1.9771	1.9108	1.8386	1.814	1.8134	1.8159	1.8197	1.8243	1.8308	1.839	1.8474	1.855	1.8626	1.8692	1.8752	1.8822	1.8872	1.8921	1.8966	1.9001	2008
188	"Puerto Rico"	630	4.97	4.82	4.37	3.41	2.99	2.76	2.46	2.26	2.18	1.985	1.82	1.7	1.6508	1.6319	1.6331	1.6425	1.6559	1.6725	1.6901	1.7095	1.7286	1.7457	1.7608	1.7752	1.7912	1.8044	1.8147	1.8254	1.835	1.8451	2008
189	"Saint Lucia"	662	6	6.938	6.794	6.479	5.691	5.2	4.2	3.65	3.15	2.6	2.1	2.04	1.9099	1.799	1.7147	1.658	1.6211	1.603	1.6024	1.6136	1.6339	1.6583	1.6843	1.7076	1.7316	1.7532	1.7717	1.7878	1.8039	1.8163	2008
190	"St. Vincent and the Grenadines"	670	7.33	7.33	7.02	6.41	5.54	4.42	3.64	3.1	2.85	2.55	2.237	2.132	2.0026	1.8917	1.814	1.758	1.7294	1.7146	1.7141	1.7202	1.7317	1.7469	1.7609	1.7757	1.7908	1.8046	1.8164	1.8277	1.839	1.8474	2008
191	"Trinidad and Tobago"	780	5.3	5.3	5.04	3.81	3.45	3.24	3.28	2.75	2.18	1.82	1.75	1.8	1.7965	1.7937	1.7927	1.7919	1.7956	1.7995	1.806	1.8118	1.8192	1.8255	1.8314	1.8392	1.8461	1.8534	1.8597	1.8659	1.8732	1.8785	2008
192	"United States Virgin Islands"	850	5.57	5.57	5.5019	5.3656	4.9772	4.3365	3.6959	3.0854	3.0915	2.5	2.087	1.956	1.8657	1.7928	1.7487	1.716	1.6994	1.6936	1.6951	1.7033	1.7154	1.7298	1.7431	1.7603	1.7743	1.7882	1.8009	1.8141	1.8251	1.8354	2008
193	"Central America"	916	0	0	0	0	0	0	0	0	0	0	0	0	0	0	0	0	0	0	0	0	0	0	0	0	0	0	0	0	0	0	NA
194	"Belize"	84	6.65	6.55	6.45	6.35	6.25	6.2	5.4	4.7	4.347	3.85	3.35	2.935	2.7104	2.5289	2.3799	2.2584	2.1545	2.0686	1.9972	1.9397	1.8948	1.8615	1.8393	1.8265	1.8199	1.815	1.8172	1.8207	1.8259	1.8305	2008
195	"Costa Rica"	188	6.724	7.114	7.225	5.801	4.346	3.776	3.527	3.374	2.945	2.584	2.25	1.92	1.8132	1.7395	1.7053	1.6995	1.7039	1.7138	1.7281	1.7437	1.76	1.7746	1.7893	1.8022	1.8148	1.8262	1.8361	1.8469	1.8548	1.8642	2008
196	"El Salvador"	222	6.298	6.598	6.759	6.428	5.949	5.459	4.799	4.199	3.728	3.298	2.599	2.349	2.1918	2.0658	1.9652	1.8879	1.8253	1.778	1.7454	1.7293	1.7216	1.7258	1.7313	1.7417	1.7534	1.7676	1.7809	1.7939	1.8047	1.8186	2008
197	"Guatemala"	320	7	6.6	6.5	6.3	6.2	6.201	6.1	5.701	5.45	5.001	4.6	4.152	3.8385	3.5606	3.3175	3.1046	2.9265	2.7723	2.6433	2.527	2.4307	2.3401	2.263	2.1937	2.1333	2.0809	2.0415	2.0075	1.9814	1.9614	2008
198	"Honduras"	340	7.497	7.497	7.418	7.421	7.05	6.6	5.9995	5.37	4.916	4.3005	3.723	3.308	3.0262	2.7997	2.6158	2.4633	2.3324	2.2185	2.1262	2.0486	1.9823	1.9297	1.8915	1.8616	1.8419	1.8316	1.8252	1.8221	1.8231	1.8257	2008
199	"Mexico"	484	6.7	6.8	6.7495	6.7495	6.5	5.2505	4.25	3.6295	3.1628	2.8027	2.5442	2.3662	2.2004	2.061	1.9523	1.8728	1.8201	1.7878	1.774	1.7697	1.774	1.7829	1.7939	1.8053	1.8158	1.8261	1.8358	1.8453	1.8532	1.8624	2008
200	"Nicaragua"	558	7.2	7.5	7.1	6.95	6.79	6.35	5.85	5	4.5	3.6	3	2.755	2.5148	2.3325	2.1868	2.0692	1.9773	1.9055	1.8503	1.8115	1.787	1.7762	1.7717	1.7723	1.7798	1.7875	1.7975	1.8078	1.8189	1.8283	2008
201	"Panama"	591	5.7641	5.8725	5.79	5.4142	4.8822	4.1869	3.6272	3.2383	2.9581	2.8705	2.7639	2.622	2.4919	2.3782	2.28	2.1975	2.1282	2.0712	2.0236	1.9857	1.9553	1.9341	1.9178	1.9083	1.9004	1.8947	1.8932	1.8935	1.8926	1.8929	2008
202	"South America"	931	0	0	0	0	0	0	0	0	0	0	0	0	0	0	0	0	0	0	0	0	0	0	0	0	0	0	0	0	0	0	NA
203	"Argentina"	32	3.154	3.1265	3.0895	3.049	3.1455	3.44	3.15	3.053	2.9	2.63	2.35	2.254	2.1959	2.1478	2.1025	2.0581	2.02	1.987	1.9606	1.9415	1.9238	1.9115	1.9027	1.897	1.8911	1.888	1.8879	1.8878	1.8888	1.8895	2008
204	"Bolivia (Plurinational State of)"	68	6.75	6.75	6.63	6.56	6.5	5.8	5.2995	5	4.8	4.324	3.9585	3.5	3.2668	3.0662	2.8943	2.7476	2.6226	2.5112	2.4115	2.3185	2.2385	2.1698	2.109	2.0578	2.0159	1.9813	1.9543	1.9321	1.9156	1.9027	2008
205	"Brazil"	76	6.1505	6.1505	6.1505	5.38	4.7175	4.305	3.8	3.1	2.6	2.45	2.2505	1.9	1.806	1.7322	1.6841	1.651	1.6394	1.6351	1.6431	1.6581	1.6783	1.6976	1.7172	1.7372	1.7542	1.7707	1.7869	1.8003	1.8133	1.8254	2008
206	"Chile"	152	4.95	5.486	5.4385	4.4405	3.63	2.803	2.671	2.65	2.55	2.21	2	1.9	1.8545	1.8307	1.8117	1.7964	1.7862	1.78	1.7782	1.7795	1.7831	1.7881	1.7941	1.7991	1.8059	1.8134	1.8202	1.829	1.835	1.8424	2008
207	"Colombia"	170	6.76	6.76	6.76	6.181	5.0005	4.34	3.6845	3.24	3	2.7525	2.55	2.45	2.3038	2.1763	2.0743	1.9967	1.9374	1.8961	1.869	1.8513	1.8428	1.8401	1.8413	1.8447	1.8484	1.8539	1.8591	1.865	1.8705	1.8761	2008
208	"Ecuador"	218	6.7081	6.7101	6.6281	6.3827	5.8001	5.0878	4.4397	4.02	3.5254	3.1861	2.9694	2.7456	2.5824	2.4399	2.3201	2.2147	2.1227	2.0473	1.9876	1.9394	1.903	1.8755	1.856	1.845	1.8378	1.8357	1.8375	1.8395	1.8428	1.8495	2008
209	"French Guiana"	254	5	4.92	5.02	5	4.18	3.3	3.58	3.73	4.05	3.9265	3.6758	3.2715	3.1165	2.982	2.8647	2.7625	2.6713	2.585	2.5023	2.4308	2.3603	2.2976	2.2424	2.1954	2.1556	2.1204	2.0886	2.0657	2.0416	2.0247	2008
210	"Guyana"	328	5.6168	5.8685	5.3965	5.1733	4.915	4.4146	2.8975	2.5236	2.4821	2.53	2.65	2.77	2.6834	2.5557	2.4007	2.2919	2.2105	2.1487	2.1038	2.0693	2.0448	2.0268	2.0145	2.0054	1.9989	1.9943	1.9905	1.9881	1.9858	1.9837	2008
211	"Paraguay"	600	6.5	6.5	6.45	6.15	5.3505	5.2	5.2	4.77	4.3095	3.88	3.48	3.083	2.8901	2.7262	2.5868	2.4682	2.3646	2.2746	2.1972	2.1301	2.0716	2.0208	1.9794	1.9483	1.9243	1.904	1.8895	1.8796	1.874	1.8703	2008
212	"Peru"	604	6.853	6.853	6.853	6.56	6	5.378	4.65	4.1	3.57	3.1	2.8	2.5995	2.4328	2.2906	2.1695	2.0682	1.9855	1.9202	1.8706	1.8297	1.8063	1.7939	1.7875	1.7868	1.7897	1.7944	1.8037	1.8121	1.8206	1.8291	2008
213	"Suriname"	740	6.56	6.56	6.56	5.945	5.289	4.203	3.7	3	2.6	2.8	2.62	2.42	2.2893	2.1771	2.0915	2.0245	1.9713	1.9337	1.9067	1.8897	1.8776	1.8734	1.8709	1.8707	1.8713	1.8748	1.88	1.8836	1.8882	1.8907	2008
214	"Uruguay"	858	2.7305	2.831	2.9005	2.8	3	2.887	2.57	2.529	2.4865	2.3005	2.2005	2.115	2.0689	2.0418	2.0129	1.9849	1.9606	1.9397	1.924	1.9134	1.9063	1.8999	1.8967	1.8932	1.8917	1.8922	1.8943	1.8958	1.8952	1.899	2008
215	"Venezuela (Bolivarian Republic of)"	862	6.4585	6.4585	6.657	5.9045	4.941	4.4685	3.957	3.6485	3.25	2.9415	2.723	2.547	2.4105	2.2892	2.1858	2.0967	2.026	1.969	1.9241	1.8922	1.8687	1.8548	1.8454	1.8414	1.8397	1.8411	1.8449	1.8493	1.853	1.8572	2008
216	"Northern America"	905	0	0	0	0	0	0	0	0	0	0	0	0	0	0	0	0	0	0	0	0	0	0	0	0	0	0	0	0	0	0	NA
217	"Canada"	124	3.645	3.882	3.675	2.61	1.976	1.734	1.634	1.616	1.694	1.562	1.516	1.6275	1.6623	1.6917	1.7167	1.7393	1.759	1.776	1.7904	1.8032	1.8144	1.8244	1.8343	1.8423	1.849	1.8563	1.8629	1.8683	1.8741	1.8801	2008
218	"United States of America"	840	3.33	3.6745	3.3959	2.5791	2.0178	1.7718	1.8044	1.9146	2.0297	1.9965	2.042	2.059	2.0549	2.0515	2.0486	2.0462	2.0462	2.045	2.0434	2.0423	2.0418	2.0404	2.0393	2.0373	2.038	2.0382	2.0382	2.0387	2.0378	2.0374	2008
219	"Oceania"	909	0	0	0	0	0	0	0	0	0	0	0	0	0	0	0	0	0	0	0	0	0	0	0	0	0	0	0	0	0	0	NA
220	"Australia/New Zealand"	927	0	0	0	0	0	0	0	0	0	0	0	0	0	0	0	0	0	0	0	0	0	0	0	0	0	0	0	0	0	0	NA
221	"Australia"	36	3.18	3.406	3.274	2.871	2.535	1.989	1.91	1.859	1.86	1.776	1.753	1.8866	1.8847	1.8835	1.8802	1.8794	1.8782	1.8767	1.8765	1.8772	1.8772	1.8782	1.8799	1.8816	1.8837	1.8867	1.8882	1.8905	1.8923	1.895	2008
222	"New Zealand"	554	3.688	4.07	4.022	3.348	2.843	2.178	1.9727	2.0311	2.067	1.9525	1.949	2.1418	2.05	2.0125	2.0029	1.9857	1.9658	1.9492	1.9354	1.9268	1.9195	1.9154	1.9144	1.9126	1.9119	1.9129	1.9141	1.9154	1.9174	1.9185	2013
223	"Melanesia"	928	0	0	0	0	0	0	0	0	0	0	0	0	0	0	0	0	0	0	0	0	0	0	0	0	0	0	0	0	0	0	NA
224	"Fiji"	242	6.625	6.792	5.953	5	4.2	4	3.8	3.47	3.35	3.19	2.98	2.75	2.6176	2.4986	2.3914	2.2962	2.2121	2.1388	2.0786	2.0309	1.9946	1.9656	1.9439	1.9278	1.9159	1.9079	1.9013	1.8982	1.896	1.895	2008
225	"New Caledonia"	540	5.2231	5.2231	5.2231	5.2119	5.2028	3.9055	3.3399	3.025	2.9366	2.5762	2.26	2.2427	2.1431	2.066	2.0098	1.965	1.9328	1.9089	1.8936	1.885	1.8804	1.8776	1.8773	1.878	1.8789	1.8841	1.8864	1.89	1.8935	1.8962	2008
226	"Papua New Guinea"	598	6.238	6.259	6.278	6.214	6.087	5.871	5.474	4.966	4.703	4.637	4.35	4.1	3.8461	3.624	3.4252	3.2484	3.0929	2.9561	2.837	2.7269	2.6306	2.5377	2.4551	2.3771	2.3027	2.2376	2.183	2.1342	2.094	2.0569	2008
227	"Solomon Islands"	90	6.4	6.4	6.4	6.539	7.236	7.041	6.431	6.125	5.532	4.905	4.6	4.4	4.0819	3.8084	3.5683	3.3593	3.1768	3.017	2.8757	2.747	2.6285	2.5226	2.4232	2.3375	2.2578	2.188	2.1289	2.0808	2.0408	2.0052	2008
228	"Vanuatu"	548	7.6	7.35	7	6.46	6.11	5.75	5.4	5.04	4.83	4.59	4.11	3.63	3.4201	3.2347	3.0711	2.9267	2.8002	2.6827	2.5786	2.4821	2.3919	2.3119	2.2361	2.1709	2.1145	2.0693	2.0284	1.9965	1.9699	1.9472	2008
229	"Micronesia"	954	0	0	0	0	0	0	0	0	0	0	0	0	0	0	0	0	0	0	0	0	0	0	0	0	0	0	0	0	0	0	NA
230	"Guam"	316	5.527	5.828	6.03	4.724	4.12	3.516	3.08	3.139	2.88	2.88	2.74	2.539	2.432	2.3351	2.2507	2.1787	2.1169	2.0676	2.0255	1.9941	1.969	1.9492	1.9352	1.9241	1.9153	1.9123	1.9069	1.9049	1.9033	1.9033	2008
231	"Kiribati"	296	6.1	6.8	7	7.1	5	5.1	5	4.7	4.553	4.198	3.557	3.159	2.9598	2.7931	2.6505	2.5303	2.4254	2.3345	2.2524	2.181	2.1172	2.0662	2.0214	1.9868	1.9549	1.9328	1.9163	1.9045	1.8935	1.8858	2008
232	"Micronesia (Fed. States of)"	583	7.2	7	6.9	6.9	6.9	6.4	6	5.2	4.7932	4.5275	4.05	3.622	3.3467	3.1171	2.9208	2.7565	2.6179	2.4941	2.3861	2.2905	2.2063	2.1335	2.0714	2.0181	1.9774	1.9463	1.9227	1.9018	1.889	1.8787	2008
233	"Polynesia"	957	0	0	0	0	0	0	0	0	0	0	0	0	0	0	0	0	0	0	0	0	0	0	0	0	0	0	0	0	0	0	NA
234	"French Polynesia"	258	6	5.861	5.4381	5.199	4.8575	4.229	3.815	3.6447	3.1094	2.6133	2.3608	2.1673	2.0653	1.9833	1.9143	1.8605	1.8199	1.7925	1.7726	1.7569	1.7506	1.7518	1.7563	1.7638	1.7713	1.781	1.7915	1.8008	1.8114	1.8201	2008
235	"Samoa"	882	7.3	7.3	7.3	6.5	5.7	4.89	4.85	4.82	4.7	4.656	4.416	3.99	3.7966	3.6193	3.4641	3.321	3.1928	3.0726	2.9663	2.8639	2.7704	2.6803	2.594	2.5178	2.4402	2.3689	2.3018	2.2443	2.1924	2.151	2008
236	"Tonga"	776	7.3	7.3	7.3	6.5	5.5	5.5	5.5	4.7363	4.615	4.2912	4.2278	4.0342	3.8218	3.6306	3.4605	3.3055	3.1669	3.0411	2.9269	2.8193	2.7205	2.6294	2.5399	2.4586	2.3813	2.311	2.2465	2.1953	2.1475	2.105	2008
