0.00397747981376295
0.00981368340392379
0.00353095281357541
0.00402592632472748
0.00435430065266591
0.00720552678699514
0.0078834051688105
0.00448252156403811
0.00163053281852793
0.00456833877181798
0.00358114581736675
0.0124557555811008
0.0127434828287036
0.0177720363687637
0.0166087661628965
0.00658719576349289
0.00701545869538977
0.00512806026803746
0.0096748527577853
0.00587879043915105
0.0472864424222598
0.0457914634816557
0.0458444880843126
0.0450670870488543
0.0451567426914364
0.0364100205557436
0.0309661841657028
0.0365208632173932
0.0366495249281621
0.0253931995901263
0.0211731024599618
0.0197214118713325
0.0213961493406257
0.0215670527444736
0.0210823676424682
0.0221573477067634
0.0231785002285525
0.0184967614619001
0.0176162448895786
0.0141421877823461
0.148594188148961
0.152478862705285
0.145737447596731
0.146374067131379
0.143072506838896
0.15151089613554
0.149598728948965
0.14850379538301
0.147563965996328
0.147919836501192
0.144044768623442
0.139747173207327
0.138078184137904
0.131967440141217
0.12997907655313
0.130263230740087
0.121916548740113
0.122982058947835
0.122108869808378
0.122129018163767
