0.117187669131198
0.134133410859003
0.129197786051484
0.158807722931244
0.157064795044539
0.101405526579008
0.119843563457524
0.105615959650181
0.0903752229619753
0.0918588170728935
0.122816734295435
0.128769628667519
0.106144755001744
0.0865487533902223
0.0800492982164877
0.0758144497283772
0.088820330774226
0.104809457045205
0.0814759285968074
0.0933837458656052
0.125261140176968
0.105000100813596
0.119030104453842
0.111007096389663
0.0985205113686122
0.109731281895478
0.156572885192294
0.123742528607962
0.118280483384492
0.130467127853887
0.126407077821635
0.135579370852496
0.129687167758027
0.157027845324034
0.156019887379527
0.160642741409844
0.159234389712087
0.142246989851683
0.160317479119581
0.162772181822736
0.116415127833065
0.140836726169724
0.156800937862008
0.129583414303706
0.134944175752194
0.130949409696641
0.102084926403739
0.100114190348383
0.0924510323701871
0.109086325583058
0.105357975071549
0.148844806809747
0.141441567342282
0.122982085648814
0.104369555519131
0.0963891816248835
0.108583146648048
0.107005098208521
0.0858899425639174
0.0960725605489
