0.086093184296674
0.077712040933081
0.104806015715339
0.0966547483672584
0.123150938791221
0.170091442400802
0.146145466386818
0.169339697744472
0.15290529937392
0.149948763398401
0.132233629331582
0.171372257120264
0.183668699084326
0.136695218276739
0.140809790413939
0.179074935740359
0.140168153354975
0.149645194032104
0.177463283505378
0.170351601226187
0.116999930200151
0.150146029940369
0.147613616969023
0.121832392151313
0.122137193858644
0.110766933325098
0.101090226922107
0.102417627218542
0.107059840286917
0.161918190291378
0.164421049895006
0.172761598545133
0.148012031335484
0.157188124910078
0.131194549379059
0.150194207983905
0.143289598402593
0.146624803727923
0.195303766169503
0.193312328033375
0.159371669825462
0.15944317484944
0.164757606694859
0.156266247051263
0.157269191552384
0.143193654306158
0.132168276605407
0.13289590430203
0.117401801140337
0.17296217586563
0.174599374508982
0.162606915839352
0.147919982263054
0.155797814566005
0.130145817814599
0.166590807928402
0.162867432421127
0.121153948901115
0.13044994594623
0.095542466221215
