0.252746949420503
0.216112962638702
0.232936218504822
0.226851093377704
0.195357459586449
0.202655202872693
0.218904220252021
0.212029624532478
0.212170780675828
0.171254880862655
0.178853373354331
0.168984311441421
0.138536191900069
0.124067275945328
0.140300701203981
0.0972389595212755
0.105418465178836
0.125457200790608
0.114214012394944
0.110530592247335
0.110401762248841
0.109647876020008
0.11004865409073
0.126050196988365
0.128483555467765
0.133013412253317
0.114900046357688
0.160024892569662
0.188715688408361
0.124401478171365
0.108612858994881
0.101795695791368
0.0816907602581753
0.078293179875947
0.0776740657164128
0.0764208123673963
0.0764104297859551
0.0751481167951679
0.0832258184228121
0.0845884999399508
0.182911205726283
0.167610511211534
0.167319758228817
0.135697241283707
0.138715533305359
0.121175542531387
0.139103426482688
0.145781031985067
0.166165468164877
0.21770850775881
0.235886344151471
0.223392529185335
0.175913878271548
0.170177003170852
0.168615675511233
0.118630173511274
0.108978149714431
0.116624741409501
0.120636673378708
0.162577164110867
