0.149285398931341
0.121961374175595
0.124096609785029
0.098120169299607
0.0892099759641303
0.103287310139915
0.148607926679582
0.135711648381459
0.1117050031223
0.113197360175703
0.11115663896807
0.104521488772884
0.0897442203406377
0.0778374117947898
0.0921619764239356
0.0783643917135012
0.0727206263320417
0.0712462255005202
0.074248257276267
0.070497483413033
0.116428135738209
0.106839565534697
0.112924911973361
0.14997195953687
0.18990839258515
0.193518249212978
0.195884405016842
0.198137396085395
0.209602670914105
0.173284291007876
0.118658145102464
0.149111655430318
0.154018709615124
0.143372435669994
0.141086290604101
0.12458596086991
0.139915713616965
0.103335159303122
0.10065245563382
0.136829337537549
0.1461990726866
0.14150327475091
0.114951243937992
0.140746637278597
0.112828717766222
0.106183298589988
0.103715316947801
0.0817882810814486
0.0910534081619136
0.0916820168971212
0.133823171150546
0.133566355741116
0.130104859055264
0.129653566525281
0.110927161089569
0.0870368240966495
0.095244377575902
0.082124634844065
0.0997659121341612
0.0975408978151224
