0.154022520350233
0.116214076582565
0.109725582817104
0.115721974515055
0.148571591582969
0.173259554782227
0.121802833248303
0.127434872484537
0.182416139379735
0.146269902513697
0.16832965538543
0.14906937755008
0.138238871036809
0.121451324453911
0.141073117361053
0.121417510660992
0.153374065010214
0.140018969324966
0.149414715834436
0.138342728035659
0.123765121553788
0.140656725117673
0.143924215143424
0.106370487319496
0.147596003724601
0.148870997925236
0.151696144749357
0.159042197987751
0.148282191561181
0.189077601988971
0.173149786054137
0.130229390508596
0.157083533031407
0.191767142941116
0.194138711242204
0.18719111014761
0.201820998911409
0.203264840154368
0.163930964125708
0.166887483228861
0.151251592665881
0.109269309842969
0.116727906050623
0.106301241193606
0.106601188210512
0.111547551772711
0.119096097092353
0.123662601066723
0.113070375167982
0.106042531426789
0.0934177900088176
0.0922494302708292
0.0903574277107314
0.091940557730488
0.131980941007159
0.128723641145241
0.0981896573765002
0.108558327597979
0.116304950035128
0.102261552472303
