0.106046595814727
0.12655513298031
0.143933479127272
0.141968271304662
0.153467183433377
0.101614871711736
0.103335376477032
0.0928924686561624
0.0925992518022929
0.0932909234313766
0.0817816559124102
0.0794494208150186
0.0863301298996769
0.0860975918707402
0.0840326193735962
0.0712267159501998
0.0776716894951543
0.0809335702323012
0.0735921646013164
0.0782723953117228
0.153572866561295
0.12385179132565
0.134333264878185
0.128213847418917
0.14930937794206
0.109499493302378
0.108573851649749
0.106604881777744
0.136587531940236
0.144118279782833
0.138934584512532
0.153853873693032
0.152507778643163
0.153150587729226
0.143081652371958
0.183314874443184
0.200620660808021
0.167286269746468
0.142413447722044
0.189630619139983
0.110780912930452
0.106281765629835
0.117329958855819
0.146847861931584
0.099676790593262
0.10169568390841
0.0851427451661707
0.118028949622929
0.120388984595313
0.135251975895454
0.109805148782269
0.122747463631479
0.141162170763842
0.114397596843448
0.13250104505081
0.114311807691496
0.104306951755084
0.113689930792264
0.0936342409916813
0.107202609951189
