0.118644169644456
0.121996654852162
0.169784343716005
0.162217453959112
0.146536243425572
0.171650036619392
0.147560572171899
0.166376419840179
0.175094498531669
0.200904530719203
0.180366742737006
0.171686931724429
0.193985344488623
0.176188210473828
0.154834998191749
0.152318657001039
0.197190491850177
0.221857574482662
0.193043790842729
0.245200455481329
0.155906044689813
0.154300548579378
0.184041882903171
0.186635082899349
0.203826556655061
0.199469507967818
0.18745274399472
0.222796530219336
0.216452358773557
0.240114206027953
0.216756750106634
0.183010163430855
0.230806671465176
0.248661123560561
0.167739371761327
0.188372797302074
0.232109378822885
0.223976735007412
0.198317002463224
0.205152832436871
0.118332346058227
0.112850039318049
0.114390210581685
0.118338301709963
0.122629513262648
0.125655454463781
0.13048694972221
0.173422423417195
0.177006280560025
0.23143826893449
0.160424195133174
0.173655046152951
0.111042204013761
0.152230129362246
0.151953183056432
0.149999018505817
0.15043675324941
0.14976441678237
0.161198511893678
0.131079936355363
