0.096356330461785
0.12502176037697
0.140271270650463
0.110362443840858
0.0944306355494363
0.0980618842128907
0.131705077935891
0.090431407353826
0.0893647856282028
0.0812185334441105
0.0754252906143527
0.0773335227436739
0.0775790656235772
0.0767351670853366
0.0794921774409737
0.08278603543972
0.099143220477915
0.124255580929924
0.105921330131409
0.104348101666776
0.112083629047065
0.148073455614147
0.158850325888261
0.207524369129835
0.202984738726889
0.202672063445922
0.180941367251459
0.166954603767396
0.189576963932047
0.138696232398884
0.142104416424722
0.120394740597175
0.137701563407483
0.159805909115545
0.16504045618887
0.14241544206028
0.126754679414378
0.131667010296247
0.137103898744073
0.100989097870766
0.109064950857666
0.157625238604433
0.117947484781345
0.117116610259496
0.140236348531563
0.156181610729566
0.126173151294496
0.109013170981785
0.11047894828785
0.100005012383392
0.122683874984811
0.11050042359606
0.129907773271815
0.135373168937881
0.109022106472062
0.119455720144045
0.0935020556133695
0.100177130619625
0.107683063948924
0.103784988636803
