0.0896024665472629
0.0872629301787898
0.0776069069310795
0.0834793481213177
0.112653202761564
0.0991895014484406
0.0912323375828132
0.0931724250769498
0.104036551441666
0.104539969952349
0.101010117092825
0.0969492182852468
0.097448270512453
0.0965506245527057
0.091753431868176
0.107096155217623
0.106713043727034
0.107640856585244
0.128097168122281
0.161490280886357
0.151829054151824
0.156247104582095
0.159777398122488
0.160968114830908
0.141846100047475
0.132526061550722
0.106090121874734
0.097593570650005
0.106022809710337
0.0973659573714306
0.122063064961566
0.101888834175317
0.116937744563863
0.106987997221714
0.122858503786989
0.102429456852086
0.106430439108487
0.0986340781184325
0.109118548276081
0.108492470432121
0.10009219950831
0.112647142068641
0.115905637344026
0.141201635700196
0.155621805773991
0.155629123928477
0.147686976505098
0.161779923449457
0.163839176213652
0.157620039937164
0.136829324862572
0.130704727775595
0.153965265288476
0.143274544665189
0.110804634931716
0.117690385717522
0.119212135337525
0.132047254743912
0.117178837588719
0.135157053001337
