0.138232612027663
0.126389274612391
0.11354732179213
0.126853942844754
0.128445568178631
0.118139302651187
0.11418126221538
0.112537299832158
0.0852623205593544
0.0921510561651508
0.0921585180493895
0.0923543553298898
0.099719942289782
0.113538874882935
0.110828107570068
0.1015138885802
0.0987870317452017
0.113911504258418
0.126241599600831
0.10612616220984
0.117776086433686
0.115116847570103
0.100179641433538
0.0997401194302181
0.094205178474346
0.0923123724022437
0.11965507187584
0.168799710876326
0.170375228070073
0.110519882052901
0.108508234075571
0.110903857351369
0.126403205572543
0.105549927184873
0.0948164081337376
0.0895174695801325
0.103421506990259
0.143159021648988
0.149102170559767
0.153312586845479
0.120866023226127
0.104343303531006
0.102099211812616
0.0981331012922093
0.125583497537212
0.124057735052664
0.138450507643038
0.155695184606742
0.129046711379715
0.109359688966127
0.0919811068147418
0.092480414343337
0.109844342457492
0.100225532918775
0.109413881334085
0.101801499651911
0.0835414192068573
0.082648711944533
0.0765768691821891
0.0707457493046118
