0.123539926198714
0.109105535738205
0.0941539555114376
0.0947489275258184
0.113780690664337
0.119490949931353
0.124171037741515
0.106503933501368
0.148649554236389
0.129909676637522
0.15556367057111
0.127099592836398
0.12461924653586
0.140938264626226
0.136564753481842
0.18723365432671
0.157659798085948
0.135478989775445
0.117512895088393
0.100510891144463
0.137025415850252
0.1517112869088
0.176191268962081
0.197972510721397
0.195957156234252
0.210991797200298
0.162593387509683
0.161771891811266
0.141935100623842
0.115387464712622
0.143728060969852
0.121208092445106
0.172246872561964
0.165810073534508
0.231612912458297
0.184655659893572
0.173560861234754
0.149213464716092
0.139795309341968
0.155674187415811
0.173640521096512
0.180435400153676
0.17990969273969
0.189293054736774
0.245667677303664
0.221744713870656
0.141511282565852
0.115098461376079
0.115701027974777
0.144212232557193
0.160474029817201
0.114108955819763
0.168748055655106
0.127360059639397
0.126803052341678
0.152268135070583
0.132410501511499
0.118405748683431
0.119320286088517
0.117689663304699
