0.111298343495011
0.122179003737743
0.112872038020855
0.160463239997285
0.169676606966272
0.151417352180727
0.111674676821912
0.098311112912752
0.0936415887959602
0.0987266169930466
0.119176747398032
0.142508024967245
0.10091272798317
0.0984035920224443
0.0876290319734694
0.11141658280907
0.0868592356189984
0.0962733931303547
0.0947223799578002
0.100060195760818
0.129364861455569
0.135216866403103
0.122134604215039
0.119801688224907
0.114643574975572
0.121088016399159
0.117814547200767
0.115508036921604
0.127760848835193
0.101864611453985
0.0967630172144835
0.0961748340424863
0.103110228386548
0.157823915989542
0.149178126726819
0.181563577240144
0.163882490937459
0.148663198204432
0.145351797987583
0.122375705797999
0.157084044530544
0.143618546575472
0.144052382114371
0.112639979061123
0.103215562862468
0.0995602782427512
0.0899804492474699
0.0892655265126155
0.10623520464254
0.0958903644131807
0.0956171261679325
0.0995890985334816
0.138500661840558
0.140320182432346
0.139184570913066
0.139960352952298
0.136218251962995
0.0985923340415667
0.143111614135703
0.122515758834253
