0.0800731454393871
0.0898034782857835
0.0846948985319801
0.0766199533978023
0.0796949907734152
0.0921315296530158
0.0784979824384483
0.0956667986207568
0.102544867814696
0.119379185660178
0.109696980878136
0.0991478710252836
0.0941769560688168
0.125056294418384
0.135355176844908
0.13971149070752
0.123720001284074
0.124209815760695
0.103935462688872
0.104339189029609
0.108401067803207
0.106560917640877
0.0921541357259994
0.0863141582237837
0.0989299205304576
0.106162265268762
0.100427827246527
0.0935120993212508
0.10726417118993
0.100305948102194
0.112745322753889
0.110269325069102
0.11052818962402
0.114127629189225
0.139175959122076
0.0971475477815275
0.107512282020236
0.115468603229173
0.124122966236176
0.142307849991116
0.120123062303714
0.123115932284969
0.131597547529176
0.135754453773099
0.129762456047916
0.132506994890456
0.125626055344986
0.115467032182242
0.117277619025082
0.104351393010816
0.0877415496210347
0.0914252707942925
0.124426139619373
0.0964348758008306
0.0889576353441479
0.0879985120934856
0.0862912848993723
0.0867429535816013
0.111319129664336
0.0971379322320037
