0.19212281050334
0.184494696331603
0.177270918072123
0.128729154832384
0.111234713476522
0.110050707991623
0.131043865208795
0.130195190946293
0.140772330066096
0.183639313703904
0.156152090818796
0.147849550697287
0.136731105529334
0.152874391432561
0.196107021610312
0.172717013421878
0.168603045659556
0.174181143429067
0.187008873662853
0.21660993910422
0.236729127075074
0.181493086765992
0.186689908183761
0.169973678100429
0.198528347331325
0.178442653455238
0.146765952056733
0.177031446018245
0.172841790464449
0.190835578583329
0.192018377623108
0.202237266963589
0.218801114059272
0.175312200951558
0.182798232194196
0.156827368076638
0.148993623023479
0.137127522235625
0.137930119866725
0.145287783855912
0.134783655331473
0.109181512001996
0.110338403255995
0.123977417976562
0.136954006658395
0.131303769878356
0.131225639316803
0.121118644653873
0.125092329016019
0.125443057748015
0.130510819608706
0.15470977574719
0.148958677044313
0.143277572550571
0.137342444933149
0.133982172247356
0.169653760318763
0.167241169264221
0.165285613353887
0.163426037753145
