0.11393024503792
0.131454701143943
0.0965729269187206
0.0950053551950171
0.097368787193731
0.0912668971798506
0.102972507034351
0.111225950763067
0.0891357449872007
0.100529220749009
0.093874430784438
0.0960311136906363
0.0965690356840348
0.0862557379884673
0.106689148845473
0.0749916148907446
0.0724180923691187
0.0752713646565808
0.0754919391398372
0.073824192250591
0.127681713586961
0.132711880912031
0.137503202205408
0.128946254401606
0.119520360521617
0.105323964567142
0.121340223852017
0.146160885531951
0.141626806340567
0.142961513269096
0.138545793398355
0.100095531849338
0.118118871451418
0.117948907414681
0.105787397408847
0.0883551773562155
0.0898402168073324
0.0968031603968178
0.095897835029457
0.0869034714564452
0.132010037198539
0.137072000134046
0.111512178607552
0.118140895174684
0.114386212956127
0.115931129710405
0.139630839217989
0.129860500424956
0.126560393055313
0.113276865382413
0.125280585086734
0.125617012462581
0.121223326471404
0.128505009655241
0.117863785526742
0.125280373030013
0.158893184421232
0.139658128037657
0.145110737348977
0.124894828374959
