0.0932871613084332
0.0997610346308805
0.0814367596240727
0.107933714462901
0.112722675834151
0.136220823554292
0.133624080356332
0.147777456241451
0.153359339562506
0.144526175533368
0.161419194578447
0.154471336042139
0.122375856159937
0.158564158904371
0.209471834733492
0.19415920062334
0.201141406125697
0.191697682185032
0.177184950122349
0.152850204364552
0.159436442540299
0.161619669941552
0.133374807018875
0.166941242703947
0.229087523644696
0.2236037047516
0.218507180080684
0.231041869759006
0.236678032948402
0.226491351274059
0.203883528279559
0.198265930848164
0.180623634953582
0.188169803365127
0.158596816431447
0.208090414758193
0.210187190121917
0.206389023798408
0.234424028162247
0.240931598902999
0.0936012673440266
0.12093837634256
0.131746725767337
0.211058097274733
0.171732556827652
0.146316165052106
0.148562624001094
0.131011116750496
0.132750545449499
0.10722468086265
0.0968276201191216
0.104074735909805
0.103310053661418
0.107686996586358
0.112966600863465
0.108238696031645
0.131842110668871
0.140506185695027
0.139683806222154
0.150172861706272
