0.125197788227167
0.148695104918015
0.15257772213137
0.147057956711377
0.168809189294467
0.16070716739637
0.129930919767444
0.114017754003137
0.118065044514191
0.098621669240556
0.140012177714193
0.129733270294153
0.105080984127599
0.0995096748384473
0.0991549318321985
0.095724045940791
0.093125639315454
0.111189271034928
0.112795788937237
0.0920702458391914
0.141297043660621
0.13644290132699
0.131634320850135
0.154115080562141
0.144503662964628
0.109898001050713
0.111692494891529
0.095233456655279
0.124514603105142
0.13279995000848
0.150185655358501
0.139883796266952
0.145408699448899
0.176066312288114
0.166187890685693
0.168418981513585
0.172266519872169
0.131858663240807
0.159002306495679
0.135041843467263
0.149990907062684
0.151130605393264
0.163509029781662
0.143315467344275
0.156735339833766
0.147568807074509
0.170836303808328
0.130748888868893
0.135728524583135
0.189800440841082
0.165746456751941
0.17362060415505
0.155841112072838
0.128864101291022
0.100716278844455
0.102030361121197
0.106829436666641
0.10401627597383
0.0831759847627653
0.072578003046881
