0.0755544714590969
0.0719182783471278
0.0744588787898923
0.0873763564307275
0.072726689990344
0.0760410321252374
0.0768308757183638
0.0853885260522627
0.0781954529847847
0.083760870450191
0.0793821193773151
0.0985676444904322
0.110041923778278
0.107552900557815
0.0980517235952123
0.101873626412519
0.0991521755486358
0.097045019724107
0.105449051550237
0.0853084270892404
0.104616754144865
0.115079617730162
0.101061549490076
0.100047861050749
0.114995747753317
0.10403464060397
0.104181366281266
0.0871474615585258
0.092737532570745
0.121625652781241
0.111105359615109
0.113240987531603
0.117836227631066
0.151087705344696
0.15213296525531
0.125365579894602
0.118573135918031
0.12460608438376
0.122639014005486
0.0924783220285142
0.120547640722066
0.122800755988419
0.109794772944503
0.109296170945184
0.115814197209516
0.0900975616538145
0.105264144720574
0.117220459254141
0.122776106068132
0.147713146293659
0.141476157347818
0.107934257389716
0.105713174282541
0.103552132683505
0.0901949554931601
0.086071432037943
0.108845723926972
0.097205382341488
0.0733332233595869
0.0709915295833517
