0.075757988910353
0.0865334263824423
0.0830398942263927
0.10570685242642
0.0845703400103648
0.0766554113873945
0.0882067709800763
0.087408829268135
0.087125327542929
0.0831387867952865
0.100883069396609
0.144118627610991
0.123848991099056
0.113158867030099
0.103221148223343
0.0930129348116786
0.095533945396469
0.11491995389357
0.116263627069235
0.116863993561928
0.130064940155829
0.137369010967617
0.156549098818841
0.127967779406497
0.127951871041885
0.113565605126898
0.0963724709523193
0.108405353259747
0.102257062956788
0.111722771689571
0.125367315736753
0.130565597283882
0.1202230507999
0.111124435799563
0.110092837220144
0.131044671931825
0.131903407965353
0.121149508732059
0.0960901905172222
0.106431712508723
0.108854779430707
0.110216566810079
0.105140555576637
0.0862255551537358
0.094761339860792
0.0964146273868448
0.123648046746946
0.0976329877526564
0.0882884793123042
0.0881831977940342
0.0993290609581298
0.0954592175539182
0.0940516644460935
0.092483363250426
0.099241086584488
0.102166088346119
0.0921440398259634
0.0969430564009051
0.112907813539866
0.0875757155235055
