0.152285312131927
0.170616496898743
0.16673067472996
0.131214156150479
0.111917904289389
0.110161819078913
0.107084881949355
0.0932773657318577
0.10088059450936
0.0874277584066964
0.0753485556442986
0.0813458698425469
0.0795791916534151
0.0790364367553428
0.0769650459981866
0.075801328727822
0.0918825707080187
0.0828696208541616
0.0836099950319948
0.0985825486244144
0.108786772248822
0.0978924900355524
0.106010899654388
0.11338325930981
0.105681580783372
0.0910596324672172
0.0988351785774756
0.090613357971894
0.109531787648622
0.118596611149984
0.098723266323755
0.103939726031524
0.110769425442569
0.101678963360516
0.0976414658799186
0.0945853924541217
0.099420825659647
0.0975441030908634
0.112418661501573
0.115493655612796
0.099014186697592
0.0882525715780184
0.0889638155748756
0.0897669519136157
0.093008648090845
0.088287338016415
0.114446841249474
0.125637492608512
0.12034262844477
0.118649988985316
0.145736305942629
0.143636909269937
0.149693237030629
0.127565790264948
0.105064204317283
0.130214202087248
0.100311211017527
0.110596487948172
0.136848248085464
0.111670069549852
