0.106627242469746
0.163017187622755
0.16140689124763
0.164359794163167
0.14167035165694
0.107747418198542
0.141659469768678
0.140166289228299
0.127730099684081
0.173923965236311
0.212178675302868
0.208358711524043
0.20785197472332
0.174038028346797
0.235314905676622
0.197634804368057
0.19425374353722
0.181290870335562
0.185872435825839
0.182450050246775
0.13662942396937
0.157199319724144
0.170619364768518
0.177102800280876
0.16079876634853
0.159373834834676
0.135155889945513
0.115663405351735
0.116004423902555
0.145514867085303
0.153147381043813
0.161268729435278
0.141897438905504
0.179372298403542
0.190905141098049
0.155631530425396
0.116634842505108
0.147178036269365
0.161388754609103
0.186880296880173
0.175405713013862
0.122973733050777
0.129152127068558
0.138206054327341
0.148908596909211
0.175354823950172
0.20757165604264
0.199922724840669
0.190728102749755
0.156208455016105
0.125252227608932
0.14939332438012
0.140340625874828
0.131322076780646
0.0912590692428554
0.083845933320714
0.0796300829233365
0.0801692085449706
0.111560563674271
0.129483880273091
