0.0692364344507324
0.0748599609797902
0.074691587030286
0.0959250277238727
0.086986952646032
0.0841339712187758
0.079283320264654
0.0802686771640312
0.0821657616451764
0.0919727916068879
0.108931516305592
0.132817470338134
0.145591589612243
0.153111420837848
0.142247718817395
0.127388759739441
0.0976176847248297
0.111000058394292
0.14098162305359
0.12340918799969
0.109773523118222
0.110715929994099
0.148120498400134
0.131954357835725
0.130555240518434
0.112076371187642
0.119046674025077
0.094700394543445
0.11507347576882
0.102200528924476
0.0977415545655058
0.114723745065478
0.143521833773797
0.144005939995311
0.125481898158335
0.123748379942986
0.157154449882679
0.145513127695581
0.129202383380604
0.124926358923689
0.117675491037018
0.120463622418574
0.123157866372784
0.111846624484447
0.148857230875554
0.131759773242539
0.13977416348488
0.139934897933173
0.151793730203044
0.147330318087005
0.156423977391535
0.145628662188769
0.169179363844532
0.209727579953558
0.175923166571277
0.166397485922643
0.22961030528703
0.227647555961651
0.232023617938674
0.206357717439928
