0.0871230968924275
0.099678231393488
0.102377469906411
0.126286087531444
0.115964703461483
0.119498972067931
0.0985235719440647
0.0966311547763788
0.11009338787889
0.116966003059013
0.111745665216603
0.116259178022982
0.119933952061839
0.104672948878925
0.105902312670219
0.110528232961693
0.0837960326754928
0.0870328985457611
0.0838082345422213
0.071868635823402
0.151596800628684
0.143968782696873
0.150792836321163
0.128165732536864
0.119905316308436
0.115045736939345
0.108285701852378
0.117845799381453
0.128193451517548
0.115893890676599
0.116697449633511
0.119773821078708
0.111080800634035
0.14915243153702
0.159225965663518
0.185267271287781
0.160375146730774
0.150756741069665
0.12764873479068
0.129264753981821
0.132313470199334
0.152099042560448
0.151299243087959
0.13535788603547
0.133005881706655
0.133381690953667
0.147107437170241
0.143882917246032
0.186248764906081
0.163112771866876
0.162790509212063
0.158798724856244
0.163389300702338
0.158906827537325
0.136719048004396
0.135798774588835
0.13622278182301
0.108695412014847
0.112253355413328
0.140869164199855
