0.0919796268090873
0.101850254142209
0.097128580497524
0.094322096718881
0.0892885624757344
0.0996457053782222
0.0955474771081414
0.093870222965455
0.0918999225191469
0.106277855829493
0.106056900159947
0.105439228008964
0.097316332832468
0.124304914718046
0.122441481945908
0.131755354607403
0.14850339342672
0.143823766473488
0.161374362617683
0.137776335681366
0.108778117965602
0.109768848446581
0.111426361565903
0.112476450564459
0.111034554230759
0.140814806455037
0.119510637112368
0.116717278158286
0.141573179717723
0.10969239597072
0.113045260925507
0.099657036055776
0.1028591044867
0.124936071679295
0.124806175753961
0.104967911700505
0.0974143725357214
0.0963761525145019
0.10388040086542
0.099187017375557
0.11427814947166
0.119368740286703
0.103285991309334
0.126610377280863
0.120547277367476
0.09761925457003
0.099911966223053
0.121972097307148
0.0954675087290146
0.115468701098808
0.142539625014737
0.122954812900011
0.0866212182318869
0.0878603624935986
0.120790575726652
0.112009441247461
0.100062684113671
0.0901167234728432
0.0804542798318147
0.092590262385774
