0.10685728939315
0.107254906287991
0.154956737308625
0.172697176742129
0.166574344525691
0.160036692731439
0.187907366324559
0.191847941914906
0.177917684609896
0.152448290119544
0.13267716102863
0.177376526326121
0.183054394478405
0.198575891650936
0.16853729941387
0.182619286331732
0.168040725092731
0.164859348492928
0.174609429491289
0.151323650086064
0.153029122385858
0.147322437044621
0.0969279113566483
0.119196477703404
0.127078887659872
0.151264291609504
0.132686030500509
0.16940808566625
0.133989240114234
0.140075470764226
0.121722217084294
0.153891692939749
0.14669885006807
0.143988660397588
0.180623708880311
0.15845354291817
0.149548918402912
0.180959255293007
0.178225684637838
0.140748687319991
0.082071701970379
0.0983228174244584
0.0925123314063472
0.0818389986440982
0.078867432414817
0.0710036518430908
0.0721822987580784
0.0750454356356353
0.0881556891844266
0.0911216901546169
0.0926279116484817
0.0804035371002527
0.0807716519950323
0.0920920148918112
0.109111398053205
0.136433332923798
0.199009979501197
0.181211868756914
0.229472524316136
0.188716485940848
