0.084448328382623
0.0805889369359716
0.0807272579903914
0.0910124669363104
0.102282476106415
0.104132414726928
0.116472765759522
0.138945150368547
0.104234842477375
0.114650473320318
0.104602676647442
0.0993071345141165
0.100206222415794
0.113494416104024
0.105620986250775
0.105096804654606
0.162632050411451
0.149961081722182
0.134176759401124
0.136121464151276
0.121224572689599
0.125773888135783
0.152803077593741
0.100501701090302
0.115213727895879
0.135997445554758
0.14856411646535
0.136939693959591
0.138762122255661
0.108429910493579
0.101815542882454
0.107745897873917
0.143688452756828
0.107036219873985
0.105768264791773
0.0847224606431716
0.0883122562940158
0.101560357786563
0.0987362416990668
0.0927309624804616
0.0934214304777963
0.0889999016942115
0.100304165137064
0.116913035847777
0.13693830023114
0.139165459920705
0.148936547212236
0.149716296529948
0.122732892068982
0.0972709768674424
0.100080467175519
0.0896812411104492
0.095138193735311
0.0942281475478917
0.110642580230948
0.153342876789268
0.162659873382274
0.136199225737139
0.199194670470634
0.199159312403212
