0.120286853953318
0.121798959385917
0.0981839245874122
0.123514752522862
0.138300203209516
0.112319611203197
0.0979948886274833
0.0977897753541222
0.117152828575294
0.128327687695894
0.136325268226044
0.179271008162805
0.132529891176488
0.13175233545156
0.103586854328253
0.161157315259786
0.170806475098403
0.196626382723567
0.165141145190077
0.168258486832127
0.115125692297428
0.116025772267366
0.11255006227368
0.126892734535154
0.107440160804541
0.117305777585801
0.136678968862463
0.129937128967703
0.12377766112003
0.162775363232312
0.148652203962981
0.138518886006847
0.154655395600421
0.157121639808149
0.188238485309197
0.216969698236457
0.154047910962332
0.141030348404997
0.148780258743362
0.128641032703959
0.110104906937039
0.103447177005114
0.0885367944603893
0.0864330876521928
0.0913537870940557
0.0931804268420132
0.0915757064766182
0.0877562473466492
0.105341153340731
0.118748353264473
0.107679090719898
0.135160889251961
0.112965658176924
0.115637184986736
0.123721467540087
0.105346110126224
0.12282934920831
0.101741616276414
0.105422230451005
0.142420966115814
