0.130727513813566
0.134211924092381
0.0887377398473443
0.0934127599773682
0.111340137265686
0.0875715108219017
0.0868757310560945
0.0912091982625702
0.0988986800935365
0.116528579097705
0.128471025299307
0.118799789991894
0.139711478223642
0.159531332468481
0.137109842979339
0.139555644610652
0.128317127572892
0.140068687664914
0.130676212734154
0.107027782615545
0.136533698487643
0.111590940173962
0.107740106427412
0.119903932903177
0.123772692236754
0.148171066346912
0.124543176751416
0.135362733266109
0.14388173532259
0.137594907694079
0.105963487133464
0.0958572029188504
0.109857516611937
0.101627465886583
0.126518055460163
0.144680040904491
0.145524288569712
0.132429504231423
0.12284285423585
0.130861428221323
0.176612901922407
0.128744666508317
0.145931040925336
0.193349966818854
0.175328100040435
0.159522794452378
0.133207170533998
0.210028243467767
0.212815509370812
0.168736702160967
0.172287885323657
0.160223947559369
0.181351718463495
0.207265764236022
0.205470783792883
0.207499607938769
0.193550110150566
0.200280556024726
0.180264931431003
0.145561349922355
