0.121574316188182
0.123165194727358
0.132990622314831
0.129441607235121
0.132518184835609
0.113729492568457
0.117801505454432
0.12952405586107
0.120809298589647
0.0959885807073
0.0825516367658463
0.0843436803205632
0.0849276376187742
0.0860584145901317
0.0975103911150413
0.114872000415359
0.111137303670769
0.109498398469174
0.13478693571322
0.0919510263595383
0.170681516454408
0.133377038978144
0.139939763573213
0.155553364217046
0.222007442937513
0.222872893901293
0.168927253386202
0.188439737021964
0.209394196472903
0.154209910753729
0.163155949926978
0.212752585880808
0.197116956733629
0.18084754579406
0.181707069566862
0.164477351200497
0.166385533521844
0.114683985825546
0.132014855779023
0.124763164494092
0.113845534668351
0.0872004000022662
0.0868802849636727
0.0799276936785542
0.104135221903377
0.105175028512078
0.117308139850011
0.0980986469028916
0.097518280243364
0.0919798591266702
0.0965639569294792
0.0935433538031328
0.0906366137823168
0.094320271492697
0.106494747229948
0.106694419196555
0.123022380440051
0.129281047352171
0.141683313808405
0.154783108306611
