0.165234878888448
0.165415044407314
0.157279425597749
0.154098787992897
0.141775989791544
0.164363269947545
0.191380511657613
0.178383916585372
0.165909800270295
0.194438670694928
0.20931355128841
0.200479026429932
0.199375161675311
0.193165953029655
0.124005655722802
0.164803485870341
0.161928848812756
0.112393126514994
0.123992508924296
0.107934371755992
0.109755046635081
0.129637795036985
0.103823239506758
0.0894429674246828
0.11123459380424
0.110274883026047
0.134760485666033
0.143735465785669
0.114894906577655
0.11980136810533
0.127322724754112
0.123412735057719
0.139078340974567
0.130326147734559
0.130193777527994
0.116544607466865
0.105938108596378
0.08862288428247
0.0875168629400207
0.113920327249248
0.128934942728835
0.145474740880609
0.153055549922144
0.151419319702931
0.154817809114395
0.128607135885404
0.125845792215679
0.105200053475456
0.0995957724834792
0.134292621031536
0.125283014230919
0.149126216601851
0.154668170294135
0.169833341754673
0.208876720096061
0.189294049551004
0.146950796072719
0.189959145708194
0.185931806215924
0.151336579302862
