0.15452686319383
0.151175829962816
0.154730890991058
0.145745794786183
0.143883649727588
0.115200829620747
0.137393003600475
0.0968620976347829
0.129339542415633
0.130751583512188
0.117710481982699
0.119170952269967
0.12448664434376
0.121582926193197
0.110333194783247
0.113137205989767
0.111700919669449
0.114416183100858
0.127845113065129
0.0948760565680408
0.146993683290455
0.139619399295422
0.136370161420575
0.135172336151719
0.127323298298291
0.12809964664394
0.101892632175608
0.10193545685435
0.115294008980615
0.170017919576917
0.130712963816147
0.119791515527146
0.14954770442938
0.145050951189865
0.128059077784786
0.152209288610167
0.146066096483141
0.155674228269125
0.183811414397619
0.170771013859005
0.17134504679752
0.163586528790863
0.133723505230703
0.13945804486551
0.139586419742325
0.116390502253256
0.122951210462223
0.125637756434785
0.144507779154641
0.132364807776469
0.129474568828176
0.103142758431593
0.0972374180792486
0.089171876904536
0.115291676251429
0.105560618624212
0.104429416215773
0.122795885431558
0.144568974279613
0.148450642063532
