0.0847380001297699
0.07749494370543
0.081856058074109
0.0828016761795754
0.0808045233487901
0.0820234030415785
0.0799874512213863
0.083461536364281
0.104277492227765
0.107268344889246
0.098054652689832
0.108323395987422
0.112369827728066
0.0959030456154352
0.0964107511416578
0.0794368927475927
0.0774403466861528
0.0823721766815794
0.0893943245323797
0.100947244208045
0.125273382295596
0.123096601204502
0.156184841779807
0.165449062903365
0.15106646511533
0.137281021683177
0.155991466142305
0.134633885243754
0.126470481315759
0.16490998656823
0.172503449233037
0.150130212239891
0.124006928472576
0.107562933973302
0.115958026182799
0.119781086450316
0.123777490595052
0.153883827237262
0.208543152748085
0.198912210692106
0.0896723282467398
0.0968648278071628
0.0853289116480717
0.0862643188401002
0.0697377340499802
0.0753572096193644
0.0713607825721576
0.0750504545998905
0.091822217236074
0.0933041765508664
0.102604350583484
0.123200070756568
0.116859412584802
0.125169289899876
0.127254614294391
0.14858087674915
0.193925699818836
0.229427567372331
0.218727255093877
0.163069706365864
