0.07261412837535
0.0683304420435338
0.0706387345532583
0.0738079394166503
0.073381081052874
0.089387013312238
0.0779181499414631
0.0775073539542256
0.105115127753532
0.0985727087730928
0.106458893397672
0.096211445893013
0.0973132532525344
0.138705264867133
0.136944940646004
0.142256365834643
0.141687530170333
0.142659317357778
0.133611876251275
0.118507284473485
0.115959294785902
0.105379163448987
0.124858114726074
0.0963244964707944
0.0957345951239998
0.134176076105439
0.139416993176139
0.112360741483509
0.100656070674479
0.110334050449947
0.097172254379567
0.104884651760126
0.098531041896211
0.108252590130421
0.101567005249663
0.103920060274715
0.111732117506511
0.097736605027699
0.0966106245037515
0.0805671266131705
0.079767734989623
0.0842360481838315
0.079860392394079
0.0789337046009059
0.0744222879080474
0.0838405976878637
0.0887581780925412
0.0864332379022437
0.0775438088575724
0.0749469563777408
0.0645171690007983
0.0642382842063832
0.0650559985699545
0.0652181734800584
0.0638227547073628
0.0663419945784147
0.0825214621448971
0.0889131356903676
0.0852544805514858
0.104088641071505
