0.197871270045683
0.210170022311353
0.209317184321615
0.15062037368664
0.14854701454781
0.144375323900311
0.206502653967359
0.153046569884211
0.151728765218237
0.133710343127315
0.14272477379441
0.185869918674993
0.182044720467109
0.173389374078211
0.170710504400167
0.178093201704779
0.210662955712932
0.217410794539316
0.176526204888577
0.169200495323678
0.187654481649545
0.181138431869036
0.190997322430831
0.178838244689844
0.174144854522817
0.162878261537836
0.184016540126409
0.172814464263164
0.145939076668501
0.137334732364251
0.135326583485748
0.172934568982681
0.208200496604922
0.153988551891083
0.118523016354277
0.112826014954797
0.111830662692207
0.108055811242921
0.108095789127893
0.108705861227333
0.146912329824304
0.128015492618332
0.137981818033853
0.133560208489199
0.130093745781062
0.140044524180203
0.152760603616076
0.173398629785988
0.189055110350672
0.186152408622313
0.144539029121071
0.141917240382032
0.126725518353631
0.127304224516281
0.169731558190728
0.154866770593303
0.152260151259849
0.149149492806571
0.175668846354706
0.167572595833516
