0.0836365673019194
0.0860006986109467
0.107587444143562
0.097523804119729
0.081477493925353
0.10203814161338
0.111197873269209
0.09149970675183
0.093207234633877
0.109883727206633
0.155456967583707
0.143108931461604
0.135353476969209
0.116009158068488
0.0989814005147823
0.130103475250042
0.145797149662794
0.124352990448517
0.116842566502664
0.0959931522346242
0.108513879429134
0.108086497280304
0.134397702296133
0.109460015909567
0.113142395771005
0.097334846909222
0.123394953213245
0.126035457310093
0.150690595731968
0.153055678474735
0.124128668159915
0.147706619288975
0.126857161047121
0.161633833908824
0.134581432257015
0.126281143301533
0.129617860841599
0.166882557630801
0.15636454310039
0.169928076034458
0.106591939247198
0.120163289093538
0.113522902906517
0.14066645467335
0.110897960088276
0.0944600199944082
0.118599994819172
0.108760248442324
0.142262267814859
0.128871936329289
0.126922998704215
0.109920725170213
0.117437683929437
0.0917284119174924
0.113342730189076
0.103382624603651
0.109742855078319
0.113000739105376
0.123275841264528
0.128448634596667
