0.182663215736755
0.18459178468183
0.186297008049885
0.174564861502752
0.178398930882631
0.205024027203144
0.183621988536617
0.188322151004851
0.206379271371943
0.181101407298136
0.146791479577628
0.152117965700987
0.155610220683266
0.153778177257457
0.154257737143375
0.156995664670826
0.145434012836358
0.139214880073461
0.117847877344139
0.12456189582532
0.134212990126418
0.124898900268162
0.170060568283028
0.172254634732348
0.137534499049674
0.137691849280111
0.117049480101093
0.152584589108313
0.138895981515995
0.163003635284957
0.141956899135289
0.103176790551645
0.0980674229004988
0.10009690413712
0.097078417721839
0.0970867110164667
0.0959364305754843
0.0919729845940444
0.099144224715009
0.101030982587867
0.140232718617038
0.139693507499602
0.143153945163004
0.114811045290189
0.138175597367759
0.126906955752354
0.109336122586619
0.117802365684428
0.136195151099085
0.120030243731503
0.126422457723661
0.110214776902539
0.128567013969791
0.12003116181755
0.124254041786068
0.149803129461827
0.168956208661167
0.193622005938027
0.196890903458685
0.189956671221362
