0.127045173193869
0.121950538464728
0.117563701712875
0.119551811021634
0.126176035726258
0.113815758346942
0.0924697298927755
0.0923096651974255
0.107352067132401
0.106990656561877
0.0995787281808577
0.10007796891377
0.10176701950855
0.108677154347095
0.0986918825286536
0.0947094207975208
0.0956783049429282
0.131216267703318
0.108603157913415
0.097650011282235
0.172886603174379
0.128638340285726
0.141232710935271
0.127689672437809
0.123597118098405
0.112281909779145
0.122972440156655
0.111135713422349
0.10103227621533
0.127319539809801
0.15117476809164
0.19386985294065
0.184328223577279
0.152008454888596
0.147351417515578
0.104004513312202
0.130654347059096
0.126914730490772
0.133948548399746
0.135338853918267
0.0916487624465586
0.0975489483319583
0.0913847924845927
0.124832556670812
0.182879629992907
0.18431533714813
0.188244934766388
0.196232122492853
0.191767181552782
0.155048255046808
0.159042553390907
0.153904016761289
0.153847503190074
0.103720988193077
0.10841304790272
0.110512392208636
0.122302408196242
0.125225595865224
0.096183771925273
0.0867099965736067
