0.085154589447676
0.103406311176119
0.106228705702597
0.107160043779287
0.0868112147380914
0.0795470796020886
0.0825455491185005
0.0836620136720798
0.0912213538541185
0.0993600113251796
0.110780981170393
0.088599193914266
0.091748359136373
0.093544524078136
0.0752702221052784
0.0783840664140596
0.0832238022034048
0.0761028899641024
0.0710008170255774
0.0784303828882325
0.105346567891737
0.110452852242059
0.106865035810227
0.111338674539344
0.107246180997201
0.110858039619295
0.112415730424388
0.10026596840823
0.0936395800514076
0.0975092369832913
0.095421986718623
0.0960648680293648
0.111946195138058
0.112072862125685
0.0847115252304901
0.085452599049525
0.0943406680427725
0.0993191927259648
0.0897358063554122
0.097901255079439
0.100057543885178
0.100506799744137
0.0961431571242902
0.136286605330119
0.0999122152114134
0.109908906093744
0.103427945396339
0.0961571341803253
0.0710477246325059
0.080096535115859
0.0819486364537198
0.123312567643314
0.12084870801516
0.111882093063143
0.0854054544001539
0.0811350189192035
0.0771961791944695
0.0926992813625473
0.0881702463648781
0.108182158528512
