0.105619628151251
0.109372972463422
0.137925431585623
0.134105614505057
0.144840309995344
0.1408867259967
0.122432071673783
0.122987272773882
0.119271353721582
0.118059317497634
0.112546995582095
0.116351036161445
0.127237581850766
0.164061975438128
0.171977433942436
0.114850895256518
0.127827202027344
0.134563784681864
0.125918575575028
0.133651927544207
0.138415942182755
0.136692775543274
0.132140415963737
0.157241786140801
0.159820916595474
0.142270269090147
0.128442580075152
0.131150108933189
0.0995179159120127
0.094516448583223
0.0969549926634226
0.0965170937779582
0.105926986777053
0.108931257928333
0.113152650935477
0.108248697981856
0.11081093837207
0.111051685392837
0.111353742174721
0.101189903189993
0.165586655990587
0.114408078354524
0.11361178163664
0.12553106803789
0.103034373266283
0.0988216273555284
0.110808393363905
0.118464555787705
0.142253367113681
0.158661662031906
0.175561825778391
0.166961754309213
0.158344833150455
0.131016695218439
0.108944233373512
0.130677951370755
0.1528527528744
0.146377061117315
0.151721211503942
0.179092003909759
