0.085475407946121
0.0746465378778789
0.0821030329317018
0.076686343764959
0.0815384640337814
0.0868054652144395
0.0964840196731106
0.0939275223388262
0.0978000564120452
0.108886555758595
0.105890668012103
0.0924213774804144
0.089109866781424
0.11144954571969
0.101627743596804
0.0972695314896455
0.104154171179674
0.100355141650804
0.112062711333696
0.107130517168398
0.131538188959742
0.132804946572971
0.14686608161137
0.123854487646993
0.151077546391984
0.151938544806902
0.103186290015593
0.158224257705929
0.160934492991811
0.112605292674575
0.129014395007541
0.151629798902538
0.14061581755515
0.111815232043068
0.102975948819432
0.122162768723511
0.0955421507007907
0.0941009998722698
0.111871530178178
0.119349033556507
0.119166558896841
0.134559659509613
0.132826765841508
0.146605734409972
0.158628980807128
0.174531996749084
0.158633179408298
0.152473776999651
0.111415651353427
0.110223603572774
0.110917496785389
0.106138049364712
0.101884283465385
0.100154737185981
0.108943211882003
0.117924946761247
0.120350479803948
0.0969819435385652
0.127333122522373
0.133403676180432
