0.185972130490635
0.173686795288566
0.17095324257415
0.136897922784207
0.157823409385291
0.11736047823119
0.135355521290242
0.123958063200974
0.128807264131001
0.129650757509212
0.136219732949542
0.168654375527414
0.149402714027671
0.147038134295214
0.147967177615609
0.149753898760088
0.138985380852045
0.126271979005795
0.127212487227475
0.118376305477877
0.108107988197276
0.109112081069153
0.107145775535633
0.128739605912644
0.118710691884685
0.116023210126447
0.108070399648055
0.104393655088603
0.101560299613398
0.10844002729419
0.115690396889213
0.101962308537052
0.094106355615138
0.0910034989188911
0.0998039250694097
0.13125922212585
0.115054519663061
0.125052200247117
0.114739020910915
0.112741882135755
0.117541993302463
0.127949486895603
0.126073864692945
0.118893680323933
0.107531931358883
0.0986302672757088
0.132631100048133
0.14632888609287
0.135808072205668
0.11711197025027
0.117048074740847
0.115922697628222
0.113416767465911
0.123722549853369
0.140520180528725
0.132311486049635
0.12753591322143
0.133187977100654
0.138330787098723
0.125871961916027
