0.125678358546021
0.124213460424828
0.125168419678879
0.131387112322644
0.123978346012937
0.11747245309082
0.120469308326245
0.115513935016449
0.134989255375198
0.141814523845147
0.154888493969655
0.129352834775317
0.151781888487237
0.146828119772459
0.146021083534203
0.118817388672235
0.123615259686201
0.126756532898617
0.118963117079698
0.150855596894468
0.159988690302268
0.177281849950915
0.185159548323044
0.187145176487723
0.186217446375648
0.138776718013959
0.158471320061625
0.143498855897806
0.177269679010017
0.164379816788994
0.178028481076773
0.191394609159304
0.135713210551534
0.193876930552485
0.192114179621975
0.19219020856367
0.174416709293396
0.202916951913966
0.217521895371557
0.228746729743875
0.180934478847648
0.167270159807654
0.172995926692676
0.127022792936616
0.118137521021576
0.186059824900138
0.17682568503165
0.179226963390769
0.139817214984389
0.165483317372339
0.123461181402149
0.124556822451659
0.127270487697144
0.102783260297959
0.104958286432342
0.104890682849672
0.131922445232536
0.136826309081321
0.137840636872929
0.146049855850497
