0.112849273663569
0.114921503607045
0.0787751496843521
0.067670076116212
0.0714686598590294
0.0729373412378192
0.0726509058032783
0.0863743448762818
0.0973143157261895
0.100597566389445
0.101043497013775
0.101947465168269
0.100449168431339
0.0980219098776048
0.0884246566163165
0.112143491469586
0.11380538813579
0.123485581552817
0.142756703270507
0.132838265606919
0.145152012873266
0.14038115145992
0.15869535123316
0.149101120394953
0.130812529953312
0.160885373209266
0.182293905369616
0.136302894252344
0.164286373976411
0.175968201523147
0.167314886981065
0.146280141956791
0.14587209800206
0.101616305522908
0.126698512977341
0.123938126719884
0.161008192799122
0.137225754850157
0.113608255477337
0.125055007034881
0.126306841399397
0.135581693909164
0.154342989680292
0.16778543310031
0.180090008198242
0.20855500266737
0.209134397197029
0.18268659844337
0.161597526801957
0.138807916484336
0.142488939733114
0.174986759622533
0.184043911257981
0.176425373932841
0.217491240255779
0.150629643901949
0.144558029096721
0.1419151927821
0.112592607618671
0.108170969046051
