0.107089830551362
0.0804728034450492
0.084133279503347
0.114855264303571
0.133653997378698
0.149917511844773
0.152456331519161
0.145261174329879
0.153198214420392
0.150604613644794
0.154073168120627
0.156818340278223
0.129684545127149
0.124493869890594
0.12371285188146
0.104501729316867
0.0905825072234521
0.0765252511116201
0.09027701110688
0.0866205140376139
0.103153034802262
0.103579893723006
0.106964690804165
0.119671492712736
0.104593262546898
0.097768529617117
0.0962058334574847
0.112919267241356
0.0995537292013604
0.0942707621823576
0.095883044476523
0.151264238033457
0.168105458744755
0.16719787660099
0.139773804981958
0.123426390869469
0.102764404462023
0.089903624922825
0.111160920373879
0.112151611286307
0.104286406519651
0.10469399684383
0.103181334548647
0.098564383903457
0.104090717476826
0.0937948907240847
0.118412092811328
0.109598774268922
0.12013280854582
0.107602431951323
0.0973321368254215
0.102810786000396
0.104626122775186
0.0970854664020346
0.115962401091684
0.133554081922399
0.120455028009469
0.0932917439824162
0.0992851166768643
0.117069631661912
