0.108038590983206
0.122407113147942
0.104732536116209
0.0932585252499417
0.131690479887092
0.116815025401166
0.0991098672601993
0.0988285198616425
0.117217146158125
0.127340329919292
0.11750481416885
0.107058140723945
0.0930389375736422
0.119117415216886
0.156467773583823
0.154975471397554
0.127652919314417
0.129981767526413
0.12838690982734
0.114068566855621
0.126250301205241
0.125700737466709
0.125877764960967
0.13387841203213
0.140574656412237
0.113190973855974
0.110865290195489
0.131990183049472
0.139302154521322
0.133024103518955
0.126941432978386
0.139849802206223
0.168256797046354
0.125334788242857
0.171893969651156
0.174444459522001
0.176441774008465
0.165341843904866
0.13673348692686
0.17007705520742
0.146046025634633
0.153209552146122
0.164523677434033
0.153542600297959
0.172247095703219
0.186851929043342
0.124290624216365
0.161483401641802
0.20119087893717
0.154362365346406
0.113113316604584
0.111568043665469
0.171268927738812
0.191810364525065
0.13749405795637
0.162694968196405
0.151270621497496
0.148286964119594
0.154484837117768
0.201708071169981
