0.111142023435929
0.122176866715147
0.106961457097795
0.0935834975694397
0.100740755780205
0.0986020869379455
0.140502639449782
0.147130552118161
0.122078756426936
0.128468692131077
0.154893575687209
0.131717196979296
0.111703910692538
0.107397050637351
0.0882024232474026
0.111830446569185
0.142975292903456
0.13809205640178
0.158034349241121
0.167558998828954
0.187100208497397
0.189323672578918
0.166449563537551
0.148998881293182
0.144263466190475
0.140836884455073
0.119252903930909
0.180915278259398
0.157733827511122
0.135279271751604
0.136716943677892
0.148766314211212
0.135855139170451
0.140131186348702
0.133392498362974
0.136806734858851
0.108733060407242
0.0976461901724702
0.095507325796878
0.0915681773030227
0.136607090462074
0.132830641524552
0.135785451752234
0.115710308844544
0.107441348374915
0.163768774388782
0.19319545017548
0.198566169367117
0.19836194699237
0.204773071907846
0.207527079899929
0.21602800095878
0.204382850928167
0.19973945490192
0.222301921552182
0.225739408528392
0.237204816193906
0.215093015245384
0.178110842987761
0.247831809440211
