0.148932723673591
0.189377661640315
0.180206773932304
0.155729963156358
0.156391896710123
0.18648242882054
0.141986647069348
0.159499129394174
0.160206945276431
0.14948354231008
0.14881942694007
0.133035488432416
0.125929643238406
0.116831849582525
0.127018757915071
0.13020702888736
0.180908662988331
0.190826107981392
0.214001349813876
0.191861388954224
0.148464318997113
0.166385823921174
0.15027057701645
0.158844841562656
0.162497582294793
0.159358999195582
0.136812381552529
0.121681845696804
0.105451106748783
0.151495333103645
0.151148490487507
0.14547320819677
0.137285235099758
0.180772784071063
0.178587984266662
0.168401112671512
0.184331975412439
0.17195035038627
0.176502143931238
0.148204526940542
0.0976190458733854
0.127580705379664
0.122475165515962
0.14069080542385
0.153872544036003
0.163314981957223
0.175778090475134
0.155951793554031
0.166336921751472
0.126957203945825
0.16109472187694
0.181995582748763
0.137851430622473
0.147595175367049
0.14702794533896
0.17120182973125
0.176550769303082
0.132211163503465
0.152784148048547
0.147459891079581
