0.113205793566562
0.138163316258355
0.110581208521013
0.103516931279959
0.0918972841225775
0.094839811332582
0.100937001085104
0.091673966921666
0.121188223334118
0.142773913401383
0.125626401725359
0.135227035971299
0.115303611263376
0.151958505099414
0.151560153904281
0.201301987665098
0.192309140580092
0.176843602250183
0.19187262368251
0.132316600142467
0.101086131738557
0.107040012014842
0.120017292600377
0.126983367939147
0.137044084679926
0.138422522449077
0.124577828422449
0.123870999512684
0.136502504313714
0.109601322328179
0.122797789851909
0.144921246970277
0.137871592068468
0.12579323470359
0.115527285529791
0.120685775481651
0.114302136158372
0.122560545771756
0.096604499408351
0.0938402553929292
0.0998957781484146
0.13600622201489
0.134143389241245
0.118023134505643
0.117394787557889
0.128836066332976
0.123296447265478
0.12922747958319
0.110748404318373
0.107429913011358
0.0829829667735084
0.0807109007450571
0.0813636542622538
0.0828402727188422
0.100884085291084
0.124156091369029
0.0925751020391433
0.0985337376148243
0.13984050330079
0.122213293074744
