0.143542856316448
0.149319595670191
0.155192050579222
0.163953879973703
0.145976568619906
0.146458652219637
0.143928291339574
0.147913548665673
0.187073942828649
0.185193413700044
0.192429503241233
0.123512827671385
0.148613993476887
0.149751671544901
0.164132218441211
0.163110873808499
0.154877117342423
0.189363851426449
0.195818567016788
0.194344760927162
0.16694544682119
0.175571960068815
0.162846132703557
0.201740084810491
0.16245974738134
0.214247667715478
0.193036136704782
0.197738514492168
0.211429933360887
0.221947323700392
0.216356459844244
0.214159327426466
0.209150262206606
0.199726206858144
0.189303181257328
0.17862628778676
0.178447903954705
0.198299348646911
0.167394653185697
0.175920965659819
0.17129713025857
0.175321599847986
0.143809416035109
0.121082135756301
0.117260130654402
0.147399336025676
0.17605526599073
0.173151297055487
0.129801944469262
0.123933320564109
0.140695808822505
0.136731340665073
0.133665430403715
0.113922432476423
0.118033016795602
0.157488490538831
0.157964122254332
0.136429204763687
0.132654533544954
0.145937588637358
