0.0950526102916289
0.119577271037446
0.159620345572098
0.185573805304867
0.231069690241616
0.216990513343569
0.178583124556485
0.181283850750565
0.154848545242903
0.203098456610815
0.200665776049901
0.19179911643611
0.207994740604706
0.180158174472283
0.138896583358829
0.172981014087485
0.245674789834612
0.26607128061529
0.326440501895822
0.278262203808033
0.132109072587579
0.175068017670141
0.164358929928751
0.166928047258029
0.185185601687801
0.20870481356042
0.214245647712302
0.18807729086251
0.208560788110323
0.172304506188974
0.141920769579347
0.156863403740452
0.170585537011392
0.179207110373352
0.152353470751816
0.154531575577007
0.140741906578783
0.151900120265789
0.150588991048892
0.152162418530496
0.188199114720968
0.203297452724402
0.210557408605336
0.209214711193731
0.206087229338694
0.206261699121599
0.228065114087342
0.194590422790906
0.18186537642903
0.130312739903582
0.124878064964278
0.106509603987977
0.107187599663861
0.161217037319217
0.118588816420935
0.131185037671948
0.124205133125205
0.122622866738835
0.153527151788012
0.126751049914459
