0.123651643000624
0.121130125283395
0.102323045523244
0.107524664552435
0.104796236888408
0.122019735680934
0.0991609066989668
0.108164563909497
0.108509307333808
0.110700268116457
0.115206608110829
0.124364804750055
0.121166844485549
0.13008515933304
0.135729807344644
0.152148966762275
0.152600091516289
0.148805111826918
0.164807238426549
0.187524306246677
0.121103307039727
0.130096336127021
0.09790739117343
0.114285344194079
0.104266028715452
0.109160685692137
0.147331700027888
0.149680166391764
0.152044830564858
0.134940993444982
0.0999655231792442
0.125458790974205
0.141995581694172
0.193852108842104
0.128414320777436
0.119505621919213
0.156056118879043
0.155858687859423
0.161684661805973
0.137322839592441
0.153847916735328
0.174952417022205
0.165337069466655
0.153247319557022
0.153746673898012
0.195802339402558
0.180897538425309
0.180781234244366
0.178049050119847
0.151858767125334
0.129915080498848
0.138122437252265
0.160750647351607
0.172836062007859
0.189197799826691
0.197984984440958
0.163115158660456
0.168921013956891
0.184516467266334
0.119038471201437
