0.113958610483478
0.107797154980192
0.146771222199009
0.137390027212318
0.12605619135405
0.0899901422551169
0.0743689230364814
0.0818153291026853
0.0803868144931084
0.098844620269029
0.0987468390436216
0.0917232968103037
0.084419775403202
0.077522488402478
0.0769627494833211
0.089499158131164
0.0821950335826912
0.0828483655051744
0.101047598673354
0.103956761666893
0.17422399843861
0.157778717220061
0.13886091224266
0.10227561370258
0.0988230105895627
0.103180772183321
0.121946885579766
0.108321068564674
0.090031146456474
0.0893125804887204
0.0889440601394602
0.0850097114914329
0.112382592684343
0.13906761516323
0.125314478385169
0.121329625293502
0.138760999112629
0.1491557919815
0.11326175991921
0.121860389656447
0.0991759323192902
0.086079602651192
0.0906668355060463
0.087370879865853
0.0857311344799167
0.0885606282757557
0.0904388587921872
0.0919084678076258
0.0919860151667473
0.119603026770695
0.125851652736302
0.118325522968933
0.10776986753305
0.116536958647004
0.114659778209841
0.16340730733787
0.157399460629669
0.114580762619618
0.0908091819907228
0.094625292695725
