0.078563402152867
0.09529376547385
0.0934559016418479
0.0986958655283856
0.136068286995645
0.104107767359962
0.101622296221757
0.100257964044106
0.0956630862963328
0.0957088440281316
0.0906463142508618
0.0911551070134312
0.0823970062258272
0.0794994711683335
0.0774820463107214
0.0817658534477968
0.0943071970466182
0.109444023385629
0.109722916475348
0.09861962024453
0.139380918256593
0.137670294655999
0.139557257738882
0.11680052999058
0.129654009403767
0.136004708601229
0.131894194108292
0.109088957760965
0.118409972923357
0.126870711826707
0.117014048269346
0.101388178904508
0.106254495541848
0.108702803584489
0.107623804493671
0.142066713958868
0.147087039859976
0.16491562010245
0.14904162631629
0.11282388467721
0.141942875489284
0.154938578844308
0.1593666758662
0.130728611729955
0.13980918456447
0.108178234370812
0.118003496998647
0.129574819360126
0.149735179791112
0.150218406016749
0.121722437023163
0.0968377893223421
0.115712347267002
0.120283806742041
0.127840829312064
0.128864128407072
0.109006060972946
0.0984309094705917
0.0957561582303142
0.111347438617002
