0.117865605702145
0.11086116365313
0.109427522847075
0.12681900589603
0.0902512150837526
0.0918329363744753
0.119688043681052
0.112588955296004
0.100815090970527
0.0912435544345286
0.093739155401475
0.103394606481134
0.104446305648129
0.123300497986225
0.117134154552155
0.111234229979881
0.0851585678221505
0.0943453483719778
0.0865674297455217
0.102202147702012
0.16119335363006
0.118682041288793
0.125136989503195
0.108632284251505
0.118113909681249
0.102646402847669
0.119269321600549
0.113258637516851
0.102503650643852
0.149922835384779
0.128144675721068
0.133466269112305
0.15438902990017
0.159470304357639
0.131084810282734
0.13504079326499
0.104644236817556
0.111179029130084
0.0960490077060667
0.118480388306309
0.101736444269448
0.0971061815524063
0.104449964221933
0.0974154304893969
0.085453029238449
0.096360444364266
0.0893924583294064
0.117062411140543
0.133046722848374
0.132929181854324
0.128147552980527
0.107126935168162
0.106196796961796
0.123553613116964
0.129878884975137
0.12669096775865
0.10286018759423
0.098759676861656
0.112604821298206
0.114972176456032
