0.0758100647638373
0.0772579149522222
0.0763845431878985
0.0806813392468324
0.0838124719821994
0.110284191906495
0.111346644659855
0.127850179004064
0.122131809468655
0.148384964350715
0.168759321406554
0.219244686231081
0.165524195677901
0.188815350043271
0.248372536181559
0.177781487808683
0.128765783522667
0.171585238037151
0.183736746399183
0.139722494280398
0.131643605744099
0.156566818076591
0.130075684094043
0.116590142680674
0.157960953988399
0.126418376956659
0.103536191555355
0.115494273437082
0.102378415583305
0.113255656686139
0.103824668349678
0.130335827134434
0.12657296648324
0.129063406865357
0.138654666373719
0.176715033116911
0.190498577761452
0.173009800673687
0.123941179621715
0.128013725844844
0.132954452336499
0.14030453024723
0.147044780688838
0.11762782180098
0.0968878142798664
0.102852290846061
0.0851600056541573
0.0853136753614233
0.0997034081958976
0.0817222123290785
0.09402171551998
0.0872643974783566
0.0859548720780506
0.101585634954574
0.10091607191596
0.0970201899374583
0.14107965418332
0.147983803874377
0.151669521365876
0.153260913114424
