0.126617433777852
0.0982418024095861
0.0983891700768252
0.107362213018378
0.13249792238871
0.099912246638483
0.100824495397058
0.117658776199305
0.110693879267385
0.119189844874632
0.0967565389553466
0.115009727232844
0.127303617699761
0.117224606537305
0.13241155914495
0.173981744989626
0.160837709042215
0.158423390053579
0.143648521917729
0.146086407658235
0.164923700079531
0.163086222420778
0.186987339248324
0.173807142598865
0.140133294234184
0.166631985877241
0.198136326944672
0.178004102184173
0.141727661468314
0.167455209392753
0.17208456197508
0.126180389998683
0.135261611907113
0.187519063193402
0.232961190533464
0.224138112685372
0.209372020010597
0.191948032887204
0.196405652100733
0.160722608055332
0.131267169551208
0.170795129216828
0.164074132627016
0.167537110097965
0.144348963452808
0.134367868050431
0.12239005373368
0.115688706842944
0.0967342056228393
0.113260436445426
0.133015642430559
0.130968249729019
0.129079663059815
0.128809528969452
0.128999916350108
0.159773482198132
0.138573878185169
0.167812363404421
0.183222698228873
0.160624913603106
