0.129978125920637
0.11748260148794
0.116638887514866
0.120610066714275
0.107785946794404
0.104301059103963
0.115706639100262
0.119294183513364
0.138055910020096
0.119052132658257
0.104265688075676
0.106466076680485
0.112078844862731
0.118052072517324
0.107472632096776
0.0886097034103089
0.0967626656315307
0.0825548195797348
0.094363953970428
0.0859094443522614
0.160149804065167
0.15331033044345
0.111027288033942
0.110477612897436
0.131050911600856
0.139346163471557
0.139313359058924
0.154094840418444
0.140114039238736
0.136091556987382
0.197480660458804
0.222162697786072
0.216799318030353
0.197073439473249
0.182790424063873
0.156193149392866
0.148763334785782
0.134853555937572
0.116234319746125
0.144123836472446
0.145994254081923
0.107192562422764
0.106666296610773
0.0934101161405204
0.0933596029135636
0.0966576705310362
0.108167142714535
0.135344374639496
0.0929304394639186
0.116925539535756
0.135830359350689
0.174707306346296
0.199192460859529
0.178067248173261
0.145673798831298
0.161182642350017
0.158114845825744
0.184247571437322
0.159587082659622
0.147366060331602
