0.846414074679835 0.983966263260988 0.797304424433357
0.880228959309298 0.884650704707152 0.75825861124268
0.77373327352034 0.896005277793313 0.703254804159272
0.91552835977396 0.995877144264887 0.795523353418374
0.858714200234868 0.913586793106854 0.787853038809576
0.929999941865088 0.91448126369607 0.753818994539908
0.975243119685935 0.957880612435302 0.745891211041922
0.869801690924732 0.833517061405466 0.78877459398256
0.839472313781049 0.857141901224729 0.78274460852959
0.918578914415723 0.881278265984757 0.738330237229627
0.91004814846895 0.805611688188457 0.810136144029384
0.923397088226073 0.904139560123287 0.855659376408471
0.862032424680516 0.927977965299355 0.733755210266024
0.893757343273646 0.908963103473272 0.801241073578277
1.04076450239804 0.912193759407611 0.81667712794139
0.865442147074615 0.82353633417902 0.781421969644228
0.948364658750843 0.734574848170404 0.774165346374673
0.928537118420186 0.791110558975086 0.72410891629456
0.888101677834868 0.828399314691712 0.86845291694496
0.838462515938431 1.00966352248701 0.741062276752375
0.546989070073893 0.550368385826488 0.730470954674078
0.503827571843206 0.583933755050696 0.710183514941488
0.523184544984467 0.500415330171132 0.685939078118939
0.568634142219371 0.516256602139821 0.657523558268582
0.524175845088612 0.547944659184417 0.701536868166684
0.532547928475016 0.494742885134406 0.653696218016172
0.550235467843284 0.484540300779199 0.745976690528363
0.563790855675426 0.524623725160795 0.68780871910491
0.549501230131491 0.49486939682859 0.715870143891549
0.568611332425345 0.559908261455392 0.721448753351513
0.535800477790244 0.513729974282774 0.751605425136788
0.566876420173769 0.527222894572677 0.663102133356453
0.528058072017078 0.496256920596527 0.662450594191992
0.493482653343086 0.466345364763039 0.64695067534925
0.606526081072739 0.515456016752011 0.630002258777509
0.526485858428054 0.510319579380397 0.618526099295219
0.549187486708697 0.46008528249305 0.619392860829761
0.526563932499385 0.466487541924279 0.640460141263168
0.540575529031016 0.48957573625908 0.633383219835528
0.567832386632724 0.467602814381917 0.64861549167658
0.87494012130528 0.906538014654208 0.707773004706784
0.753698993003671 1.03853830820226 0.648869301389043
0.89734521960658 0.901518528991806 0.681267024361509
0.787487647942819 0.879751259357318 0.696551924362478
0.752232924104743 0.898716626782354 0.663602938480101
0.755336777797233 0.89188360925199 0.676865409490143
0.806022047980157 0.94794022346721 0.607759875165847
0.79355226344185 1.04128598242218 0.631673687078506
0.823249458689561 0.961128532333196 0.731686972833032
0.815620024998822 1.03254871379056 0.628830505091986
0.749289657173338 0.923599187269181 0.692574897410143
0.896358788000311 0.948240401376894 0.600281012768414
0.840613023730763 0.887442945643409 0.606292760505702
0.831615915722522 0.887062716003127 0.648804807393004
0.787627066498976 0.944590544652222 0.632594214038573
0.775748925460473 1.00796652558597 0.661496284171836
0.795395197585864 0.900201528735582 0.682888207151796
0.788630489218028 0.912836383706008 0.648028691659297
0.778094188208665 0.949644459548356 0.647198097727893
0.74210041761643 0.936820463998839 0.70607241510313
