2.09387411119412 0.868098180902567 2.58718713561796
1.08947230193583 0.0795895283324856 1.49440902247713
1.08947230193583 0.0795895283324856 1.49440902247713
0.661770312333077 1.18015595773068 1.42800391547439
0.731883179648807 1.08522720684857 1.29633127789328
0.386182741492549 0.733097929722697 0.69178433218024
0.222515941031814 0.802732148729746 1.55767566383011
1.70387668459321 -0.143148928483044 1.88157142507413
1.70387668459321 -0.143148928483044 1.88157142507413
1.70387668459321 -0.143148928483044 1.88157142507413
1.5740376875277 -0.542469294178263 2.19785794243764
1.5740376875277 -0.542469294178263 2.19785794243764
1.5740376875277 -0.542469294178263 2.19785794243764
1.26554362751358 -0.360395505622082 2.41669790445723
1.26554362751358 -0.360395505622082 2.41669790445723
1.50672636973912 -0.272742545637089 1.87251838989343
0.761481124298087 1.09360208147969 2.73394999661271
0.860229743314624 0.912998128746731 2.09131569322621
0.860229743314624 0.912998128746731 2.09131569322621
0.860229743314624 0.912998128746731 2.09131569322621
1.06415025810585 1.43664029367573 1.49341140215508
1.06415025810585 1.43664029367573 1.49341140215508
1.06415025810585 1.43664029367573 1.49341140215508
0.125887737696396 1.32741100960006 2.46711935090484
0.125887737696396 1.32741100960006 2.46711935090484
0.602808617521797 0.150005673846658 0.93980145832793
0.602808617521797 0.150005673846658 0.93980145832793
0.602808617521797 0.150005673846658 0.93980145832793
0.602808617521797 0.150005673846658 0.93980145832793
0.602808617521797 0.150005673846658 0.93980145832793
0.602808617521797 0.150005673846658 0.93980145832793
0.602808617521797 0.150005673846658 0.93980145832793
0.602808617521797 0.150005673846658 0.93980145832793
0.889652141636308 0.313991549883654 1.62460541202248
0.889652141636308 0.313991549883654 1.62460541202248
0.889652141636308 0.313991549883654 1.62460541202248
0.0349882638028244 1.06898990397401 1.05338991062794
0.0349882638028244 1.06898990397401 1.05338991062794
0.0349882638028244 1.06898990397401 1.05338991062794
-0.2504925777184 1.6297605768977 1.28279466358501
1.40098461998757 0.961714079557334 2.10840879519502
0.129168114835539 1.00767629852883 2.53910735408971
-0.218504950478363 0.546237868492816 1.67267101130431
-0.218504950478363 0.546237868492816 1.67267101130431
0.679875762403956 -0.347735612114471 1.07906764470393
1.44987946864103 -0.0973225018639015 1.17745950123764
1.44987946864103 -0.0973225018639015 1.17745950123764
1.28056386378435 -0.405269676290449 1.72297216787659
1.28056386378435 -0.405269676290449 1.72297216787659
1.28056386378435 -0.405269676290449 1.72297216787659
1.16838431360514 -0.0694026360903962 1.86022203461688
1.16838431360514 -0.0694026360903962 1.86022203461688
1.16838431360514 -0.0694026360903962 1.86022203461688
1.16838431360514 -0.0694026360903962 1.86022203461688
1.16838431360514 -0.0694026360903962 1.86022203461688
1.16838431360514 -0.0694026360903962 1.86022203461688
1.16838431360514 -0.0694026360903962 1.86022203461688
1.16838431360514 -0.0694026360903962 1.86022203461688
1.05862949299213 0.0613418557426378 1.58751643764373
2.13602951776417 -0.101622758744812 2.05336857526152
