0.618029491656436 1.31358374841911 2.00372152037547
0.618029491656436 1.31358374841911 2.00372152037547
0.951772080750903 1.26980283627509 2.78753891682681
0.623978692119284 1.99732988576633 2.08699182228071
0.623978692119284 1.99732988576633 2.08699182228071
0.623978692119284 1.99732988576633 2.08699182228071
0.623978692119284 1.99732988576633 2.08699182228071
0.548071901432114 1.62979259563736 2.0741267987073
0.548071901432114 1.62979259563736 2.0741267987073
0.343949770126807 0.65789513218568 2.38308966601066
0.385104003201446 0.573644320673303 2.57769948281569
0.385104003201446 0.573644320673303 2.57769948281569
1.10398469955482 0.842300522457682 2.77960431544928
1.10398469955482 0.842300522457682 2.77960431544928
0.647386888249221 0.197598660833905 1.86775283971746
0.647386888249221 0.197598660833905 1.86775283971746
0.647386888249221 0.197598660833905 1.86775283971746
0.647386888249221 0.197598660833905 1.86775283971746
0.647386888249221 0.197598660833905 1.86775283971746
1.06846727773544 1.31093124533296 2.03159691871913
0.0935573422597934 0.697738143656508 1.77221562669316
0.0935573422597934 0.697738143656508 1.77221562669316
0.0935573422597934 0.697738143656508 1.77221562669316
0.0935573422597934 0.697738143656508 1.77221562669316
0.0935573422597934 0.697738143656508 1.77221562669316
0.0935573422597934 0.697738143656508 1.77221562669316
0.0935573422597934 0.697738143656508 1.77221562669316
-0.00140886767745065 0.158774588633305 1.76140717114764
-0.00140886767745065 0.158774588633305 1.76140717114764
0.0118931868805877 0.175790194822081 0.867269401734368
0.0118931868805877 0.175790194822081 0.867269401734368
0.0118931868805877 0.175790194822081 0.867269401734368
0.0118931868805877 0.175790194822081 0.867269401734368
0.0118931868805877 0.175790194822081 0.867269401734368
0.0118931868805877 0.175790194822081 0.867269401734368
0.0118931868805877 0.175790194822081 0.867269401734368
1.00114551097697 1.26764666548962 1.5325609890875
1.00114551097697 1.26764666548962 1.5325609890875
1.00114551097697 1.26764666548962 1.5325609890875
0.216273826279792 -0.062947885199689 1.81231513591162
0.864740783574274 -0.512379774371814 1.89582858596119
-0.095946937561428 -0.287276965963912 0.990636185859121
-0.349402735661355 -0.199246536198893 1.13613353396423
-0.349402735661355 -0.199246536198893 1.13613353396423
-0.349402735661355 -0.199246536198893 1.13613353396423
-0.349402735661355 -0.199246536198893 1.13613353396423
0.526037352525544 1.51927688360857 2.00847194784313
0.526037352525544 1.51927688360857 2.00847194784313
0.526037352525544 1.51927688360857 2.00847194784313
0.526037352525544 1.51927688360857 2.00847194784313
0.279294493610852 0.750776151608415 1.0757894884301
0.279294493610852 0.750776151608415 1.0757894884301
-0.0261158695966647 0.938458005767758 1.06320777268674
-0.0261158695966647 0.938458005767758 1.06320777268674
-0.0261158695966647 0.938458005767758 1.06320777268674
-0.341063801836546 0.608955295442551 1.02251272068506
-0.341063801836546 0.608955295442551 1.02251272068506
-0.341063801836546 0.608955295442551 1.02251272068506
0.173847514456999 0.451949596466545 0.889424898815735
0.738436500095162 1.90321309405226 1.46885265090084
