-0.213349848551143 -0.592751989209184 0.76600319363889
0.342126894709301 0.781769103796195 1.19169985060745
0.342126894709301 0.781769103796195 1.19169985060745
-0.0551737160095854 0.0552923287813604 1.71894588842167
-0.078151271185134 -0.404380647626685 2.01317995010618
-0.313964792652361 0.344974406410297 1.6542177084637
-0.313964792652361 0.344974406410297 1.6542177084637
-0.232685810516711 -0.03912464009564 1.82373291060166
-0.0356717680510678 -0.00370454209584192 1.72641481348824
-0.0356717680510678 -0.00370454209584192 1.72641481348824
-0.325945326689914 0.132173384450906 1.46117254759619
-0.325945326689914 0.132173384450906 1.46117254759619
-0.325945326689914 0.132173384450906 1.46117254759619
-0.325945326689914 0.132173384450906 1.46117254759619
-0.325945326689914 0.132173384450906 1.46117254759619
-0.444392281302619 0.53371253550287 0.955809607507438
0.160061307359725 1.76577620954629 0.218807948840659
0.160061307359725 1.76577620954629 0.218807948840659
0.139768385246664 1.84255308353007 0.294207373863832
0.466915306763987 2.05362365950598 0.146638484689439
0.992651226601702 0.880358607203302 3.08296839017313
0.992651226601702 0.880358607203302 3.08296839017313
0.705966763707765 0.87737689008311 2.30073699612838
0.705966763707765 0.87737689008311 2.30073699612838
1.16411863491424 0.447732727573962 2.36044978894248
1.06710984873869 1.0900130557356 1.87854826585299
1.06710984873869 1.0900130557356 1.87854826585299
0.819952109672839 0.608109038756379 0.849027313741536
0.97030663362484 0.233089404017204 0.363598539936515
0.97030663362484 0.233089404017204 0.363598539936515
0.97030663362484 0.233089404017204 0.363598539936515
0.97030663362484 0.233089404017204 0.363598539936515
0.97030663362484 0.233089404017204 0.363598539936515
0.97030663362484 0.233089404017204 0.363598539936515
0.772947947218967 0.350684798687011 1.53162044771539
0.878867896932792 -0.0294294232731289 1.51964195703442
0.996651118713352 0.714147048829582 1.53657920005506
0.996651118713352 0.714147048829582 1.53657920005506
0.996651118713352 0.714147048829582 1.53657920005506
0.996651118713352 0.714147048829582 1.53657920005506
0.80805326086792 -1.50862290982927 0.427833916186942
0.944981095042064 -0.79882707549207 0.861315189286247
0.669725734129059 -0.162594957496257 2.10320418487531
0.669725734129059 -0.162594957496257 2.10320418487531
1.02801679707796 0.642370171801675 1.23405995008573
1.02801679707796 0.642370171801675 1.23405995008573
0.776181413927004 0.0293924828695427 1.44145790589923
0.533228526635038 -0.232620436806148 1.35836201102
0.533228526635038 -0.232620436806148 1.35836201102
0.096406428410026 -0.471099439739301 1.8563101269712
0.096406428410026 -0.471099439739301 1.8563101269712
0.106517969631036 0.152659024298532 1.20035637856847
0.106517969631036 0.152659024298532 1.20035637856847
0.106517969631036 0.152659024298532 1.20035637856847
-0.0089672405734847 -0.676722367764258 0.817400409833782
-0.0089672405734847 -0.676722367764258 0.817400409833782
-0.0089672405734847 -0.676722367764258 0.817400409833782
-0.0089672405734847 -0.676722367764258 0.817400409833782
-0.121000647710279 -0.085976204211931 1.63593801468785
-0.0500668952911344 0.167734191264769 1.97260408516801
