-1.194656540535 1.98096619640936 1.66796708324982
-0.216601014398947 1.22291643259803 1.39295347425907
-0.313960916263122 1.22092743407177 1.23553159403311
-0.313960916263122 1.22092743407177 1.23553159403311
0.586230277020308 -0.877744031626996 1.06150944381711
1.51769956660512 -0.416051512010782 1.62881751722726
1.25326851448294 -0.248439109902974 1.59631637287279
1.23773161660983 -0.197874305517226 2.00588164350072
1.23773161660983 -0.197874305517226 2.00588164350072
0.0532415987960952 0.0927052766515836 1.47551718384552
0.0532415987960952 0.0927052766515836 1.47551718384552
0.0532415987960952 0.0927052766515836 1.47551718384552
0.0532415987960952 0.0927052766515836 1.47551718384552
0.0532415987960952 0.0927052766515836 1.47551718384552
0.32327764783072 1.48849120455638 1.87450620889099
-0.387736361859523 0.833292155051083 1.41817747823573
-0.387736361859523 0.833292155051083 1.41817747823573
-0.433788473870729 1.48847327469355 1.18931655697883
-0.433788473870729 1.48847327469355 1.18931655697883
-0.433788473870729 1.48847327469355 1.18931655697883
0.162449213284582 -0.0795325299346581 1.96549531937798
0.162449213284582 -0.0795325299346581 1.96549531937798
0.162449213284582 -0.0795325299346581 1.96549531937798
0.162449213284582 -0.0795325299346581 1.96549531937798
0.162449213284582 -0.0795325299346581 1.96549531937798
0.220261227641711 0.81196263436302 1.917395050094
0.140637397608598 1.27637114896495 2.00957039670365
-0.748059456992149 0.663339205235191 2.02270219792042
-0.748059456992149 0.663339205235191 2.02270219792042
-0.748059456992149 0.663339205235191 2.02270219792042
-0.748059456992149 0.663339205235191 2.02270219792042
-0.29013179516724 -0.0342712643860873 2.45841007883731
-0.29013179516724 -0.0342712643860873 2.45841007883731
0.181825185398743 -0.196281293453006 1.68506940676591
0.181825185398743 -0.196281293453006 1.68506940676591
0.181825185398743 -0.196281293453006 1.68506940676591
0.181825185398743 -0.196281293453006 1.68506940676591
0.181825185398743 -0.196281293453006 1.68506940676591
0.181825185398743 -0.196281293453006 1.68506940676591
0.181825185398743 -0.196281293453006 1.68506940676591
2.05534216534814 1.15189343630094 3.20160301027857
1.64141721816793 0.639866596399742 2.76014491502636
1.64141721816793 0.639866596399742 2.76014491502636
1.64141721816793 0.639866596399742 2.76014491502636
1.64141721816793 0.639866596399742 2.76014491502636
1.64141721816793 0.639866596399742 2.76014491502636
1.30037499310489 0.106826983600643 2.46190780859354
0.770086142322413 -0.0534912880300463 2.03278002354844
0.770086142322413 -0.0534912880300463 2.03278002354844
0.770086142322413 -0.0534912880300463 2.03278002354844
0.770086142322413 -0.0534912880300463 2.03278002354844
0.192574017056895 1.05711471583928 1.4230231421048
0.192574017056895 1.05711471583928 1.4230231421048
0.416179963611822 0.968687404020677 1.33292827970279
0.416179963611822 0.968687404020677 1.33292827970279
0.416179963611822 0.968687404020677 1.33292827970279
0.0560766918217444 1.73642242767277 1.55129831531708
-0.594003086202206 0.55586334580931 0.938748156441205
0.0565774129659603 0.52437547836793 1.13460858293864
0.0565774129659603 0.52437547836793 1.13460858293864
