-0.00867117760978442 1.01995548713648 2.31740710834109
-0.27709450513589 1.0906656231189 2.31732199118729
-0.27709450513589 1.0906656231189 2.31732199118729
-0.27709450513589 1.0906656231189 2.31732199118729
-0.492862628313053 1.05865945616049 2.79376128003769
-0.951995133024452 0.782192722793095 1.52916302939432
-1.30240912310834 0.809104676100893 1.13488948312866
-1.84067773413259 1.00024829523976 1.9522574185117
-1.84067773413259 1.00024829523976 1.9522574185117
-1.03294983535235 1.65387062628856 1.36664259094525
-0.732118811135237 2.29449945285779 1.08548627230958
-0.732118811135237 2.29449945285779 1.08548627230958
-0.257566145031824 2.13353745763729 1.11610285629141
-0.87004709794974 1.87599594723692 0.9996286377521
-0.454842487407414 1.79050513623622 0.38221808515186
-1.07399915290193 1.52420135757932 1.59334722266594
-1.07399915290193 1.52420135757932 1.59334722266594
-1.07399915290193 1.52420135757932 1.59334722266594
-1.07399915290193 1.52420135757932 1.59334722266594
-0.866559113221034 1.54144010799123 0.946193412200273
0.485140836773102 0.360088007277956 0.532343661377634
0.744081747663108 0.201576464059833 0.512741958410787
0.744081747663108 0.201576464059833 0.512741958410787
0.483055154158379 -0.343285159192442 0.388669854210061
0.223738679203447 -0.629588685045605 0.626330820736684
0.223738679203447 -0.629588685045605 0.626330820736684
0.223738679203447 -0.629588685045605 0.626330820736684
-0.0142137029029591 0.0008922080893069 0.777773799504516
0.525504927458907 0.0545253088927399 0.966716790626463
0.525504927458907 0.0545253088927399 0.966716790626463
0.525504927458907 0.0545253088927399 0.966716790626463
0.738748621299489 -0.0549994483050061 0.988980855875358
0.563269570426214 0.11430066112505 0.924236343038462
0.860756095417928 -0.11632369929102 1.49897718382656
0.860756095417928 -0.11632369929102 1.49897718382656
1.22103018563205 0.82014601646099 1.63550937301776
1.22103018563205 0.82014601646099 1.63550937301776
1.22103018563205 0.82014601646099 1.63550937301776
1.22103018563205 0.82014601646099 1.63550937301776
1.58625098516217 0.89794518320399 1.85520096585511
1.18090136099433 0.502417449845893 0.271007754563599
0.756671953618353 -0.105309917791357 0.627945215004886
0.756671953618353 -0.105309917791357 0.627945215004886
0.379942342721279 0.481095581473893 1.03730907886997
0.379942342721279 0.481095581473893 1.03730907886997
0.379942342721279 0.481095581473893 1.03730907886997
0.379942342721279 0.481095581473893 1.03730907886997
0.509908376507821 0.218837604431148 1.12625110103739
0.509908376507821 0.218837604431148 1.12625110103739
1.13778377950891 0.784356361466898 0.599392584601985
1.13778377950891 0.784356361466898 0.599392584601985
1.17202045964639 1.69622100750415 0.377486140058204
1.17202045964639 1.69622100750415 0.377486140058204
1.17202045964639 1.69622100750415 0.377486140058204
1.17202045964639 1.69622100750415 0.377486140058204
1.54741906666264 1.62322728006317 0.250423533742477
1.54741906666264 1.62322728006317 0.250423533742477
0.962062898195272 2.21234472334586 0.462789842490614
0.962062898195272 2.21234472334586 0.462789842490614
0.72695599508163 1.9831112235422 0.970511047386756
