-0.366075684887046 1.75801895897543 1.0911228851029
-0.366075684887046 1.75801895897543 1.0911228851029
-0.366075684887046 1.75801895897543 1.0911228851029
-0.366075684887046 1.75801895897543 1.0911228851029
-0.260689067193832 1.98162048270916 1.8942862885686
-0.260689067193832 1.98162048270916 1.8942862885686
-0.260689067193832 1.98162048270916 1.8942862885686
-0.331092526248986 0.75291871118618 1.62175357881185
-0.331092526248986 0.75291871118618 1.62175357881185
-0.331092526248986 0.75291871118618 1.62175357881185
-0.331092526248986 0.75291871118618 1.62175357881185
-0.331092526248986 0.75291871118618 1.62175357881185
-0.331092526248986 0.75291871118618 1.62175357881185
-0.331092526248986 0.75291871118618 1.62175357881185
-0.331092526248986 0.75291871118618 1.62175357881185
-0.331092526248986 0.75291871118618 1.62175357881185
-0.331092526248986 0.75291871118618 1.62175357881185
-0.331092526248986 0.75291871118618 1.62175357881185
-0.331092526248986 0.75291871118618 1.62175357881185
-0.331092526248986 0.75291871118618 1.62175357881185
0.452161478409396 0.272775418454245 2.30651562911822
0.452161478409396 0.272775418454245 2.30651562911822
0.0863172085555878 0.58122436495848 1.60111132453974
0.0863172085555878 0.58122436495848 1.60111132453974
0.0863172085555878 0.58122436495848 1.60111132453974
0.0863172085555878 0.58122436495848 1.60111132453974
0.0863172085555878 0.58122436495848 1.60111132453974
0.0863172085555878 0.58122436495848 1.60111132453974
0.0863172085555878 0.58122436495848 1.60111132453974
0.0863172085555878 0.58122436495848 1.60111132453974
0.0863172085555878 0.58122436495848 1.60111132453974
0.0863172085555878 0.58122436495848 1.60111132453974
0.0863172085555878 0.58122436495848 1.60111132453974
0.0863172085555878 0.58122436495848 1.60111132453974
0.0863172085555878 0.58122436495848 1.60111132453974
-0.252296029137306 0.652319674674494 1.54512108006855
-0.252296029137306 0.652319674674494 1.54512108006855
-0.252296029137306 0.652319674674494 1.54512108006855
-0.298214390432291 0.720725018023618 1.35460000004293
-0.298214390432291 0.720725018023618 1.35460000004293
0.435093442793257 1.06645998428284 1.2999754094992
0.435093442793257 1.06645998428284 1.2999754094992
0.435093442793257 1.06645998428284 1.2999754094992
0.435093442793257 1.06645998428284 1.2999754094992
0.435093442793257 1.06645998428284 1.2999754094992
0.435093442793257 1.06645998428284 1.2999754094992
0.181092408877891 0.472406737844341 1.1903258909225
0.181092408877891 0.472406737844341 1.1903258909225
-1.0550779705843 0.353926400771798 0.347264819697291
-0.55713509968569 0.86781351518249 1.48436173012771
-0.55713509968569 0.86781351518249 1.48436173012771
-0.55713509968569 0.86781351518249 1.48436173012771
-0.55713509968569 0.86781351518249 1.48436173012771
-0.0686324335753706 2.16285400323593 1.21946192311394
-0.0686324335753706 2.16285400323593 1.21946192311394
-0.0686324335753706 2.16285400323593 1.21946192311394
0.724658994533587 1.00946441828298 2.17254684726094
0.724658994533587 1.00946441828298 2.17254684726094
0.724658994533587 1.00946441828298 2.17254684726094
0.724658994533587 1.00946441828298 2.17254684726094
