1.46201187347865 -0.244416324923578 2.37140317588844
1.46201187347865 -0.244416324923578 2.37140317588844
1.46201187347865 -0.244416324923578 2.37140317588844
1.46201187347865 -0.244416324923578 2.37140317588844
1.46201187347865 -0.244416324923578 2.37140317588844
1.23700411413272 -0.771641135787121 2.59689561833019
1.23700411413272 -0.771641135787121 2.59689561833019
0.634039536525325 -0.747110422270742 2.13930897947689
0.879310412239186 -0.623878194332798 2.14388363158295
0.886710576481375 0.0513059516005154 2.23498431011879
0.886710576481375 0.0513059516005154 2.23498431011879
0.886710576481375 0.0513059516005154 2.23498431011879
0.886710576481375 0.0513059516005154 2.23498431011879
0.886710576481375 0.0513059516005154 2.23498431011879
0.0597646410805298 0.32459551910807 1.03482239697546
0.308941590950111 0.251391486403615 1.17253667264345
0.308941590950111 0.251391486403615 1.17253667264345
-0.152883911894786 0.160003147706372 1.49091683542681
0.0241236774747433 -0.185761832430916 1.42751502950407
-0.193978503783868 0.00985502452748416 1.24705902456318
1.48241774547663 0.395586579784801 0.852558984150978
1.48241774547663 0.395586579784801 0.852558984150978
1.6924865995489 1.38010393900416 0.878369761418802
1.6924865995489 1.38010393900416 0.878369761418802
1.6924865995489 1.38010393900416 0.878369761418802
1.54067401540539 1.39815948692244 0.85654735936145
1.85543398926384 1.00883671200147 1.56644472873517
1.85543398926384 1.00883671200147 1.56644472873517
1.85543398926384 1.00883671200147 1.56644472873517
1.87284388690814 0.8525321723621 1.44850497759312
1.41664293066332 1.53487683810148 1.37234150937585
1.41664293066332 1.53487683810148 1.37234150937585
1.41664293066332 1.53487683810148 1.37234150937585
1.48566600896812 0.87240487544747 1.36033430183644
1.48566600896812 0.87240487544747 1.36033430183644
1.48566600896812 0.87240487544747 1.36033430183644
1.14096495641384 0.51864512811018 1.51229590962321
1.14096495641384 0.51864512811018 1.51229590962321
1.01960634796539 1.04452738899257 1.54561951951374
1.01960634796539 1.04452738899257 1.54561951951374
2.17993864187503 -0.78831925219491 1.50015578336344
2.17993864187503 -0.78831925219491 1.50015578336344
2.09092270301517 -1.18183348294651 1.62925166124271
2.09092270301517 -1.18183348294651 1.62925166124271
2.09092270301517 -1.18183348294651 1.62925166124271
2.55381354888494 0.0557401396708554 1.92271294775512
2.55381354888494 0.0557401396708554 1.92271294775512
2.55381354888494 0.0557401396708554 1.92271294775512
2.34640664198923 -0.383543452713434 1.06969464940266
2.34640664198923 -0.383543452713434 1.06969464940266
2.488603069923 -0.0674752471140236 1.91049120739376
2.488603069923 -0.0674752471140236 1.91049120739376
2.09294272188107 0.0385741909537767 0.9510099201101
2.37074096827754 0.358825875324196 2.05053167937516
2.18632898172123 -0.300979392728791 1.99340024175064
1.72860337716078 -0.50902610821782 2.09611674885608
1.72860337716078 -0.50902610821782 2.09611674885608
1.65150197138136 -0.138446886746669 2.36486328641583
1.15181761869126 0.337204025246427 2.52437844104099
1.3129584218102 0.418315969775817 2.46234076563076
