0.333492152440295 -0.456458424294407 0.934251338386719
1.01223323328516 0.900745207437882 1.21693799134889
1.01223323328516 0.900745207437882 1.21693799134889
1.01223323328516 0.900745207437882 1.21693799134889
0.221621611592171 1.30077694359751 0.910044076301786
0.0983861721064855 -0.362943659474352 2.46207548922242
0.0983861721064855 -0.362943659474352 2.46207548922242
0.0983861721064855 -0.362943659474352 2.46207548922242
0.0983861721064855 -0.362943659474352 2.46207548922242
0.0983861721064855 -0.362943659474352 2.46207548922242
0.0983861721064855 -0.362943659474352 2.46207548922242
0.0983861721064855 -0.362943659474352 2.46207548922242
-0.847754060122723 -0.0666568694267266 2.51856483168402
0.362843131477474 0.836190908954336 2.87786796707636
0.362843131477474 0.836190908954336 2.87786796707636
0.362843131477474 0.836190908954336 2.87786796707636
-0.149566261292216 0.128300282978507 3.17494412824998
-0.149566261292216 0.128300282978507 3.17494412824998
-0.149566261292216 0.128300282978507 3.17494412824998
0.565466366478531 1.28122502143745 2.90543167995313
0.099105211760076 0.933378525811034 0.623922265453732
0.099105211760076 0.933378525811034 0.623922265453732
0.099105211760076 0.933378525811034 0.623922265453732
0.099105211760076 0.933378525811034 0.623922265453732
0.099105211760076 0.933378525811034 0.623922265453732
0.099105211760076 0.933378525811034 0.623922265453732
0.099105211760076 0.933378525811034 0.623922265453732
0.099105211760076 0.933378525811034 0.623922265453732
0.099105211760076 0.933378525811034 0.623922265453732
0.826907452391741 1.79760643069486 2.232970704417
1.93316590886278 0.57274066147027 2.21456858970483
1.93316590886278 0.57274066147027 2.21456858970483
1.93316590886278 0.57274066147027 2.21456858970483
0.102072672304491 0.405352600019417 1.76081946206806
0.102072672304491 0.405352600019417 1.76081946206806
0.102072672304491 0.405352600019417 1.76081946206806
0.102072672304491 0.405352600019417 1.76081946206806
1.18940916880672 0.397154275140176 0.6342135665518
1.18940916880672 0.397154275140176 0.6342135665518
1.18940916880672 0.397154275140176 0.6342135665518
0.169277563806936 1.6258921028772 2.25215844508809
0.169277563806936 1.6258921028772 2.25215844508809
0.492505862543837 1.75195927020479 2.46466902224726
0.492505862543837 1.75195927020479 2.46466902224726
1.12574147683895 1.51908732015597 2.49034937202118
1.84247385845245 1.08495310791658 1.56675592198291
0.883489446015125 -0.612365757865763 2.09198937886571
0.883489446015125 -0.612365757865763 2.09198937886571
0.883489446015125 -0.612365757865763 2.09198937886571
0.883489446015125 -0.612365757865763 2.09198937886571
0.883489446015125 -0.612365757865763 2.09198937886571
-0.742993481033141 -0.236776137871858 2.14512970365901
-0.742993481033141 -0.236776137871858 2.14512970365901
-0.742993481033141 -0.236776137871858 2.14512970365901
-0.646460239624079 0.511829153086861 2.12790886994923
-0.646460239624079 0.511829153086861 2.12790886994923
0.79032305738828 -0.319726207168237 1.71019322579693
0.79032305738828 -0.319726207168237 1.71019322579693
0.376053562539655 0.418721999328094 1.45228262201392
0.376053562539655 0.418721999328094 1.45228262201392
