1.80275561795768 1.71370542719908 1.51716044822203
0.201794653551311 1.1503493700193 0.514920272748001
0.675342698655871 1.94101420311891 1.76152130374304
0.675342698655871 1.94101420311891 1.76152130374304
1.46033962273092 1.3817221409726 1.78768433853498
1.46033962273092 1.3817221409726 1.78768433853498
-0.342996078806574 1.44666527785452 2.1972318417689
-0.342996078806574 1.44666527785452 2.1972318417689
-0.342996078806574 1.44666527785452 2.1972318417689
0.475903842093865 1.68710377967331 2.25060914994723
0.475903842093865 1.68710377967331 2.25060914994723
0.481878714592454 1.05345998950801 1.60784013186463
0.105496263640308 0.468463406936118 2.7570278293783
0.105496263640308 0.468463406936118 2.7570278293783
0.105496263640308 0.468463406936118 2.7570278293783
0.105496263640308 0.468463406936118 2.7570278293783
0.105496263640308 0.468463406936118 2.7570278293783
0.105496263640308 0.468463406936118 2.7570278293783
0.231445399034218 -0.4240573091296 2.48695504791965
0.231445399034218 -0.4240573091296 2.48695504791965
-0.206361322701695 0.605300303135595 1.47906374629439
-0.206361322701695 0.605300303135595 1.47906374629439
-0.206361322701695 0.605300303135595 1.47906374629439
-0.206361322701695 0.605300303135595 1.47906374629439
0.701736822640468 1.23028860668775 1.87384077247442
0.701736822640468 1.23028860668775 1.87384077247442
0.701736822640468 1.23028860668775 1.87384077247442
0.701736822640468 1.23028860668775 1.87384077247442
0.701736822640468 1.23028860668775 1.87384077247442
0.701736822640468 1.23028860668775 1.87384077247442
0.421741786183988 1.42413482364752 2.12554743226617
0.678189305490383 1.49786276554396 1.45354042561235
0.678189305490383 1.49786276554396 1.45354042561235
0.158028238486921 0.451661946666716 0.969677594562257
0.158028238486921 0.451661946666716 0.969677594562257
0.273726720729886 0.503336058400922 1.46897763978953
0.273726720729886 0.503336058400922 1.46897763978953
0.273726720729886 0.503336058400922 1.46897763978953
0.273726720729886 0.503336058400922 1.46897763978953
0.273726720729886 0.503336058400922 1.46897763978953
0.285820067372015 1.84050149834904 1.99879250943031
0.285820067372015 1.84050149834904 1.99879250943031
0.285820067372015 1.84050149834904 1.99879250943031
0.285820067372015 1.84050149834904 1.99879250943031
0.285820067372015 1.84050149834904 1.99879250943031
0.532064442191935 0.925422852978117 2.22058334430597
0.532064442191935 0.925422852978117 2.22058334430597
-0.154133192784288 1.27590747644578 1.74156397285047
0.688523455218111 1.6027863139818 2.31975469516644
0.688523455218111 1.6027863139818 2.31975469516644
0.688523455218111 1.6027863139818 2.31975469516644
0.72369704009939 1.37538160328045 2.58589594608684
0.72369704009939 1.37538160328045 2.58589594608684
0.722324565641762 1.10899144675338 2.95540582372647
0.722324565641762 1.10899144675338 2.95540582372647
0.722324565641762 1.10899144675338 2.95540582372647
1.58559110419824 0.83066327983717 2.29270141789342
1.53710480436979 0.82378314859019 3.11900897771649
1.93838948018809 1.02693432703218 2.67497936006298
0.896065901738429 0.0902637018342934 1.13563213077085
