-0.558889022817885 1.37646338349957 1.04759028072826
0.866145631220108 2.23787409923446 1.88398441588028
0.866145631220108 2.23787409923446 1.88398441588028
0.866145631220108 2.23787409923446 1.88398441588028
-0.183635654639644 1.30078421628715 1.04621429861405
0.237023756581307 1.9334653385914 2.07761286603065
0.237023756581307 1.9334653385914 2.07761286603065
0.237023756581307 1.9334653385914 2.07761286603065
0.237023756581307 1.9334653385914 2.07761286603065
0.237023756581307 1.9334653385914 2.07761286603065
-0.854661982413817 1.39877647491475 1.69858841313467
-0.854661982413817 1.39877647491475 1.69858841313467
0.150325558870975 2.22755312026907 1.53931163491539
0.150325558870975 2.22755312026907 1.53931163491539
0.150325558870975 2.22755312026907 1.53931163491539
0.150325558870975 2.22755312026907 1.53931163491539
0.150325558870975 2.22755312026907 1.53931163491539
0.150325558870975 2.22755312026907 1.53931163491539
0.150325558870975 2.22755312026907 1.53931163491539
0.150325558870975 2.22755312026907 1.53931163491539
1.26184100475102 1.2312505459372 2.14100607057128
1.26184100475102 1.2312505459372 2.14100607057128
1.26184100475102 1.2312505459372 2.14100607057128
1.26184100475102 1.2312505459372 2.14100607057128
1.26184100475102 1.2312505459372 2.14100607057128
0.679509096564704 1.08571395368708 2.89349232747137
1.30269399511635 0.914782163593107 2.85105033387757
0.88390721741259 0.447936516404621 2.66883007326394
0.88390721741259 0.447936516404621 2.66883007326394
0.88390721741259 0.447936516404621 2.66883007326394
-0.0736049690060608 0.545158053817035 1.73997139981659
0.556421574651259 0.916896752090058 1.58310333839818
0.556421574651259 0.916896752090058 1.58310333839818
0.556421574651259 0.916896752090058 1.58310333839818
0.556421574651259 0.916896752090058 1.58310333839818
0.556421574651259 0.916896752090058 1.58310333839818
0.976669912268557 0.737094019389425 1.76016585036841
0.976669912268557 0.737094019389425 1.76016585036841
0.976669912268557 0.737094019389425 1.76016585036841
0.976669912268557 0.737094019389425 1.76016585036841
-0.861796903916547 1.5064070009828 1.241996979597
-0.861796903916547 1.5064070009828 1.241996979597
0.0592989730181924 1.48798187566484 2.24654051727294
0.0592989730181924 1.48798187566484 2.24654051727294
0.0592989730181924 1.48798187566484 2.24654051727294
0.0592989730181924 1.48798187566484 2.24654051727294
0.0592989730181924 1.48798187566484 2.24654051727294
0.0609094008037118 1.66148958106081 2.18452472482237
0.107275725415763 2.04092375272599 1.44677360490501
0.657686923927882 2.27048484675056 2.32648527587845
0.657686923927882 2.27048484675056 2.32648527587845
0.657686923927882 2.27048484675056 2.32648527587845
0.639352823347121 1.62475151799858 2.63773930300272
0.639352823347121 1.62475151799858 2.63773930300272
-0.795788176953776 2.19373376210325 2.51932630769773
1.46208367600355 1.44565236344198 2.22277240702001
1.46208367600355 1.44565236344198 2.22277240702001
-0.153265515835151 0.560855548287995 3.19520039827791
-0.0939860167822563 0.352502817744423 3.07303432028706
-0.0939860167822563 0.352502817744423 3.07303432028706
