0.0740271135495567 2.6673183625192 1.76616683162033
0.0740271135495567 2.6673183625192 1.76616683162033
-0.791165093986819 2.59092186904384 1.60752502138586
-0.791165093986819 2.59092186904384 1.60752502138586
-0.791165093986819 2.59092186904384 1.60752502138586
-0.791165093986819 2.59092186904384 1.60752502138586
-0.791165093986819 2.59092186904384 1.60752502138586
-0.624348254659332 1.10366232633083 0.609934160976073
-0.430012173472368 0.583243333706444 0.769812136431727
-0.430012173472368 0.583243333706444 0.769812136431727
0.334036587788895 1.21694799901509 2.2447092608083
0.334036587788895 1.21694799901509 2.2447092608083
-0.0259212657501012 1.20592055554648 2.25541167274847
-0.0259212657501012 1.20592055554648 2.25541167274847
-0.0259212657501012 1.20592055554648 2.25541167274847
-0.0259212657501012 1.20592055554648 2.25541167274847
-0.0259212657501012 1.20592055554648 2.25541167274847
-0.0259212657501012 1.20592055554648 2.25541167274847
-0.0259212657501012 1.20592055554648 2.25541167274847
-0.0259212657501012 1.20592055554648 2.25541167274847
0.584677744759692 0.112647313055286 1.29249286303964
0.584677744759692 0.112647313055286 1.29249286303964
0.584677744759692 0.112647313055286 1.29249286303964
0.584677744759692 0.112647313055286 1.29249286303964
0.584677744759692 0.112647313055286 1.29249286303964
0.584677744759692 0.112647313055286 1.29249286303964
0.584677744759692 0.112647313055286 1.29249286303964
0.584677744759692 0.112647313055286 1.29249286303964
0.584677744759692 0.112647313055286 1.29249286303964
0.584677744759692 0.112647313055286 1.29249286303964
0.584677744759692 0.112647313055286 1.29249286303964
0.584677744759692 0.112647313055286 1.29249286303964
0.584677744759692 0.112647313055286 1.29249286303964
0.584677744759692 0.112647313055286 1.29249286303964
0.581328916504054 0.265981518374531 1.16172803634392
1.07125531780989 0.86196324307346 1.31993450718557
1.07125531780989 0.86196324307346 1.31993450718557
1.07125531780989 0.86196324307346 1.31993450718557
1.07125531780989 0.86196324307346 1.31993450718557
1.07125531780989 0.86196324307346 1.31993450718557
1.09034625670349 0.11666125263236 3.01318335011061
1.09034625670349 0.11666125263236 3.01318335011061
0.185964472173177 0.0741952537232573 2.87410736343623
0.185964472173177 0.0741952537232573 2.87410736343623
-0.5190375825721 0.073421378367397 2.50270278953887
-0.5190375825721 0.073421378367397 2.50270278953887
0.169849269361106 -0.561216360507793 1.76842542018618
0.169849269361106 -0.561216360507793 1.76842542018618
0.840532459136768 0.218712362582875 2.29537824264739
0.606216256595003 0.794575433902295 2.24314394490918
0.606216256595003 0.794575433902295 2.24314394490918
0.606216256595003 0.794575433902295 2.24314394490918
0.288557564242693 1.26622481348648 2.21928692901815
0.288557564242693 1.26622481348648 2.21928692901815
0.288557564242693 1.26622481348648 2.21928692901815
0.288557564242693 1.26622481348648 2.21928692901815
0.288557564242693 1.26622481348648 2.21928692901815
-0.303621027217955 1.26138907480793 2.80917892699283
-0.303621027217955 1.26138907480793 2.80917892699283
-0.303621027217955 1.26138907480793 2.80917892699283
