0.423848766598609 4.16441097844451 0.357296979915631
0.53391538090886 4.13597684400111 0.433778767267667
0.53391538090886 4.13597684400111 0.433778767267667
0.53391538090886 4.13597684400111 0.433778767267667
0.53391538090886 4.13597684400111 0.433778767267667
0.53391538090886 4.13597684400111 0.433778767267667
0.53391538090886 4.13597684400111 0.433778767267667
0.555303420847968 3.99955213925715 0.390207433988986
-0.755633172963773 3.10722476204277 0.261860744021711
-0.755633172963773 3.10722476204277 0.261860744021711
-0.755633172963773 3.10722476204277 0.261860744021711
-0.755633172963773 3.10722476204277 0.261860744021711
-0.755633172963773 3.10722476204277 0.261860744021711
-0.755633172963773 3.10722476204277 0.261860744021711
-0.755633172963773 3.10722476204277 0.261860744021711
-0.755633172963773 3.10722476204277 0.261860744021711
-0.755633172963773 3.10722476204277 0.261860744021711
-0.755633172963773 3.10722476204277 0.261860744021711
-0.755633172963773 3.10722476204277 0.261860744021711
-0.755633172963773 3.10722476204277 0.261860744021711
0.677447346357126 0.587101589749158 1.92113939437533
0.677447346357126 0.587101589749158 1.92113939437533
0.653340751826557 0.324462234414593 2.17779690684436
0.653340751826557 0.324462234414593 2.17779690684436
0.653340751826557 0.324462234414593 2.17779690684436
0.653340751826557 0.324462234414593 2.17779690684436
0.653340751826557 0.324462234414593 2.17779690684436
0.653340751826557 0.324462234414593 2.17779690684436
0.653340751826557 0.324462234414593 2.17779690684436
0.653340751826557 0.324462234414593 2.17779690684436
0.49146829750712 0.559145736147116 2.36014082927761
0.49146829750712 0.559145736147116 2.36014082927761
0.49146829750712 0.559145736147116 2.36014082927761
0.49146829750712 0.559145736147116 2.36014082927761
0.49146829750712 0.559145736147116 2.36014082927761
0.49146829750712 0.559145736147116 2.36014082927761
0.49146829750712 0.559145736147116 2.36014082927761
0.49146829750712 0.559145736147116 2.36014082927761
0.49146829750712 0.559145736147116 2.36014082927761
0.49146829750712 0.559145736147116 2.36014082927761
-0.300565739532839 0.838815189239593 2.34281120716115
-0.300565739532839 0.838815189239593 2.34281120716115
0.774908534153615 0.661975302223921 1.85854962141459
0.774908534153615 0.661975302223921 1.85854962141459
0.774908534153615 0.661975302223921 1.85854962141459
0.501966412734876 0.716082123240372 2.20809357207021
0.501966412734876 0.716082123240372 2.20809357207021
0.501966412734876 0.716082123240372 2.20809357207021
0.501966412734876 0.716082123240372 2.20809357207021
0.501966412734876 0.716082123240372 2.20809357207021
0.423657452342589 0.879825762184594 2.76373868675264
0.781893916488155 0.729136495663748 2.84644255724681
0.781893916488155 0.729136495663748 2.84644255724681
0.848127683400247 0.920764990955609 2.55600224239503
0.98523070775602 0.59301849909242 2.55915756046978
0.98523070775602 0.59301849909242 2.55915756046978
0.98523070775602 0.59301849909242 2.55915756046978
0.1289201470718 0.351427904908549 2.52083570688819
0.523811978639698 0.674757626916817 2.27178415293846
0.820600953499268 0.795057881952042 1.50216265805323
