1.20366404882809 -0.609895756252848 1.66394712992773
1.20366404882809 -0.609895756252848 1.66394712992773
1.20366404882809 -0.609895756252848 1.66394712992773
0.970212857126331 0.806068194381504 2.27765238545184
0.862558153706147 0.366544890109738 2.62411034260708
-0.419127575977371 0.0596920783096505 1.7906757610223
-0.286460319849809 0.72692003304488 1.4989217141355
-0.286460319849809 0.72692003304488 1.4989217141355
-0.286460319849809 0.72692003304488 1.4989217141355
-0.286460319849809 0.72692003304488 1.4989217141355
0.196346755060885 0.957521375567601 1.7293137258719
0.410416379400494 0.061610002162594 1.84430224737086
-0.189130240369206 0.542705419597937 1.7554463613554
-0.189130240369206 0.542705419597937 1.7554463613554
-0.521806847640069 0.894565031105149 1.78725298004439
-0.613044883580963 1.12137863058994 1.55326624463917
-0.613044883580963 1.12137863058994 1.55326624463917
-0.613044883580963 1.12137863058994 1.55326624463917
-0.783313165558418 1.31168833454016 1.63302620644522
-0.783313165558418 1.31168833454016 1.63302620644522
1.00162555168913 0.242809017140242 1.89126277330252
1.00162555168913 0.242809017140242 1.89126277330252
1.00162555168913 0.242809017140242 1.89126277330252
1.39854795895136 0.979838600144498 2.09368250637039
1.39854795895136 0.979838600144498 2.09368250637039
1.036205289968 0.659981070380495 2.23526498834034
1.036205289968 0.659981070380495 2.23526498834034
1.036205289968 0.659981070380495 2.23526498834034
1.036205289968 0.659981070380495 2.23526498834034
1.036205289968 0.659981070380495 2.23526498834034
0.151624705153595 0.650537069847655 1.47370533841934
0.743353662068045 -0.00524241437428863 1.08180056709671
0.743353662068045 -0.00524241437428863 1.08180056709671
0.743353662068045 -0.00524241437428863 1.08180056709671
0.61912157467814 0.557101404611828 0.868054563289442
0.61912157467814 0.557101404611828 0.868054563289442
0.6344558002007 1.25980186933705 1.47143335347681
0.6344558002007 1.25980186933705 1.47143335347681
0.6344558002007 1.25980186933705 1.47143335347681
0.6344558002007 1.25980186933705 1.47143335347681
0.472938651501183 2.06352791507941 0.868719914822323
0.472938651501183 2.06352791507941 0.868719914822323
0.472938651501183 2.06352791507941 0.868719914822323
-0.779526394270339 1.31052276272659 0.635028767375585
-0.779526394270339 1.31052276272659 0.635028767375585
-0.779526394270339 1.31052276272659 0.635028767375585
-0.779526394270339 1.31052276272659 0.635028767375585
-0.489162866138419 0.179354297143903 0.86409999661352
-0.489162866138419 0.179354297143903 0.86409999661352
0.259059148790953 0.12080272183298 1.21033494464582
0.116975303808569 0.599319279446569 0.94525166740814
0.116975303808569 0.599319279446569 0.94525166740814
1.07714310054974 0.977070934508908 0.952870257551905
1.07714310054974 0.977070934508908 0.952870257551905
0.212007183182105 1.44438161395499 0.930541337501582
-0.348070412256705 1.40823806689113 0.737625164759339
-0.0611839359595135 1.0171939488771 0.607686112039464
-0.0611839359595135 1.0171939488771 0.607686112039464
-0.454195005169711 0.797327467895027 1.43661133288809
-0.202382738516987 -0.514553247462876 1.02403184981381
