0.390784101995963 0.57665924581768 1.54567965637107
0.390784101995963 0.57665924581768 1.54567965637107
0.360191456608877 1.22932731072196 1.83826978064162
-0.481522167938748 0.237426281204628 1.43096579654497
-0.452929511232382 0.203442920213435 1.82153664835707
0.352170738402285 0.0413557164280837 2.00125377620264
0.352170738402285 0.0413557164280837 2.00125377620264
0.629078809005136 0.252944548367697 2.51475323656174
0.71296639466017 0.509910002467694 2.30185308865428
1.15164231352862 1.68129802356835 2.28277458619553
1.15164231352862 1.68129802356835 2.28277458619553
0.96632560347293 1.6501692239364 2.51065566070174
0.96632560347293 1.6501692239364 2.51065566070174
0.96632560347293 1.6501692239364 2.51065566070174
0.689061199061149 1.63785685869977 2.59230818898058
0.689061199061149 1.63785685869977 2.59230818898058
0.689061199061149 1.63785685869977 2.59230818898058
0.689061199061149 1.63785685869977 2.59230818898058
0.979061519451384 1.80046339748849 2.27051418369752
1.30773838097736 1.84185245742704 1.69993687469604
0.921504057383666 0.607203418390016 1.38045407941202
0.96872921555112 1.50713002471639 2.02065632241783
1.23910684025055 1.71813370215777 2.44147537203261
1.23910684025055 1.71813370215777 2.44147537203261
0.259433284055571 1.07970213069402 2.72697670309244
0.259433284055571 1.07970213069402 2.72697670309244
0.446918828327472 0.814173944046323 2.46401316014822
0.911915525218419 1.39014002326466 1.78858164780356
0.152359503763399 0.524659149255727 1.35194970886524
0.152359503763399 0.524659149255727 1.35194970886524
0.200529282157975 0.946007078165982 1.56061913136073
0.200529282157975 0.946007078165982 1.56061913136073
0.200529282157975 0.946007078165982 1.56061913136073
0.693611357664589 0.319258565136652 1.11665487761783
1.00041635497919 0.516079095866183 1.41021558363236
1.00041635497919 0.516079095866183 1.41021558363236
1.00041635497919 0.516079095866183 1.41021558363236
1.00041635497919 0.516079095866183 1.41021558363236
0.745269436095828 0.570091168144655 1.55866778456312
0.745269436095828 0.570091168144655 1.55866778456312
0.394221792741674 -0.392620524551113 0.826574908361217
0.83070028685886 0.163315736122376 1.4905320316648
0.83070028685886 0.163315736122376 1.4905320316648
0.83070028685886 0.163315736122376 1.4905320316648
0.83070028685886 0.163315736122376 1.4905320316648
0.83070028685886 0.163315736122376 1.4905320316648
0.674054446166667 -0.483154322499758 1.03355846244869
0.828321772732242 -0.566535595685842 0.917318841428395
0.828321772732242 -0.566535595685842 0.917318841428395
0.807812375541055 -1.04249579142787 0.60874255325883
0.807812375541055 -1.04249579142787 0.60874255325883
0.807812375541055 -1.04249579142787 0.60874255325883
0.807812375541055 -1.04249579142787 0.60874255325883
0.807812375541055 -1.04249579142787 0.60874255325883
0.807812375541055 -1.04249579142787 0.60874255325883
-0.112820024271518 -0.833233937881892 1.31744430008986
-0.112820024271518 -0.833233937881892 1.31744430008986
-0.121979284147551 -0.488626564682069 0.980438575095579
-0.121979284147551 -0.488626564682069 0.980438575095579
-0.121979284147551 -0.488626564682069 0.980438575095579
