-0.442011534045642 0.84984354567538 1.13108092637857
-0.42861047548085 0.396621089236296 1.53849388308149
0.488165777796068 0.608887874353231 1.67768528081483
-0.0916730319103196 0.320577397205116 1.30168833798243
-0.0916730319103196 0.320577397205116 1.30168833798243
0.312508089788525 0.19589346631169 1.30992204475341
0.312508089788525 0.19589346631169 1.30992204475341
0.57333769225201 0.482673864070954 1.66509601636397
-0.399847642549275 0.15239854134176 1.24192902909746
-0.399847642549275 0.15239854134176 1.24192902909746
-0.38561068621602 0.425280735572743 1.13859880307108
-0.38561068621602 0.425280735572743 1.13859880307108
-0.38561068621602 0.425280735572743 1.13859880307108
-0.38561068621602 0.425280735572743 1.13859880307108
-0.466440657579002 0.900106097798127 1.7527334945185
0.111080145369285 0.982538989788598 2.19507199865681
0.111080145369285 0.982538989788598 2.19507199865681
0.111080145369285 0.982538989788598 2.19507199865681
0.565361889226218 1.60461830782657 2.11306680027929
0.565361889226218 1.60461830782657 2.11306680027929
0.281035447825204 0.757718276757144 1.59237822937792
0.281035447825204 0.757718276757144 1.59237822937792
0.811547634838777 0.997434362058376 1.21587179245318
0.811547634838777 0.997434362058376 1.21587179245318
0.0701819639788329 1.09746252434359 1.28975115207195
0.0701819639788329 1.09746252434359 1.28975115207195
0.844025952752385 1.3349698780456 1.98620106584691
1.1323343682353 1.62541946432184 2.65607292242768
1.1323343682353 1.62541946432184 2.65607292242768
0.742814761703164 1.57295235495233 2.60791901050761
0.842700237093339 1.62838336083274 1.87677756568716
0.842700237093339 1.62838336083274 1.87677756568716
1.21280461072972 1.38126464984616 0.837060077016977
0.0736204034377772 1.02122268133793 0.173015751044878
0.160754215318136 0.6574823059925 0.80033020506982
0.160754215318136 0.6574823059925 0.80033020506982
0.255545806965891 0.62939795438616 1.59061019836023
0.121371840038637 0.583568593077009 1.98431601266204
0.121371840038637 0.583568593077009 1.98431601266204
0.202429817592707 0.485418146569043 2.39649962070634
0.078210237059908 0.503187992191038 1.03413058506524
0.527130886687069 0.573629585113662 0.951256599078921
-0.0454389709735491 0.508990830251328 1.12389140391105
0.594079413067917 0.455864993604686 0.728768950489875
0.594079413067917 0.455864993604686 0.728768950489875
0.590688845860213 0.465650994228334 1.01498397806258
-0.535344825086622 0.237957331334367 1.43516124895008
0.36138649714281 0.779039428934716 2.64327893548749
0.36138649714281 0.779039428934716 2.64327893548749
0.567164660786991 0.793301796464453 2.06335791064379
0.297340789915082 0.816643329671846 1.89228748376781
0.297340789915082 0.816643329671846 1.89228748376781
0.189373326904654 0.699394572843603 0.77765692970936
0.439923054537144 1.25573813742521 1.05783489826511
0.180978549790016 1.11129363844467 0.738310478592624
0.180978549790016 1.11129363844467 0.738310478592624
0.180978549790016 1.11129363844467 0.738310478592624
-0.00963037221423929 0.891628910027456 1.01544348972314
-0.711401637452003 1.04109288869517 1.26510245705735
0.0863423537140469 1.23391262793243 1.26355515885949
