-0.87824527731425 2.67047796799581 2.60368048714213
-0.87824527731425 2.67047796799581 2.60368048714213
-0.87824527731425 2.67047796799581 2.60368048714213
-0.87824527731425 2.67047796799581 2.60368048714213
-0.87824527731425 2.67047796799581 2.60368048714213
0.477773395580487 0.727416991089113 1.55300007518212
-0.725130277352695 0.607648457226044 1.77443377118288
-0.725130277352695 0.607648457226044 1.77443377118288
-0.725130277352695 0.607648457226044 1.77443377118288
-0.725130277352695 0.607648457226044 1.77443377118288
-0.725130277352695 0.607648457226044 1.77443377118288
-0.721485728797068 -0.138326104280061 1.4262803890262
-0.0705954892979256 -0.523023700900911 0.720717879992786
0.290464734908133 -0.500744607192027 0.629328080308279
0.477896516788383 1.38610830391308 1.24911229930722
0.477896516788383 1.38610830391308 1.24911229930722
-0.709166215046356 1.1658727193992 1.12238971819357
-0.709166215046356 1.1658727193992 1.12238971819357
0.422875078754983 1.32030420500539 1.13909254846923
0.422875078754983 1.32030420500539 1.13909254846923
0.148821851960452 0.135305063240338 0.355044715749639
-0.160812220223532 0.619998946481173 0.622365367845862
-0.160812220223532 0.619998946481173 0.622365367845862
0.332466032901037 0.473435064376714 -0.259807969096807
0.332466032901037 0.473435064376714 -0.259807969096807
0.332466032901037 0.473435064376714 -0.259807969096807
0.332466032901037 0.473435064376714 -0.259807969096807
0.332466032901037 0.473435064376714 -0.259807969096807
0.332466032901037 0.473435064376714 -0.259807969096807
0.847736425010793 0.402092682595719 -0.0422023971111997
1.24088353584713 0.909766648298937 0.26571757615162
0.473568096240841 0.205934405884106 -0.133124726847362
0.473568096240841 0.205934405884106 -0.133124726847362
0.473568096240841 0.205934405884106 -0.133124726847362
0.473568096240841 0.205934405884106 -0.133124726847362
0.473568096240841 0.205934405884106 -0.133124726847362
0.473568096240841 0.205934405884106 -0.133124726847362
0.473568096240841 0.205934405884106 -0.133124726847362
0.473568096240841 0.205934405884106 -0.133124726847362
0.473568096240841 0.205934405884106 -0.133124726847362
0.224752421002735 0.195927209255356 1.46464762859879
0.224752421002735 0.195927209255356 1.46464762859879
0.99990418478341 -0.866519030482432 1.05477295371369
0.99990418478341 -0.866519030482432 1.05477295371369
0.406163190564041 -1.12498371591946 1.47572473492983
-0.341653384235916 -0.748225466323937 1.15217504654247
-0.723428935998973 -0.188944863487782 1.25443483575628
-0.723428935998973 -0.188944863487782 1.25443483575628
-0.723428935998973 -0.188944863487782 1.25443483575628
-0.723428935998973 -0.188944863487782 1.25443483575628
-0.668619438589158 -0.677066741837404 0.946525301224138
-0.668619438589158 -0.677066741837404 0.946525301224138
-0.668619438589158 -0.677066741837404 0.946525301224138
-0.185788623164755 -0.335206586910141 0.720918685911882
-0.185788623164755 -0.335206586910141 0.720918685911882
-1.13942993777927 -0.47098939341072 0.979253677800907
-1.13942993777927 -0.47098939341072 0.979253677800907
-0.626359320792285 -0.726164385744141 0.277634121316134
-0.557471163907685 0.590533689563635 0.859487819405829
-0.557471163907685 0.590533689563635 0.859487819405829
