-0.55943657063477 -0.659156839549834 1.19600525023136
0.172288501296035 -0.904985069443653 2.30084054473279
0.172288501296035 -0.904985069443653 2.30084054473279
0.172288501296035 -0.904985069443653 2.30084054473279
-0.462297954005045 -1.39529422227054 1.19828024276915
-0.630307358059225 -0.364483206858359 2.00900776360675
0.658285935306516 -0.181339208498093 2.50997785364209
0.658285935306516 -0.181339208498093 2.50997785364209
0.658285935306516 -0.181339208498093 2.50997785364209
0.658285935306516 -0.181339208498093 2.50997785364209
0.658285935306516 -0.181339208498093 2.50997785364209
0.658285935306516 -0.181339208498093 2.50997785364209
0.658285935306516 -0.181339208498093 2.50997785364209
0.658285935306516 -0.181339208498093 2.50997785364209
0.82850563957616 0.79970620511396 2.10576341095154
1.35840727882993 1.11438486809975 2.37001604860969
1.35840727882993 1.11438486809975 2.37001604860969
1.35840727882993 1.11438486809975 2.37001604860969
1.35840727882993 1.11438486809975 2.37001604860969
1.35840727882993 1.11438486809975 2.37001604860969
0.372207317216009 1.0970631269768 2.59990936802726
0.372207317216009 1.0970631269768 2.59990936802726
0.372207317216009 1.0970631269768 2.59990936802726
0.376896615262247 -0.623347476584583 2.21744377782147
0.376896615262247 -0.623347476584583 2.21744377782147
0.376896615262247 -0.623347476584583 2.21744377782147
0.376896615262247 -0.623347476584583 2.21744377782147
0.376896615262247 -0.623347476584583 2.21744377782147
0.376896615262247 -0.623347476584583 2.21744377782147
1.36875622729971 0.0663086548824664 2.29721423732108
1.36875622729971 0.0663086548824664 2.29721423732108
1.36875622729971 0.0663086548824664 2.29721423732108
1.36875622729971 0.0663086548824664 2.29721423732108
1.36875622729971 0.0663086548824664 2.29721423732108
1.36875622729971 0.0663086548824664 2.29721423732108
1.36875622729971 0.0663086548824664 2.29721423732108
1.36875622729971 0.0663086548824664 2.29721423732108
1.36875622729971 0.0663086548824664 2.29721423732108
1.14011092174673 0.128259231418323 2.41306458720178
1.14011092174673 0.128259231418323 2.41306458720178
0.739193755682082 0.79421434595246 1.87063251553544
0.185246239200352 -0.783888875107074 1.5825632459546
-0.181407919225829 -0.967784114289931 1.58398254786794
0.184195382646208 0.102594188923438 0.837232825801765
0.184195382646208 0.102594188923438 0.837232825801765
0.184195382646208 0.102594188923438 0.837232825801765
0.450014300104513 0.959504930598482 2.02862011500147
-0.423010441328935 -0.244485600043155 1.77894302563298
-0.455873879875426 -0.408078466975817 1.30954569450327
0.39712090697339 0.839843411930438 2.77392036031189
0.39712090697339 0.839843411930438 2.77392036031189
0.39712090697339 0.839843411930438 2.77392036031189
0.39712090697339 0.839843411930438 2.77392036031189
0.39712090697339 0.839843411930438 2.77392036031189
0.39712090697339 0.839843411930438 2.77392036031189
-0.244068576333587 0.598394055027836 0.736717617210641
0.54131562703189 0.69493369667567 1.55218004243965
0.54131562703189 0.69493369667567 1.55218004243965
0.54131562703189 0.69493369667567 1.55218004243965
0.54131562703189 0.69493369667567 1.55218004243965
