0.218759017393385 -0.078004724200437 1.78641867701722
0.218759017393385 -0.078004724200437 1.78641867701722
0.218759017393385 -0.078004724200437 1.78641867701722
0.218759017393385 -0.078004724200437 1.78641867701722
0.218759017393385 -0.078004724200437 1.78641867701722
0.218759017393385 -0.078004724200437 1.78641867701722
0.950384987200252 0.683729606551281 1.15403497766344
0.950384987200252 0.683729606551281 1.15403497766344
0.950384987200252 0.683729606551281 1.15403497766344
0.950384987200252 0.683729606551281 1.15403497766344
0.950384987200252 0.683729606551281 1.15403497766344
0.950384987200252 0.683729606551281 1.15403497766344
0.950384987200252 0.683729606551281 1.15403497766344
0.950384987200252 0.683729606551281 1.15403497766344
0.950384987200252 0.683729606551281 1.15403497766344
0.950384987200252 0.683729606551281 1.15403497766344
0.950384987200252 0.683729606551281 1.15403497766344
0.950384987200252 0.683729606551281 1.15403497766344
0.950384987200252 0.683729606551281 1.15403497766344
0.950384987200252 0.683729606551281 1.15403497766344
0.327431936279795 1.58500831136252 1.27260754565424
0.327431936279795 1.58500831136252 1.27260754565424
0.327431936279795 1.58500831136252 1.27260754565424
0.327431936279795 1.58500831136252 1.27260754565424
0.327431936279795 1.58500831136252 1.27260754565424
0.327431936279795 1.58500831136252 1.27260754565424
0.327431936279795 1.58500831136252 1.27260754565424
0.327431936279795 1.58500831136252 1.27260754565424
-0.221087391838606 0.62234516327253 2.0951318457835
-0.221087391838606 0.62234516327253 2.0951318457835
-0.221087391838606 0.62234516327253 2.0951318457835
-0.221087391838606 0.62234516327253 2.0951318457835
-0.221087391838606 0.62234516327253 2.0951318457835
-0.221087391838606 0.62234516327253 2.0951318457835
-0.221087391838606 0.62234516327253 2.0951318457835
-0.221087391838606 0.62234516327253 2.0951318457835
-0.221087391838606 0.62234516327253 2.0951318457835
-0.221087391838606 0.62234516327253 2.0951318457835
-0.221087391838606 0.62234516327253 2.0951318457835
-0.221087391838606 0.62234516327253 2.0951318457835
0.29655869949455 0.775555768784473 1.61798687908136
0.29655869949455 0.775555768784473 1.61798687908136
0.29655869949455 0.775555768784473 1.61798687908136
0.29655869949455 0.775555768784473 1.61798687908136
0.29655869949455 0.775555768784473 1.61798687908136
0.29655869949455 0.775555768784473 1.61798687908136
0.29655869949455 0.775555768784473 1.61798687908136
-0.133019113253494 0.998360031244042 0.578030066525631
-0.133019113253494 0.998360031244042 0.578030066525631
-0.133019113253494 0.998360031244042 0.578030066525631
-0.133019113253494 0.998360031244042 0.578030066525631
-0.133019113253494 0.998360031244042 0.578030066525631
-0.133019113253494 0.998360031244042 0.578030066525631
0.360314643514439 1.95815670214914 1.34194920109708
0.360314643514439 1.95815670214914 1.34194920109708
1.14716697386695 1.53163186460101 1.40841299973119
1.14716697386695 1.53163186460101 1.40841299973119
1.53148110390892 1.34352902212919 1.72648778879447
1.53148110390892 1.34352902212919 1.72648778879447
0.446796331702763 0.0847371026109389 0.797992168884888
