0.61982379633863 0.0321356486091025 1.22647635070178
0.886770195301502 0.166156647640696 1.97204642203463
0.652533877265626 0.103757873381165 0.900620459515358
0.652533877265626 0.103757873381165 0.900620459515358
0.652533877265626 0.103757873381165 0.900620459515358
0.907219427755674 0.437162962646074 0.86752655529513
-0.642415041192722 -1.50914419950911 0.824331640046386
0.604014200975435 -0.168351863677174 1.15670335930351
0.604014200975435 -0.168351863677174 1.15670335930351
0.85967248870924 -1.06910805299925 2.04025027324802
0.85967248870924 -1.06910805299925 2.04025027324802
0.85967248870924 -1.06910805299925 2.04025027324802
1.87482419184923 -0.0247054362866039 2.73300943513723
1.87482419184923 -0.0247054362866039 2.73300943513723
1.24954375379704 0.713726500937659 3.32423562480269
0.643133858289978 0.381163629050573 2.39316351198624
0.643133858289978 0.381163629050573 2.39316351198624
-0.559600691908369 -0.313536537885545 1.81508533793667
-0.559600691908369 -0.313536537885545 1.81508533793667
-0.559600691908369 -0.313536537885545 1.81508533793667
0.666856931404623 0.562045224399483 1.40628008129754
0.666856931404623 0.562045224399483 1.40628008129754
0.666856931404623 0.562045224399483 1.40628008129754
0.666856931404623 0.562045224399483 1.40628008129754
0.26346957552038 0.695249648718498 0.93946265453775
0.26346957552038 0.695249648718498 0.93946265453775
0.26346957552038 0.695249648718498 0.93946265453775
0.26346957552038 0.695249648718498 0.93946265453775
0.26346957552038 0.695249648718498 0.93946265453775
0.26346957552038 0.695249648718498 0.93946265453775
0.823696677692592 0.685968598847866 1.33123854212476
0.823696677692592 0.685968598847866 1.33123854212476
0.430289754874756 1.26766610868009 1.20469877855206
0.495089223450181 0.9507845569127 1.08146036118232
0.495089223450181 0.9507845569127 1.08146036118232
0.495089223450181 0.9507845569127 1.08146036118232
0.495089223450181 0.9507845569127 1.08146036118232
0.495089223450181 0.9507845569127 1.08146036118232
0.495089223450181 0.9507845569127 1.08146036118232
0.495089223450181 0.9507845569127 1.08146036118232
0.392632763643599 -0.329580202338374 0.720708670901245
0.392632763643599 -0.329580202338374 0.720708670901245
0.392632763643599 -0.329580202338374 0.720708670901245
0.392632763643599 -0.329580202338374 0.720708670901245
0.392632763643599 -0.329580202338374 0.720708670901245
0.604501564383286 -0.0432449769730989 1.2767975818854
0.604501564383286 -0.0432449769730989 1.2767975818854
0.842492698381795 1.17363312159168 1.14489896840576
0.842492698381795 1.17363312159168 1.14489896840576
0.842492698381795 1.17363312159168 1.14489896840576
0.265974710354426 1.16368505424831 0.84067755324477
0.265974710354426 1.16368505424831 0.84067755324477
0.412736136002221 0.679148774732485 1.29601444562276
0.765806022871309 0.818802214356843 1.26453755732895
0.470742487329055 0.418403593908907 0.91863944421369
0.470742487329055 0.418403593908907 0.91863944421369
0.470742487329055 0.418403593908907 0.91863944421369
1.46221331722933 0.84162501933265 1.84507181709767
1.46221331722933 0.84162501933265 1.84507181709767
1.71845350272027 1.72563327014072 2.24089476449136
