-0.742749284403518 1.29161991241276 2.90324035703973
-0.742749284403518 1.29161991241276 2.90324035703973
-0.742749284403518 1.29161991241276 2.90324035703973
-0.863114841735076 1.37555652537394 2.41586511627464
0.0851824726763672 1.83565157492471 1.9365861036848
0.389276396247292 0.783879946723973 1.23024738100496
0.389276396247292 0.783879946723973 1.23024738100496
0.389276396247292 0.783879946723973 1.23024738100496
0.389276396247292 0.783879946723973 1.23024738100496
0.389276396247292 0.783879946723973 1.23024738100496
0.389276396247292 0.783879946723973 1.23024738100496
0.389276396247292 0.783879946723973 1.23024738100496
0.389276396247292 0.783879946723973 1.23024738100496
0.389276396247292 0.783879946723973 1.23024738100496
0.389276396247292 0.783879946723973 1.23024738100496
-0.187271435908596 1.46511749408022 2.49406492314765
-0.187271435908596 1.46511749408022 2.49406492314765
-0.187271435908596 1.46511749408022 2.49406492314765
-0.35092636158878 1.14960166438129 1.77062475591971
-0.35092636158878 1.14960166438129 1.77062475591971
0.531188255195962 1.4560343086019 2.62176969158737
0.365924927628024 0.462092375195008 0.85745724694626
0.365924927628024 0.462092375195008 0.85745724694626
0.365924927628024 0.462092375195008 0.85745724694626
0.365924927628024 0.462092375195008 0.85745724694626
0.365924927628024 0.462092375195008 0.85745724694626
0.71439043638356 0.427588664212136 0.281802703390577
0.71439043638356 0.427588664212136 0.281802703390577
0.71439043638356 0.427588664212136 0.281802703390577
0.082919007436466 0.894248516953087 0.868411259235274
0.082919007436466 0.894248516953087 0.868411259235274
0.082919007436466 0.894248516953087 0.868411259235274
0.082919007436466 0.894248516953087 0.868411259235274
0.082919007436466 0.894248516953087 0.868411259235274
0.082919007436466 0.894248516953087 0.868411259235274
0.082919007436466 0.894248516953087 0.868411259235274
0.082919007436466 0.894248516953087 0.868411259235274
0.082919007436466 0.894248516953087 0.868411259235274
0.082919007436466 0.894248516953087 0.868411259235274
-0.934526199374772 0.726806622837112 1.03712272772689
0.95162050502187 2.10190500391245 1.6298673179611
0.95162050502187 2.10190500391245 1.6298673179611
0.95162050502187 2.10190500391245 1.6298673179611
1.4877210888712 2.38026398707213 1.92012883135639
2.63022868256196 1.64902138957635 1.52022543488124
2.32395602618807 1.04863887946327 1.03621786319943
2.32395602618807 1.04863887946327 1.03621786319943
2.32395602618807 1.04863887946327 1.03621786319943
2.32395602618807 1.04863887946327 1.03621786319943
2.44687380085756 2.05351003262194 1.44585067805137
2.11474484171701 1.0320093637188 1.80997006435749
1.42335868070059 0.888338556213835 0.817265647189217
1.40497871825587 0.90241784738039 0.883079295012784
1.04121281335499 0.477884872384437 0.837181595343459
1.28651960796082 -0.865494795295438 0.748763482172381
1.28651960796082 -0.865494795295438 0.748763482172381
0.812342561129442 0.309922869900141 1.0629852473496
0.0860813374952755 1.41157782060739 1.88451465400257
-0.0403719988531093 2.20737759688557 2.18588123927976
-0.0403719988531093 2.20737759688557 2.18588123927976
