-2.04423027317186 1.61531697480704 2.47138026913984
-0.523242669092908 1.17908198074404 1.72027753541192
-0.523242669092908 1.17908198074404 1.72027753541192
-0.523242669092908 1.17908198074404 1.72027753541192
-0.523242669092908 1.17908198074404 1.72027753541192
-0.523242669092908 1.17908198074404 1.72027753541192
-1.03547465613859 1.03839797609327 1.59282811565159
-0.255836238778356 1.32420191675769 2.55210471269639
-0.255836238778356 1.32420191675769 2.55210471269639
1.14463711419013 1.02285723530591 1.10042288220269
1.14463711419013 1.02285723530591 1.10042288220269
0.642424659043136 1.29481579956091 1.55452237096593
0.819907351108439 0.975898365764957 2.42345447025094
0.819907351108439 0.975898365764957 2.42345447025094
0.819907351108439 0.975898365764957 2.42345447025094
0.819907351108439 0.975898365764957 2.42345447025094
0.819907351108439 0.975898365764957 2.42345447025094
0.819907351108439 0.975898365764957 2.42345447025094
0.819907351108439 0.975898365764957 2.42345447025094
0.819907351108439 0.975898365764957 2.42345447025094
0.00371437986339807 1.41108687001049 1.45446870862498
0.00371437986339807 1.41108687001049 1.45446870862498
0.00371437986339807 1.41108687001049 1.45446870862498
0.00371437986339807 1.41108687001049 1.45446870862498
1.12909226667086 0.670122712291678 0.416536792028923
1.12909226667086 0.670122712291678 0.416536792028923
1.12909226667086 0.670122712291678 0.416536792028923
1.12909226667086 0.670122712291678 0.416536792028923
1.12909226667086 0.670122712291678 0.416536792028923
1.12909226667086 0.670122712291678 0.416536792028923
1.12909226667086 0.670122712291678 0.416536792028923
-0.10358503346544 0.251058513825029 1.83529569326308
-0.10358503346544 0.251058513825029 1.83529569326308
-0.10358503346544 0.251058513825029 1.83529569326308
-0.10358503346544 0.251058513825029 1.83529569326308
-0.10358503346544 0.251058513825029 1.83529569326308
-0.10358503346544 0.251058513825029 1.83529569326308
-0.619330351618841 -0.0325708171665346 3.2438863063061
-0.619330351618841 -0.0325708171665346 3.2438863063061
-0.918932465264586 0.686020860072464 3.13129144941247
-0.6007120581289 0.664234428436677 1.81308341089854
-0.6007120581289 0.664234428436677 1.81308341089854
0.234045169854351 -0.113730711268422 1.0407288023743
0.234045169854351 -0.113730711268422 1.0407288023743
0.234045169854351 -0.113730711268422 1.0407288023743
-0.206241841040234 0.615744893314963 2.1407119737738
0.76680844854696 1.32347430286398 1.85558458581982
0.76680844854696 1.32347430286398 1.85558458581982
0.76680844854696 1.32347430286398 1.85558458581982
0.100451885281677 0.621086552532276 2.30315422428111
0.100451885281677 0.621086552532276 2.30315422428111
-0.401166402543575 0.884508447690079 1.44323412440098
-0.401166402543575 0.884508447690079 1.44323412440098
-0.401166402543575 0.884508447690079 1.44323412440098
-0.401166402543575 0.884508447690079 1.44323412440098
-0.401166402543575 0.884508447690079 1.44323412440098
0.593042260526553 0.293218583478144 0.689836263030637
0.593042260526553 0.293218583478144 0.689836263030637
0.487281053477306 0.506890068511941 1.50302143657046
0.487281053477306 0.506890068511941 1.50302143657046
