-0.065747369181183 0.724315331737383 1.79755227949554
-0.065747369181183 0.724315331737383 1.79755227949554
-0.065747369181183 0.724315331737383 1.79755227949554
-0.065747369181183 0.724315331737383 1.79755227949554
-0.202019092080254 1.63827579558111 2.68128787030276
-0.202019092080254 1.63827579558111 2.68128787030276
-1.37796425199742 0.0484879956771065 1.51810532943252
-1.37796425199742 0.0484879956771065 1.51810532943252
-1.9871092624233 0.29263739878728 1.68599553478444
-1.9871092624233 0.29263739878728 1.68599553478444
-1.9871092624233 0.29263739878728 1.68599553478444
-0.72536930433074 0.413088559396233 1.70549798660085
-0.72536930433074 0.413088559396233 1.70549798660085
-0.72536930433074 0.413088559396233 1.70549798660085
-0.72536930433074 0.413088559396233 1.70549798660085
-0.72536930433074 0.413088559396233 1.70549798660085
-0.72536930433074 0.413088559396233 1.70549798660085
-0.556747340307616 -0.0540001117182361 2.98759635714584
0.506916493525944 0.445206380258655 3.20992845773862
-0.377859220417915 -0.476410929347287 2.72849998181321
0.825055647540265 0.127135007969503 0.923299543041977
0.825055647540265 0.127135007969503 0.923299543041977
0.825055647540265 0.127135007969503 0.923299543041977
0.825055647540265 0.127135007969503 0.923299543041977
0.936442630556939 0.87383657772643 1.15740825951679
0.936442630556939 0.87383657772643 1.15740825951679
0.936442630556939 0.87383657772643 1.15740825951679
0.936442630556939 0.87383657772643 1.15740825951679
0.936442630556939 0.87383657772643 1.15740825951679
0.936442630556939 0.87383657772643 1.15740825951679
0.936442630556939 0.87383657772643 1.15740825951679
0.936442630556939 0.87383657772643 1.15740825951679
0.936442630556939 0.87383657772643 1.15740825951679
0.936442630556939 0.87383657772643 1.15740825951679
0.936442630556939 0.87383657772643 1.15740825951679
0.936442630556939 0.87383657772643 1.15740825951679
0.936442630556939 0.87383657772643 1.15740825951679
0.936442630556939 0.87383657772643 1.15740825951679
0.936442630556939 0.87383657772643 1.15740825951679
0.0197508116656118 1.194886070481 1.45761589155045
1.22924189668319 0.285178815736882 1.22415598607558
1.22924189668319 0.285178815736882 1.22415598607558
1.22924189668319 0.285178815736882 1.22415598607558
1.22924189668319 0.285178815736882 1.22415598607558
0.94880689926421 0.464497648986515 1.65243154746493
0.94880689926421 0.464497648986515 1.65243154746493
0.94880689926421 0.464497648986515 1.65243154746493
0.94880689926421 0.464497648986515 1.65243154746493
0.94880689926421 0.464497648986515 1.65243154746493
0.389020659953272 0.905610599010165 1.27784647296425
0.163872295360323 0.85508896134179 1.77901408997531
0.163872295360323 0.85508896134179 1.77901408997531
0.163872295360323 0.85508896134179 1.77901408997531
0.163872295360323 0.85508896134179 1.77901408997531
0.940955163156346 0.706443162649925 1.43918656029219
0.940955163156346 0.706443162649925 1.43918656029219
0.940955163156346 0.706443162649925 1.43918656029219
0.940955163156346 0.706443162649925 1.43918656029219
0.940955163156346 0.706443162649925 1.43918656029219
0.940955163156346 0.706443162649925 1.43918656029219
