0.102830515900282 1.78697891803184 3.18651844426398
0.102830515900282 1.78697891803184 3.18651844426398
0.102830515900282 1.78697891803184 3.18651844426398
-0.834809498848537 1.9662125340616 2.97357419042798
-0.834809498848537 1.9662125340616 2.97357419042798
-0.834809498848537 1.9662125340616 2.97357419042798
-0.834809498848537 1.9662125340616 2.97357419042798
-0.834809498848537 1.9662125340616 2.97357419042798
0.94641904240346 1.25037073664565 3.82348247095147
-0.412431654372247 1.76294087442356 3.73373083318174
-0.412431654372247 1.76294087442356 3.73373083318174
-0.144830096440242 1.05851683747213 3.54925643252551
-0.481663858228132 0.586775045087203 3.63882826356553
-0.481663858228132 0.586775045087203 3.63882826356553
-0.667894604031148 -0.136991741709385 3.53519984883434
-0.667894604031148 -0.136991741709385 3.53519984883434
-0.667894604031148 -0.136991741709385 3.53519984883434
-0.667894604031148 -0.136991741709385 3.53519984883434
-0.667894604031148 -0.136991741709385 3.53519984883434
0.215154700438682 -0.320531171161329 0.638911717913503
1.78149165778819 0.55578556321364 2.24282897462233
1.78149165778819 0.55578556321364 2.24282897462233
1.78149165778819 0.55578556321364 2.24282897462233
1.78149165778819 0.55578556321364 2.24282897462233
1.27040495577876 0.565891544323007 2.05740662935416
1.71188369529304 0.60331401177102 1.81492278344462
0.91892117207921 1.4714654213863 2.46377943827867
0.91892117207921 1.4714654213863 2.46377943827867
0.91892117207921 1.4714654213863 2.46377943827867
0.91892117207921 1.4714654213863 2.46377943827867
0.91892117207921 1.4714654213863 2.46377943827867
0.91892117207921 1.4714654213863 2.46377943827867
1.50272768607536 0.117882323003213 1.5304208519155
1.12672313064106 0.989000841997908 1.1673462820365
0.871581256719668 0.626518479813894 0.98634521367794
0.871581256719668 0.626518479813894 0.98634521367794
-0.311418541923998 0.982419654455398 2.13612701668461
-0.311418541923998 0.982419654455398 2.13612701668461
-0.311418541923998 0.982419654455398 2.13612701668461
0.466101487499904 0.604418932439331 2.09094409613298
1.03785568096765 1.41781334922458 3.69441831032793
1.09691697572088 1.71939017977102 2.87300517161761
1.09691697572088 1.71939017977102 2.87300517161761
1.09691697572088 1.71939017977102 2.87300517161761
1.09691697572088 1.71939017977102 2.87300517161761
1.09691697572088 1.71939017977102 2.87300517161761
1.81064197813635 0.568880560445567 3.20728236756259
1.81064197813635 0.568880560445567 3.20728236756259
1.81064197813635 0.568880560445567 3.20728236756259
1.14999165350325 1.26924569623557 3.25947981045078
1.14999165350325 1.26924569623557 3.25947981045078
1.14999165350325 1.26924569623557 3.25947981045078
1.14999165350325 1.26924569623557 3.25947981045078
1.14999165350325 1.26924569623557 3.25947981045078
2.46465784173575 0.137213207618186 2.07601643662442
2.46465784173575 0.137213207618186 2.07601643662442
1.65765434082452 -0.806250007410632 2.45707000568488
1.65765434082452 -0.806250007410632 2.45707000568488
2.04468789280284 -0.83454993066901 1.74485847243227
2.04468789280284 -0.83454993066901 1.74485847243227
