-0.483945924084825 2.41191194770313 1.9681053511734
0.531462082351142 2.57084966688112 2.31126564716136
0.531462082351142 2.57084966688112 2.31126564716136
0.531462082351142 2.57084966688112 2.31126564716136
0.184665399275657 2.88311443097177 2.07947685675566
0.184665399275657 2.88311443097177 2.07947685675566
-0.492622551810266 3.11002103887135 1.51710388058487
-1.78733836883943 1.43806609646296 1.44142344284738
-0.98036280663778 1.38189400238071 2.05679070803504
-0.98036280663778 1.38189400238071 2.05679070803504
-0.98036280663778 1.38189400238071 2.05679070803504
-0.98036280663778 1.38189400238071 2.05679070803504
-0.643462503176656 1.27155959602553 2.29334165172103
-0.643462503176656 1.27155959602553 2.29334165172103
-0.643462503176656 1.27155959602553 2.29334165172103
-0.643462503176656 1.27155959602553 2.29334165172103
-0.524877520380151 1.12170979891488 2.22226755544994
0.053516251857528 0.411141400904909 2.30231009117433
0.053516251857528 0.411141400904909 2.30231009117433
-0.714730985311112 1.06451024105115 2.02804904565107
-0.220378558641514 0.380791430930623 0.987818234082502
-0.0526196784871904 1.16329744669447 1.24430684081279
-0.0526196784871904 1.16329744669447 1.24430684081279
-0.0526196784871904 1.16329744669447 1.24430684081279
-0.0526196784871904 1.16329744669447 1.24430684081279
-0.0526196784871904 1.16329744669447 1.24430684081279
-0.0526196784871904 1.16329744669447 1.24430684081279
-0.0526196784871904 1.16329744669447 1.24430684081279
-0.163864529497414 0.511907086721081 0.939116749524772
-0.163864529497414 0.511907086721081 0.939116749524772
-0.163864529497414 0.511907086721081 0.939116749524772
0.384693681699237 0.416550107888646 1.35613630376969
0.384693681699237 0.416550107888646 1.35613630376969
0.384693681699237 0.416550107888646 1.35613630376969
0.384693681699237 0.416550107888646 1.35613630376969
0.384693681699237 0.416550107888646 1.35613630376969
0.384693681699237 0.416550107888646 1.35613630376969
0.384693681699237 0.416550107888646 1.35613630376969
0.384693681699237 0.416550107888646 1.35613630376969
0.384693681699237 0.416550107888646 1.35613630376969
-0.810349207055806 1.41295227643057 2.14816732005113
-0.810349207055806 1.41295227643057 2.14816732005113
-0.675712089684245 1.32722532130301 1.35999265054433
0.697168527219028 0.269388772503777 1.29842471179667
0.697168527219028 0.269388772503777 1.29842471179667
0.528799165190806 0.522761346769973 1.65109267435637
0.0605950286835173 2.01168651077739 1.63141906513752
0.0605950286835173 2.01168651077739 1.63141906513752
0.0605950286835173 2.01168651077739 1.63141906513752
-0.225547384033556 1.02386083717533 2.15947696638115
-0.225547384033556 1.02386083717533 2.15947696638115
-0.225547384033556 1.02386083717533 2.15947696638115
-0.225547384033556 1.02386083717533 2.15947696638115
-0.225547384033556 1.02386083717533 2.15947696638115
-0.225547384033556 1.02386083717533 2.15947696638115
-0.225547384033556 1.02386083717533 2.15947696638115
-0.0516346252133567 1.14643395975451 2.0216088362154
-0.0516346252133567 1.14643395975451 2.0216088362154
-0.113198352435146 1.26097824418264 2.47252462707821
-0.113198352435146 1.26097824418264 2.47252462707821
