1.01429071434153 0.119985175545956 2.18992065820851
1.01429071434153 0.119985175545956 2.18992065820851
0.846464292726018 1.50696516014478 2.23671877296799
0.846464292726018 1.50696516014478 2.23671877296799
0.846464292726018 1.50696516014478 2.23671877296799
-0.170597235836392 0.612798103659627 1.97178992999526
-0.170597235836392 0.612798103659627 1.97178992999526
-0.170597235836392 0.612798103659627 1.97178992999526
-0.435959592170525 1.18664320945468 1.49377229980269
-0.0451245146108736 0.958610979552807 1.68634697533951
0.0371506644020243 0.514321331388691 1.56396802497673
-0.162302285432848 0.602449265131487 1.41189162792996
0.557695365764655 0.513323337784837 1.31029950687318
0.557695365764655 0.513323337784837 1.31029950687318
0.557695365764655 0.513323337784837 1.31029950687318
0.557695365764655 0.513323337784837 1.31029950687318
0.557695365764655 0.513323337784837 1.31029950687318
0.557695365764655 0.513323337784837 1.31029950687318
0.557695365764655 0.513323337784837 1.31029950687318
0.557695365764655 0.513323337784837 1.31029950687318
0.0189915579336709 1.06660651091708 0.898829831537365
0.38001923716879 1.02358974475704 0.224394827434882
0.673890629076021 0.937422530537501 0.484613769231511
0.156644483978294 1.53888980828838 1.0828698786451
0.156644483978294 1.53888980828838 1.0828698786451
-0.240097258204299 0.854364463077788 1.58828493176894
-0.240097258204299 0.854364463077788 1.58828493176894
-0.761538885222048 0.0212386895235734 1.45425214647425
-0.215404793734613 0.243862504621193 1.29953586948901
-0.215404793734613 0.243862504621193 1.29953586948901
-0.215404793734613 0.243862504621193 1.29953586948901
-0.215404793734613 0.243862504621193 1.29953586948901
-0.215404793734613 0.243862504621193 1.29953586948901
-0.215404793734613 0.243862504621193 1.29953586948901
-0.215404793734613 0.243862504621193 1.29953586948901
-0.215404793734613 0.243862504621193 1.29953586948901
-0.215404793734613 0.243862504621193 1.29953586948901
-0.215404793734613 0.243862504621193 1.29953586948901
-0.215404793734613 0.243862504621193 1.29953586948901
0.269605055398161 -0.0259662421886342 1.08496465937933
-0.554538643839155 0.272387213710002 1.39184041617929
-0.554538643839155 0.272387213710002 1.39184041617929
-0.554538643839155 0.272387213710002 1.39184041617929
-0.26014959877626 0.71207206565281 0.805586580211232
-0.26014959877626 0.71207206565281 0.805586580211232
0.00811610452426581 0.946707230796425 1.09655746071045
0.00811610452426581 0.946707230796425 1.09655746071045
0.328562728298059 -0.552852373417515 1.31584581773267
-0.165317533019813 -1.04104173714664 1.13552011589142
-0.87407042174494 -0.688074261055393 0.529811942534524
-0.480548291601203 0.140794587292595 0.557029621601373
-0.796444099296226 -0.227506455469113 0.980020606913758
-1.27638059481706 0.265601181061575 0.83415681380039
-1.27638059481706 0.265601181061575 0.83415681380039
-0.582597069325268 1.09520254177267 1.16572768070051
-0.582597069325268 1.09520254177267 1.16572768070051
-0.582597069325268 1.09520254177267 1.16572768070051
-0.146638325147968 1.44401868949496 1.01621551349162
-0.146638325147968 1.44401868949496 1.01621551349162
-0.146638325147968 1.44401868949496 1.01621551349162
