-0.396379987594029 -0.0292614438056915 1.04096777527222
-0.396379987594029 -0.0292614438056915 1.04096777527222
-0.282784347739232 -0.111214000610947 1.05987902675188
-0.282784347739232 -0.111214000610947 1.05987902675188
-0.282784347739232 -0.111214000610947 1.05987902675188
-1.0812333302119 0.0933973914192705 1.19606450596338
-1.0812333302119 0.0933973914192705 1.19606450596338
-1.0812333302119 0.0933973914192705 1.19606450596338
0.259534142639271 0.332630066240026 1.47709007073017
0.259534142639271 0.332630066240026 1.47709007073017
0.259534142639271 0.332630066240026 1.47709007073017
0.259534142639271 0.332630066240026 1.47709007073017
0.259534142639271 0.332630066240026 1.47709007073017
0.259534142639271 0.332630066240026 1.47709007073017
0.259534142639271 0.332630066240026 1.47709007073017
0.259534142639271 0.332630066240026 1.47709007073017
0.259534142639271 0.332630066240026 1.47709007073017
-0.297525239474612 0.359865223787571 1.44206304227957
-0.297525239474612 0.359865223787571 1.44206304227957
-0.297525239474612 0.359865223787571 1.44206304227957
1.3269962776707 0.548957082730277 0.627362669543265
0.465302588314982 0.313600747309802 0.12216948428838
0.465302588314982 0.313600747309802 0.12216948428838
0.632771951252883 0.124556706427142 0.90606339345072
0.632771951252883 0.124556706427142 0.90606339345072
0.632771951252883 0.124556706427142 0.90606339345072
0.632771951252883 0.124556706427142 0.90606339345072
0.632771951252883 0.124556706427142 0.90606339345072
0.632771951252883 0.124556706427142 0.90606339345072
-0.320781243669569 0.331146440607224 0.308350354892372
-0.320781243669569 0.331146440607224 0.308350354892372
-0.320781243669569 0.331146440607224 0.308350354892372
-0.602878311816807 0.687580491048248 0.488795510695418
0.401010178680645 0.710842421507212 0.696240445818405
0.401010178680645 0.710842421507212 0.696240445818405
0.401010178680645 0.710842421507212 0.696240445818405
0.401010178680645 0.710842421507212 0.696240445818405
0.401010178680645 0.710842421507212 0.696240445818405
0.401010178680645 0.710842421507212 0.696240445818405
0.401010178680645 0.710842421507212 0.696240445818405
-0.149341761878815 -0.47077654746982 1.67756982065129
-0.149341761878815 -0.47077654746982 1.67756982065129
1.50887315216972 -0.326261313635641 1.16211076564727
1.50887315216972 -0.326261313635641 1.16211076564727
1.50887315216972 -0.326261313635641 1.16211076564727
0.711660819762852 -1.07016684041044 1.82135821768723
0.711660819762852 -1.07016684041044 1.82135821768723
0.408401932407855 -1.68159812247011 1.946243717314
-0.94576335784501 -1.51578716955226 1.91944697085713
1.32673930031472 -1.42439102397132 1.94500984116069
-0.304401542545027 -2.02757046609626 2.23345618606998
-0.304401542545027 -2.02757046609626 2.23345618606998
0.0764792195851346 -1.93607150868056 1.83726286603436
-0.343133147901712 -1.69434470896575 1.76400784861931
-0.343133147901712 -1.69434470896575 1.76400784861931
-0.343133147901712 -1.69434470896575 1.76400784861931
-0.343133147901712 -1.69434470896575 1.76400784861931
-0.343133147901712 -1.69434470896575 1.76400784861931
-0.343133147901712 -1.69434470896575 1.76400784861931
-0.343133147901712 -1.69434470896575 1.76400784861931
