-0.068888678328467 -0.59018336779168 2.49458215492613
-0.068888678328467 -0.59018336779168 2.49458215492613
0.466010300298347 -0.120330302548653 2.2750038891906
-0.377600595539452 -0.708134111848768 2.29616044615971
-0.377600595539452 -0.708134111848768 2.29616044615971
0.310468421869064 -1.03871915380053 1.60528891924011
0.310468421869064 -1.03871915380053 1.60528891924011
0.310468421869064 -1.03871915380053 1.60528891924011
0.445220509113597 -1.25553179772328 2.07181688400893
-0.0157750285787533 -1.09025721949153 3.06382385990737
0.190014056047339 -0.694787278585193 3.2741481957978
0.664727585423992 0.276634458408659 2.54800409701109
0.739773924337424 1.9817632293098 2.33200126897481
0.830420683911064 1.17400091813357 3.29965239356497
0.575943814213025 0.677673499790124 3.5133755459905
0.575943814213025 0.677673499790124 3.5133755459905
0.124111524192497 0.945482703856496 3.80715506506763
0.124111524192497 0.945482703856496 3.80715506506763
-0.296791301012173 0.49918760475496 3.57919972382872
0.178840020275118 1.31907489811792 3.07575580769889
0.306811433139876 0.735932489375118 1.58141874078883
0.306811433139876 0.735932489375118 1.58141874078883
0.306811433139876 0.735932489375118 1.58141874078883
0.306811433139876 0.735932489375118 1.58141874078883
0.84701106713419 0.912401147912687 1.69793727377301
0.679724700365124 0.8825458258679 1.60055122176328
0.679724700365124 0.8825458258679 1.60055122176328
0.679724700365124 0.8825458258679 1.60055122176328
0.679724700365124 0.8825458258679 1.60055122176328
0.629765968612135 0.969604835972707 1.45790796133807
0.629765968612135 0.969604835972707 1.45790796133807
0.629765968612135 0.969604835972707 1.45790796133807
0.629765968612135 0.969604835972707 1.45790796133807
0.629765968612135 0.969604835972707 1.45790796133807
0.629765968612135 0.969604835972707 1.45790796133807
0.629765968612135 0.969604835972707 1.45790796133807
0.608247703271267 1.69534133240451 2.10213702286631
0.608247703271267 1.69534133240451 2.10213702286631
0.608247703271267 1.69534133240451 2.10213702286631
0.324548434731691 0.923181689872881 1.36584819522845
0.854929057185812 0.263475706444843 2.42164501527108
0.64861767812833 0.761384201437049 1.88580385001084
0.803882445128895 0.639484370352645 1.98202618122022
1.26999504963321 0.0486617736622054 3.11848721716624
1.26999504963321 0.0486617736622054 3.11848721716624
1.26999504963321 0.0486617736622054 3.11848721716624
0.293193196116601 0.398300649203044 3.55820611753179
1.79912480217682 0.95011323163905 2.13852946905217
2.42527294174242 0.94039117722492 1.76963326535363
2.42527294174242 0.94039117722492 1.76963326535363
0.0776387017578908 0.715514449271134 1.56718406939698
-0.493406689687441 0.302457333120038 1.24839334474255
-0.493406689687441 0.302457333120038 1.24839334474255
-0.493406689687441 0.302457333120038 1.24839334474255
-0.493406689687441 0.302457333120038 1.24839334474255
-0.493406689687441 0.302457333120038 1.24839334474255
0.382224944565492 -0.122682201739631 2.50189749464784
0.382224944565492 -0.122682201739631 2.50189749464784
0.546290449028738 0.918092296773136 1.99848565114988
0.546290449028738 0.918092296773136 1.99848565114988
