0.382934263902838 -0.289884742666809 1.41203796583968
0.382934263902838 -0.289884742666809 1.41203796583968
0.484257352780646 0.049913888784488 0.93693773638723
0.484257352780646 0.049913888784488 0.93693773638723
0.484257352780646 0.049913888784488 0.93693773638723
0.484257352780646 0.049913888784488 0.93693773638723
-0.677769521202834 0.750510372117108 1.5287536929734
-0.677769521202834 0.750510372117108 1.5287536929734
-0.677769521202834 0.750510372117108 1.5287536929734
-0.677769521202834 0.750510372117108 1.5287536929734
-0.677769521202834 0.750510372117108 1.5287536929734
-0.677769521202834 0.750510372117108 1.5287536929734
-0.677769521202834 0.750510372117108 1.5287536929734
-0.677769521202834 0.750510372117108 1.5287536929734
-0.677769521202834 0.750510372117108 1.5287536929734
-0.485952496312951 0.74448425600008 1.52907266424844
-0.485952496312951 0.74448425600008 1.52907266424844
-0.485952496312951 0.74448425600008 1.52907266424844
-0.485952496312951 0.74448425600008 1.52907266424844
-0.485952496312951 0.74448425600008 1.52907266424844
-0.16566772500935 0.306600116560039 0.849729707832927
-0.16566772500935 0.306600116560039 0.849729707832927
-0.16566772500935 0.306600116560039 0.849729707832927
-0.354716110637426 0.595826811279732 1.65940819929481
-0.354716110637426 0.595826811279732 1.65940819929481
-0.354716110637426 0.595826811279732 1.65940819929481
-0.354716110637426 0.595826811279732 1.65940819929481
-0.0998956177522464 0.842482108090257 2.47944642518189
-0.0998956177522464 0.842482108090257 2.47944642518189
-0.0998956177522464 0.842482108090257 2.47944642518189
-0.0998956177522464 0.842482108090257 2.47944642518189
0.505505319565577 1.28128880491104 2.58308214809771
0.505505319565577 1.28128880491104 2.58308214809771
0.505505319565577 1.28128880491104 2.58308214809771
0.505505319565577 1.28128880491104 2.58308214809771
0.589311137139936 0.116501672787722 1.50373971444461
0.589311137139936 0.116501672787722 1.50373971444461
-0.136549947757334 0.304851727860094 1.46127777028026
-0.136549947757334 0.304851727860094 1.46127777028026
-0.136549947757334 0.304851727860094 1.46127777028026
-0.459827280911979 0.0607366483189567 0.627224536708145
-0.459827280911979 0.0607366483189567 0.627224536708145
-0.459827280911979 0.0607366483189567 0.627224536708145
-0.459827280911979 0.0607366483189567 0.627224536708145
-0.459827280911979 0.0607366483189567 0.627224536708145
-0.459827280911979 0.0607366483189567 0.627224536708145
-0.599231026898659 0.171972273775722 1.15773700505008
-0.476647414807352 -0.0698181137146641 1.40637641814126
-0.476647414807352 -0.0698181137146641 1.40637641814126
-0.476647414807352 -0.0698181137146641 1.40637641814126
-0.411499627552309 1.08579679409995 2.2886769233448
-0.411499627552309 1.08579679409995 2.2886769233448
-0.411499627552309 1.08579679409995 2.2886769233448
-0.236200514308367 1.40245408747411 2.3472987480138
-0.236200514308367 1.40245408747411 2.3472987480138
-0.236200514308367 1.40245408747411 2.3472987480138
-0.236200514308367 1.40245408747411 2.3472987480138
-0.236200514308367 1.40245408747411 2.3472987480138
-0.236200514308367 1.40245408747411 2.3472987480138
0.292933274568387 1.1033315018783 2.26531469384185
