0.200867543401218 2.07102638721685 1.76094394487582
0.298818476043443 0.132398645066191 2.41837569366608
-0.419263385199421 0.295615669159824 1.79397423397265
-0.419263385199421 0.295615669159824 1.79397423397265
-1.5147546927725 0.837487734517353 1.98829866925627
-1.5147546927725 0.837487734517353 1.98829866925627
-1.5147546927725 0.837487734517353 1.98829866925627
-1.5147546927725 0.837487734517353 1.98829866925627
-1.50973406034057 0.88902475069784 0.562651025861705
-1.4361736788494 0.597340320062313 0.013551324225122
-1.38694643962507 1.22480416315269 -0.185973663386036
-1.19881878655841 1.28727886319979 1.13909037063964
-1.19881878655841 1.28727886319979 1.13909037063964
-1.19881878655841 1.28727886319979 1.13909037063964
-1.19881878655841 1.28727886319979 1.13909037063964
-1.19881878655841 1.28727886319979 1.13909037063964
-1.19881878655841 1.28727886319979 1.13909037063964
-2.07435648832697 0.634735798794907 1.70230790601715
-2.07435648832697 0.634735798794907 1.70230790601715
-1.78727716685089 -0.818708220546056 2.95156118755716
1.42193640257577 0.631198842133594 1.72078327543989
1.42193640257577 0.631198842133594 1.72078327543989
1.42193640257577 0.631198842133594 1.72078327543989
1.17895955755256 0.6757509914498 1.87835623534859
1.17895955755256 0.6757509914498 1.87835623534859
1.17895955755256 0.6757509914498 1.87835623534859
1.17895955755256 0.6757509914498 1.87835623534859
1.17895955755256 0.6757509914498 1.87835623534859
0.425810482502441 1.5329905617169 1.92119181577668
0.425810482502441 1.5329905617169 1.92119181577668
0.425810482502441 1.5329905617169 1.92119181577668
0.425810482502441 1.5329905617169 1.92119181577668
0.425810482502441 1.5329905617169 1.92119181577668
0.425810482502441 1.5329905617169 1.92119181577668
0.025798310799874 1.22467754513997 0.902860580927869
0.025798310799874 1.22467754513997 0.902860580927869
0.025798310799874 1.22467754513997 0.902860580927869
-0.0342339513755613 1.22049043259585 1.82282654633948
-0.0342339513755613 1.22049043259585 1.82282654633948
-0.390903114869026 0.276570263445426 1.72846307245231
0.387567879242678 1.33974918339255 2.06146627638985
0.387567879242678 1.33974918339255 2.06146627638985
0.387567879242678 1.33974918339255 2.06146627638985
0.887516287103749 1.66166067937483 2.75040172472539
1.66413611337546 1.50998214440238 2.11705964580531
1.66413611337546 1.50998214440238 2.11705964580531
0.806611190378445 1.47831672997952 2.97920278002857
0.228702613762757 -0.088717490225635 2.44544876337718
0.228702613762757 -0.088717490225635 2.44544876337718
0.382845766477704 1.97010864065454 1.76589914652822
0.129035034354366 0.736562584070914 2.69564099224495
0.129035034354366 0.736562584070914 2.69564099224495
0.119144395450628 0.216227131578066 1.92379059682185
0.119144395450628 0.216227131578066 1.92379059682185
-0.120190152042748 1.69412050083968 1.53369057358323
0.361314852798159 0.980963295519384 1.82923479707551
0.772756340163872 0.734033665422855 1.54270206465107
0.772756340163872 0.734033665422855 1.54270206465107
0.772756340163872 0.734033665422855 1.54270206465107
1.14800969999653 1.00305846943801 1.94057379898015
