1.27718470871036 2.40321329087536 1.91054363268226
1.27718470871036 2.40321329087536 1.91054363268226
1.27718470871036 2.40321329087536 1.91054363268226
1.27718470871036 2.40321329087536 1.91054363268226
1.27718470871036 2.40321329087536 1.91054363268226
0.408258994377615 2.22352628917893 1.67641455020468
0.408258994377615 2.22352628917893 1.67641455020468
0.408258994377615 2.22352628917893 1.67641455020468
0.408258994377615 2.22352628917893 1.67641455020468
0.408258994377615 2.22352628917893 1.67641455020468
0.178247704953369 2.5703538106292 1.88677414525662
0.178247704953369 2.5703538106292 1.88677414525662
0.401747892250136 1.53270607788581 1.58781796034529
0.401747892250136 1.53270607788581 1.58781796034529
0.401747892250136 1.53270607788581 1.58781796034529
0.401747892250136 1.53270607788581 1.58781796034529
0.932168783503592 0.829747515665784 1.32658832187159
-0.353070658555633 1.17602785185153 1.01654135777293
0.100294143794376 0.858026200883357 1.13403628520465
0.100294143794376 0.858026200883357 1.13403628520465
1.5003323724982 0.517605123253592 1.56885083317117
1.5003323724982 0.517605123253592 1.56885083317117
1.5003323724982 0.517605123253592 1.56885083317117
1.5003323724982 0.517605123253592 1.56885083317117
0.96552382094827 1.35238424546595 2.19387048427229
0.96552382094827 1.35238424546595 2.19387048427229
0.848962242795124 1.01655409453005 2.04082461784692
0.848962242795124 1.01655409453005 2.04082461784692
0.256698493765382 0.823933393037991 0.909554039967883
0.95235075283909 -0.114463159634028 1.14173372384315
0.95235075283909 -0.114463159634028 1.14173372384315
0.95235075283909 -0.114463159634028 1.14173372384315
1.17212124764918 0.208548026861879 1.57618254896381
1.28643125937228 0.872677208274767 1.52214617734069
1.28643125937228 0.872677208274767 1.52214617734069
1.28643125937228 0.872677208274767 1.52214617734069
-0.312487834900067 1.66875225084508 0.570752944989657
-0.312487834900067 1.66875225084508 0.570752944989657
-0.312487834900067 1.66875225084508 0.570752944989657
-0.0344524074312043 0.688899005359217 0.59091888501026
0.395911289866154 3.00567043427178 1.9972535280001
0.524837662237753 2.46895157184381 1.31098130358146
0.524837662237753 2.46895157184381 1.31098130358146
1.34286182835889 0.970921265538044 1.12766110154752
0.942522338785201 0.573893439172207 0.784016585834618
0.942522338785201 0.573893439172207 0.784016585834618
0.942522338785201 0.573893439172207 0.784016585834618
0.942522338785201 0.573893439172207 0.784016585834618
0.270086867427995 1.39802532841617 0.790715733426707
0.270086867427995 1.39802532841617 0.790715733426707
-1.48131717954266 1.65175635606062 0.980746809161719
-1.17338233140609 0.889307829503049 0.344712746711897
-1.17338233140609 0.889307829503049 0.344712746711897
-0.99546727835613 0.914553974710057 0.229947480351373
-0.086616973920221 1.58937564530093 0.419987309148945
-0.086616973920221 1.58937564530093 0.419987309148945
-0.086616973920221 1.58937564530093 0.419987309148945
0.681419940289442 1.56380899950754 0.776721541595189
0.681419940289442 1.56380899950754 0.776721541595189
0.681419940289442 1.56380899950754 0.776721541595189
