-0.394285743041092 -0.844851592531867 0.539183254213685
-1.41456323593899 -1.58759867750218 0.252208975114804
-1.41456323593899 -1.58759867750218 0.252208975114804
-0.786012360446061 -1.40858080470376 -0.507063115643355
-0.786012360446061 -1.40858080470376 -0.507063115643355
-0.786012360446061 -1.40858080470376 -0.507063115643355
-0.407355790474166 -0.319039769059376 -0.464026365102878
-0.115690627078485 0.0142231676560758 -0.775486890674688
-0.115690627078485 0.0142231676560758 -0.775486890674688
-0.056272074731406 0.0629971281883542 -0.682221258682512
-0.056272074731406 0.0629971281883542 -0.682221258682512
-1.48141651769488 -0.871584691298095 -0.80009202889013
-0.725864415321188 -0.217237269841246 -1.2527073989391
-1.03233485232651 -0.65176259940968 -0.923888096161183
-2.49542062243309 -0.48839429242363 -0.491209905688481
-1.23410298739256 -0.144111562068603 -0.53158255628304
-1.23410298739256 -0.144111562068603 -0.53158255628304
-1.23410298739256 -0.144111562068603 -0.53158255628304
-0.064284255379512 0.913464658348904 -0.095485350501326
-0.064284255379512 0.913464658348904 -0.095485350501326
0.392754747237843 0.773839229737177 2.14725215421229
0.392754747237843 0.773839229737177 2.14725215421229
-0.0420706700701842 0.129797571436234 2.29742538431167
-0.0420706700701842 0.129797571436234 2.29742538431167
-0.0420706700701842 0.129797571436234 2.29742538431167
-0.0420706700701842 0.129797571436234 2.29742538431167
-0.0420706700701842 0.129797571436234 2.29742538431167
-0.0420706700701842 0.129797571436234 2.29742538431167
-0.0420706700701842 0.129797571436234 2.29742538431167
0.723389649078544 0.302968300806862 2.25241211939025
0.723389649078544 0.302968300806862 2.25241211939025
0.723389649078544 0.302968300806862 2.25241211939025
0.723389649078544 0.302968300806862 2.25241211939025
0.723389649078544 0.302968300806862 2.25241211939025
0.723389649078544 0.302968300806862 2.25241211939025
0.723389649078544 0.302968300806862 2.25241211939025
0.723389649078544 0.302968300806862 2.25241211939025
0.723389649078544 0.302968300806862 2.25241211939025
0.723389649078544 0.302968300806862 2.25241211939025
0.723389649078544 0.302968300806862 2.25241211939025
-0.0657961549018036 1.32259861068291 1.58439883567781
-0.0657961549018036 1.32259861068291 1.58439883567781
-0.0657961549018036 1.32259861068291 1.58439883567781
-0.827267226616017 1.39460326845154 1.24712559327299
-1.18024010857552 0.556533351862098 0.811699180061318
-1.18024010857552 0.556533351862098 0.811699180061318
-0.385657504621877 1.09662792585752 0.642633443237246
-0.27652487288161 0.147206102084798 0.84148069643253
-0.27652487288161 0.147206102084798 0.84148069643253
-0.397744737163966 1.14907999411783 0.654828094512245
0.364468381533794 0.192071917099872 0.757983929859509
0.15242194008077 0.778430780632991 1.69176064731002
-1.00272898602257 1.19761855068374 1.35804305239427
-1.00272898602257 1.19761855068374 1.35804305239427
-0.221221686757724 1.36016413489273 1.81751759233572
-0.221221686757724 1.36016413489273 1.81751759233572
-0.221221686757724 1.36016413489273 1.81751759233572
0.293348777238466 2.32615313290579 2.1510324509626
0.293348777238466 2.32615313290579 2.1510324509626
0.293348777238466 2.32615313290579 2.1510324509626
