0.426445197972895 0.942808341875562 2.02810839796168
0.405793174811331 0.138635591448229 2.07030806146389
0.405793174811331 0.138635591448229 2.07030806146389
-1.34931652183185 0.0222513719292743 1.04878756604934
-1.11637730110285 -0.099151812991277 0.615081807218918
-1.11637730110285 -0.099151812991277 0.615081807218918
-1.11637730110285 -0.099151812991277 0.615081807218918
-0.783963336143896 0.560188875299436 0.798553507880269
0.155250973682958 0.0619197873811332 0.793295533383604
0.128329989124336 -0.422978485429383 1.10369635855281
0.128329989124336 -0.422978485429383 1.10369635855281
0.128329989124336 -0.422978485429383 1.10369635855281
0.0564802732359833 0.55667948532969 1.34161016533891
0.0564802732359833 0.55667948532969 1.34161016533891
0.0564802732359833 0.55667948532969 1.34161016533891
0.0564802732359833 0.55667948532969 1.34161016533891
0.0564802732359833 0.55667948532969 1.34161016533891
0.0564802732359833 0.55667948532969 1.34161016533891
0.0564802732359833 0.55667948532969 1.34161016533891
1.035635996895 1.16099951611759 1.52790871918819
1.40538223545178 0.388673688791238 2.56217855614036
1.21484581287049 1.5068878515541 2.50192678817731
1.21484581287049 1.5068878515541 2.50192678817731
0.654083448537084 1.53694933831951 2.34856247231694
0.654083448537084 1.53694933831951 2.34856247231694
0.654083448537084 1.53694933831951 2.34856247231694
1.26250731218316 0.317202372567915 2.99134871882674
1.26250731218316 0.317202372567915 2.99134871882674
1.26250731218316 0.317202372567915 2.99134871882674
1.26250731218316 0.317202372567915 2.99134871882674
1.26250731218316 0.317202372567915 2.99134871882674
1.26250731218316 0.317202372567915 2.99134871882674
1.26250731218316 0.317202372567915 2.99134871882674
1.26250731218316 0.317202372567915 2.99134871882674
1.26250731218316 0.317202372567915 2.99134871882674
0.583967118063345 0.0867137633211924 2.01232273403147
0.583967118063345 0.0867137633211924 2.01232273403147
0.583967118063345 0.0867137633211924 2.01232273403147
0.583967118063345 0.0867137633211924 2.01232273403147
0.583967118063345 0.0867137633211924 2.01232273403147
-0.0832117566747285 -0.0506022457373574 2.01611992883393
-0.0832117566747285 -0.0506022457373574 2.01611992883393
-0.0832117566747285 -0.0506022457373574 2.01611992883393
-0.0832117566747285 -0.0506022457373574 2.01611992883393
-0.0832117566747285 -0.0506022457373574 2.01611992883393
-0.0832117566747285 -0.0506022457373574 2.01611992883393
-0.0832117566747285 -0.0506022457373574 2.01611992883393
0.158599021146378 0.101840876871912 2.68852570584525
0.158599021146378 0.101840876871912 2.68852570584525
0.158599021146378 0.101840876871912 2.68852570584525
0.158599021146378 0.101840876871912 2.68852570584525
-0.259362143980577 0.662589855932256 1.72469067128778
-0.259362143980577 0.662589855932256 1.72469067128778
-0.259362143980577 0.662589855932256 1.72469067128778
-0.259362143980577 0.662589855932256 1.72469067128778
-0.259362143980577 0.662589855932256 1.72469067128778
-0.259362143980577 0.662589855932256 1.72469067128778
-0.259362143980577 0.662589855932256 1.72469067128778
-0.859547660274642 -0.333145244075879 0.627190765375726
-0.859547660274642 -0.333145244075879 0.627190765375726
