0.819776934309848 0.575386654243848 2.11945287045438
0.819776934309848 0.575386654243848 2.11945287045438
0.819776934309848 0.575386654243848 2.11945287045438
0.819776934309848 0.575386654243848 2.11945287045438
0.578738578254037 0.529526659048261 2.5641223059273
0.578738578254037 0.529526659048261 2.5641223059273
0.99295032378792 0.490394756025991 2.38590347781697
0.99295032378792 0.490394756025991 2.38590347781697
0.99295032378792 0.490394756025991 2.38590347781697
1.32068080429381 0.537756870427418 2.30546093120721
1.32068080429381 0.537756870427418 2.30546093120721
1.32068080429381 0.537756870427418 2.30546093120721
0.655802381581744 0.00498026965744136 3.1593143785879
0.398420663921921 -0.86136873128564 2.49844435030873
-0.189542023500827 -0.166448808266238 3.06366707149104
-0.189542023500827 -0.166448808266238 3.06366707149104
0.570936951286603 1.75680008041373 3.29039076209809
0.570936951286603 1.75680008041373 3.29039076209809
0.515454010845766 0.87004843074755 3.20056001423935
0.515454010845766 0.87004843074755 3.20056001423935
0.448623910938912 0.0217268444540339 1.08112206123691
1.15915471066666 -0.36632699621953 0.617660184546215
1.86504496308746 0.237210527317987 0.818814532663608
1.86504496308746 0.237210527317987 0.818814532663608
1.86504496308746 0.237210527317987 0.818814532663608
1.2857731131559 0.359695471295359 0.719576970464797
1.2857731131559 0.359695471295359 0.719576970464797
0.372332742732009 0.542848177337233 0.909399172738885
-0.1895110189853 0.742145669168655 0.858962709621355
-0.1895110189853 0.742145669168655 0.858962709621355
-0.1895110189853 0.742145669168655 0.858962709621355
-0.1895110189853 0.742145669168655 0.858962709621355
-0.1895110189853 0.742145669168655 0.858962709621355
-0.1895110189853 0.742145669168655 0.858962709621355
-0.1895110189853 0.742145669168655 0.858962709621355
-0.162968189017496 1.86262313844125 1.64411113324806
0.967196464792527 1.67325436647482 1.5176071586065
0.948235514325374 1.42496736600109 0.73250398541441
0.703698682227472 1.04939052788504 1.17765878322045
0.703698682227472 1.04939052788504 1.17765878322045
1.57823525558405 2.65354230091866 0.92553976416143
1.57823525558405 2.65354230091866 0.92553976416143
1.57823525558405 2.65354230091866 0.92553976416143
1.08267065534725 1.25304717198583 0.901546623086967
0.365887274787281 2.37156280291917 0.89900529315722
0.365887274787281 2.37156280291917 0.89900529315722
-0.539971268742998 0.79601079411992 1.00694951905015
-0.539971268742998 0.79601079411992 1.00694951905015
0.331102450333512 0.0340699148787805 1.03630779124116
0.331102450333512 0.0340699148787805 1.03630779124116
0.0417057463808772 0.876440239415102 1.84760985644229
0.211468883748863 0.601316573568556 1.57619037862368
0.211468883748863 0.601316573568556 1.57619037862368
0.211468883748863 0.601316573568556 1.57619037862368
0.211468883748863 0.601316573568556 1.57619037862368
0.211468883748863 0.601316573568556 1.57619037862368
0.211468883748863 0.601316573568556 1.57619037862368
-0.0751494405819768 0.866672735898113 1.72386155649531
-1.01245377620463 1.75083315037785 2.06846668637667
-1.12381345082701 0.558371683465557 2.39983559213042
