0.0694297727432908 1.92002844561204 1.20082439830728
0.227112139015416 0.97903231455467 2.23063855516936
0.227112139015416 0.97903231455467 2.23063855516936
0.227112139015416 0.97903231455467 2.23063855516936
0.227112139015416 0.97903231455467 2.23063855516936
0.227112139015416 0.97903231455467 2.23063855516936
0.227112139015416 0.97903231455467 2.23063855516936
0.227112139015416 0.97903231455467 2.23063855516936
-0.0268121572994458 0.859051745135717 1.89176477170786
-0.0268121572994458 0.859051745135717 1.89176477170786
-0.0268121572994458 0.859051745135717 1.89176477170786
-0.0268121572994458 0.859051745135717 1.89176477170786
-0.0268121572994458 0.859051745135717 1.89176477170786
-0.0268121572994458 0.859051745135717 1.89176477170786
-0.0268121572994458 0.859051745135717 1.89176477170786
-0.0268121572994458 0.859051745135717 1.89176477170786
-0.0268121572994458 0.859051745135717 1.89176477170786
-0.0268121572994458 0.859051745135717 1.89176477170786
-0.0268121572994458 0.859051745135717 1.89176477170786
-0.0268121572994458 0.859051745135717 1.89176477170786
1.30455531581796 0.491107376243898 2.86170258214425
1.30455531581796 0.491107376243898 2.86170258214425
1.30455531581796 0.491107376243898 2.86170258214425
1.30455531581796 0.491107376243898 2.86170258214425
1.30455531581796 0.491107376243898 2.86170258214425
1.30455531581796 0.491107376243898 2.86170258214425
0.09987224613428 1.66416178671023 2.11970348985855
0.09987224613428 1.66416178671023 2.11970348985855
0.541085393783425 1.98115268756456 2.32383796043391
0.541085393783425 1.98115268756456 2.32383796043391
0.541085393783425 1.98115268756456 2.32383796043391
0.866289606408623 1.54906571768695 2.7596052425547
0.866289606408623 1.54906571768695 2.7596052425547
0.678110855504937 1.67458351333311 2.06401726990428
0.678110855504937 1.67458351333311 2.06401726990428
0.433593893855273 1.63336172090112 1.84651255529618
0.433593893855273 1.63336172090112 1.84651255529618
0.433593893855273 1.63336172090112 1.84651255529618
0.433593893855273 1.63336172090112 1.84651255529618
0.433593893855273 1.63336172090112 1.84651255529618
0.218220963077499 0.868679390027 2.09703940956023
1.28028550241355 1.28240327069625 1.37025588991767
1.28028550241355 1.28240327069625 1.37025588991767
1.39357649192318 1.55897035982016 1.22388046153895
1.39357649192318 1.55897035982016 1.22388046153895
1.54267080039839 1.49438437416885 2.17224530107047
1.54267080039839 1.49438437416885 2.17224530107047
1.54267080039839 1.49438437416885 2.17224530107047
0.977129568808978 0.187356469355304 2.37176178874219
-0.0481031140047768 -0.0488038619252555 1.99560851646497
-0.0481031140047768 -0.0488038619252555 1.99560851646497
0.4679548582994 0.190579737790135 1.18619415945348
0.4679548582994 0.190579737790135 1.18619415945348
0.4679548582994 0.190579737790135 1.18619415945348
0.4679548582994 0.190579737790135 1.18619415945348
0.4679548582994 0.190579737790135 1.18619415945348
0.4679548582994 0.190579737790135 1.18619415945348
0.4679548582994 0.190579737790135 1.18619415945348
0.4679548582994 0.190579737790135 1.18619415945348
0.4679548582994 0.190579737790135 1.18619415945348
