0.126051116283054 1.48669374558991 2.00191192612951
0.957898217024468 1.44734555263951 2.91188564552107
0.957898217024468 1.44734555263951 2.91188564552107
1.32395337238722 0.415590451951683 1.80032661535254
1.32395337238722 0.415590451951683 1.80032661535254
1.32395337238722 0.415590451951683 1.80032661535254
1.32395337238722 0.415590451951683 1.80032661535254
1.23130278535023 -0.384520146455134 2.20210883555895
1.16844807736525 -0.955280485648295 3.16239148038764
1.16844807736525 -0.955280485648295 3.16239148038764
1.16844807736525 -0.955280485648295 3.16239148038764
1.16844807736525 -0.955280485648295 3.16239148038764
1.16844807736525 -0.955280485648295 3.16239148038764
0.394287165458854 -0.874982020171791 3.24274046077656
0.394287165458854 -0.874982020171791 3.24274046077656
1.35051766523906 -0.584772550486965 2.86375320669698
1.80686856224274 1.13488855788021 3.18701980184824
1.80686856224274 1.13488855788021 3.18701980184824
1.80686856224274 1.13488855788021 3.18701980184824
0.0799686880605732 1.13365933052802 3.25261245781031
-0.15234830603048 0.573995943958125 1.42130976349898
-0.15234830603048 0.573995943958125 1.42130976349898
-0.15234830603048 0.573995943958125 1.42130976349898
0.615176690049747 0.791978339285308 2.63883523617173
0.615176690049747 0.791978339285308 2.63883523617173
0.615176690049747 0.791978339285308 2.63883523617173
0.615176690049747 0.791978339285308 2.63883523617173
0.615176690049747 0.791978339285308 2.63883523617173
0.615176690049747 0.791978339285308 2.63883523617173
0.615176690049747 0.791978339285308 2.63883523617173
0.615176690049747 0.791978339285308 2.63883523617173
0.615176690049747 0.791978339285308 2.63883523617173
0.615176690049747 0.791978339285308 2.63883523617173
0.615176690049747 0.791978339285308 2.63883523617173
0.615176690049747 0.791978339285308 2.63883523617173
0.615176690049747 0.791978339285308 2.63883523617173
0.615176690049747 0.791978339285308 2.63883523617173
0.615176690049747 0.791978339285308 2.63883523617173
0.615176690049747 0.791978339285308 2.63883523617173
0.615176690049747 0.791978339285308 2.63883523617173
1.50191047685117 -0.48698907477203 1.8771658217522
1.50191047685117 -0.48698907477203 1.8771658217522
1.50191047685117 -0.48698907477203 1.8771658217522
1.50191047685117 -0.48698907477203 1.8771658217522
-1.36537099568808 -0.235166081904864 2.08538158389167
-1.36537099568808 -0.235166081904864 2.08538158389167
-1.36537099568808 -0.235166081904864 2.08538158389167
-1.36537099568808 -0.235166081904864 2.08538158389167
-1.36537099568808 -0.235166081904864 2.08538158389167
-1.36537099568808 -0.235166081904864 2.08538158389167
-1.36537099568808 -0.235166081904864 2.08538158389167
-1.36537099568808 -0.235166081904864 2.08538158389167
-1.36537099568808 -0.235166081904864 2.08538158389167
-0.4808661752742 -0.0117637097770213 2.12862740288357
-0.4808661752742 -0.0117637097770213 2.12862740288357
-0.4808661752742 -0.0117637097770213 2.12862740288357
-0.4808661752742 -0.0117637097770213 2.12862740288357
-0.4808661752742 -0.0117637097770213 2.12862740288357
-0.615544277408392 0.100487723871835 1.71711714300305
-0.615544277408392 0.100487723871835 1.71711714300305
