1.02965450246895 2.30917979016088 2.05996307787323
1.02965450246895 2.30917979016088 2.05996307787323
-0.833400207924425 1.80863212252077 2.2761791286588
1.70072892322876 1.02391409902677 2.41876595740491
1.70072892322876 1.02391409902677 2.41876595740491
1.70072892322876 1.02391409902677 2.41876595740491
1.2653569271016 0.80255041698463 2.11230175892621
0.220395639451588 1.11008177343007 1.55869985675493
0.220395639451588 1.11008177343007 1.55869985675493
1.32667620060564 1.47284156223298 1.78250564097497
1.32667620060564 1.47284156223298 1.78250564097497
1.32667620060564 1.47284156223298 1.78250564097497
1.32667620060564 1.47284156223298 1.78250564097497
1.32667620060564 1.47284156223298 1.78250564097497
1.32667620060564 1.47284156223298 1.78250564097497
0.311079687239582 1.61406591916949 2.45223047734508
0.311079687239582 1.61406591916949 2.45223047734508
0.631562400009988 1.30661470001036 1.94009658366772
0.631562400009988 1.30661470001036 1.94009658366772
-0.55749076596746 0.825899473688905 1.12984816969677
0.738474662570774 0.694393747666078 2.1686339219272
0.738474662570774 0.694393747666078 2.1686339219272
0.738474662570774 0.694393747666078 2.1686339219272
0.738474662570774 0.694393747666078 2.1686339219272
0.114025755977603 0.364216681197289 1.79857493649579
0.941523186268534 0.629137597821337 1.68765266202446
0.941523186268534 0.629137597821337 1.68765266202446
0.941523186268534 0.629137597821337 1.68765266202446
0.941523186268534 0.629137597821337 1.68765266202446
0.941523186268534 0.629137597821337 1.68765266202446
0.941523186268534 0.629137597821337 1.68765266202446
0.941523186268534 0.629137597821337 1.68765266202446
1.00994276469445 0.445883196994072 1.77190579503466
1.00994276469445 0.445883196994072 1.77190579503466
1.00994276469445 0.445883196994072 1.77190579503466
0.425432008382612 -0.0267387568343729 1.68396331530267
0.425432008382612 -0.0267387568343729 1.68396331530267
0.425432008382612 -0.0267387568343729 1.68396331530267
0.425432008382612 -0.0267387568343729 1.68396331530267
0.425432008382612 -0.0267387568343729 1.68396331530267
-1.46201145800482 1.21152474536642 1.78015829835269
-1.05958654810042 1.3233403153364 1.96971928719621
-0.72143652675449 1.23302085202898 1.6314730122063
-0.72143652675449 1.23302085202898 1.6314730122063
-0.38448276291787 1.33159475670173 0.884633411708825
-0.38448276291787 1.33159475670173 0.884633411708825
-0.38448276291787 1.33159475670173 0.884633411708825
-0.327347654406475 1.55800258284484 1.95835562712468
0.179193705205708 0.407595830079206 2.06034740689629
-0.381198458249614 1.4867327431101 3.5690172700097
-0.381198458249614 1.4867327431101 3.5690172700097
-0.381198458249614 1.4867327431101 3.5690172700097
-0.381198458249614 1.4867327431101 3.5690172700097
-0.381198458249614 1.4867327431101 3.5690172700097
-0.381198458249614 1.4867327431101 3.5690172700097
-0.381198458249614 1.4867327431101 3.5690172700097
-0.381198458249614 1.4867327431101 3.5690172700097
-0.381198458249614 1.4867327431101 3.5690172700097
-0.822201399056518 -0.137327869949102 3.56726470086486
-0.822201399056518 -0.137327869949102 3.56726470086486
