0.73566786866755 1.63721363269296 2.00850169016752
0.73566786866755 1.63721363269296 2.00850169016752
0.73566786866755 1.63721363269296 2.00850169016752
-0.149987546911817 1.75621498322776 1.56806371191307
-0.149987546911817 1.75621498322776 1.56806371191307
0.664715352306902 1.56122621102849 2.18737103432218
0.664715352306902 1.56122621102849 2.18737103432218
0.664715352306902 1.56122621102849 2.18737103432218
-0.339578751988907 1.2767424953102 1.35935585851783
-0.339578751988907 1.2767424953102 1.35935585851783
-0.339578751988907 1.2767424953102 1.35935585851783
-0.339578751988907 1.2767424953102 1.35935585851783
-0.339578751988907 1.2767424953102 1.35935585851783
-0.339578751988907 1.2767424953102 1.35935585851783
-2.08875037292255 1.03032076276913 1.51282715310097
-1.10074944641498 1.07290722877432 0.881694549489538
-1.10074944641498 1.07290722877432 0.881694549489538
-1.10074944641498 1.07290722877432 0.881694549489538
-1.10074944641498 1.07290722877432 0.881694549489538
-1.10074944641498 1.07290722877432 0.881694549489538
1.33186073809984 0.106392209272644 1.10151272867662
1.30924888966896 0.291832266252089 1.58632699131213
1.30924888966896 0.291832266252089 1.58632699131213
1.30924888966896 0.291832266252089 1.58632699131213
1.30924888966896 0.291832266252089 1.58632699131213
1.30924888966896 0.291832266252089 1.58632699131213
-0.00459349493869521 0.682106532314118 1.87453690005342
-0.00459349493869521 0.682106532314118 1.87453690005342
-0.14988203039084 -0.088153812084618 1.50639114972298
-0.327945340228497 0.748316062771864 1.85874087502487
-0.327945340228497 0.748316062771864 1.85874087502487
-0.364896160645849 0.518189667005062 2.46667726176123
-0.14498292250642 0.957456775616783 1.95060050834996
0.0413884643438896 1.63361029681476 1.68427561407387
0.98682457484251 0.849459729330351 1.60584056302808
0.98682457484251 0.849459729330351 1.60584056302808
0.98682457484251 0.849459729330351 1.60584056302808
0.91595796624846 0.643517253106558 1.02288055242997
0.90053091945445 0.513654879363823 1.71976625917422
0.384680152127027 0.291416420057522 1.76321299174158
0.0212669424159364 2.47743332996155 0.55270996716078
0.0212669424159364 2.47743332996155 0.55270996716078
0.0212669424159364 2.47743332996155 0.55270996716078
-1.085678935912 2.59549411803813 0.883836958167003
-0.0348147369587155 1.95903431346503 0.775314221014297
-0.0348147369587155 1.95903431346503 0.775314221014297
0.494019453806227 2.03779280650915 1.15894364559889
0.494019453806227 2.03779280650915 1.15894364559889
0.494019453806227 2.03779280650915 1.15894364559889
0.494019453806227 2.03779280650915 1.15894364559889
0.494019453806227 2.03779280650915 1.15894364559889
1.23109983379648 1.90112305268994 1.31987848897486
0.231009233377967 1.98479782853593 0.736341564363511
0.231009233377967 1.98479782853593 0.736341564363511
0.167218735477474 1.58173087574466 0.79042137337594
1.09421863242422 1.83546968702365 1.4785994015308
1.09421863242422 1.83546968702365 1.4785994015308
1.09421863242422 1.83546968702365 1.4785994015308
0.440277098540395 1.12794724075965 1.75400361872502
0.440277098540395 1.12794724075965 1.75400361872502
