0.147020414630016 0.899817260503422 2.58299146308763
0.147020414630016 0.899817260503422 2.58299146308763
0.147020414630016 0.899817260503422 2.58299146308763
0.147020414630016 0.899817260503422 2.58299146308763
0.147020414630016 0.899817260503422 2.58299146308763
0.147020414630016 0.899817260503422 2.58299146308763
0.147020414630016 0.899817260503422 2.58299146308763
0.147020414630016 0.899817260503422 2.58299146308763
2.63048236068534 1.43057363311305 2.35210773269779
2.63048236068534 1.43057363311305 2.35210773269779
2.60829061844719 1.52922513403483 2.63012270087834
2.60829061844719 1.52922513403483 2.63012270087834
2.19211012128848 1.36915913496875 2.56468723895117
1.81738993075827 -0.288199153412151 1.57969929995159
1.81738993075827 -0.288199153412151 1.57969929995159
1.81738993075827 -0.288199153412151 1.57969929995159
1.81738993075827 -0.288199153412151 1.57969929995159
1.26429902843066 0.226374407340428 1.49176346382891
1.26429902843066 0.226374407340428 1.49176346382891
0.375085645224613 0.674241332832673 2.06505191499785
-0.763034818088014 0.59852833631654 1.34472627848238
-0.763034818088014 0.59852833631654 1.34472627848238
-0.763034818088014 0.59852833631654 1.34472627848238
-0.545474816125319 -0.251091073999929 1.2085542511338
-0.545474816125319 -0.251091073999929 1.2085542511338
-0.448126001173984 -0.273939214381435 1.22205906465699
0.110867178947085 -0.190224897472961 1.21289917774525
0.934368701719339 0.68989243360696 1.84528729838961
0.934368701719339 0.68989243360696 1.84528729838961
0.450578080426121 0.190780243553271 1.40351115768155
0.450578080426121 0.190780243553271 1.40351115768155
0.481060379313638 1.0287407435346 1.55420319325474
0.481060379313638 1.0287407435346 1.55420319325474
0.481060379313638 1.0287407435346 1.55420319325474
0.481060379313638 1.0287407435346 1.55420319325474
0.481060379313638 1.0287407435346 1.55420319325474
0.481060379313638 1.0287407435346 1.55420319325474
0.481060379313638 1.0287407435346 1.55420319325474
0.481060379313638 1.0287407435346 1.55420319325474
0.481060379313638 1.0287407435346 1.55420319325474
0.393448240932629 -0.88112219799461 1.21870088684076
0.393448240932629 -0.88112219799461 1.21870088684076
0.393448240932629 -0.88112219799461 1.21870088684076
-0.497376732058066 -0.997467191633184 1.13370999805956
0.00353802970207362 -1.09825903000329 1.31691123403247
-0.15860273078346 -0.274746161076808 0.97937416636938
-0.82099095484411 -0.599805846065877 1.445247133727
-0.82099095484411 -0.599805846065877 1.445247133727
-0.808751554920027 -0.0890981194169421 2.51401630943431
1.3571202008313 0.92143858813354 2.13900811276696
1.3571202008313 0.92143858813354 2.13900811276696
1.55892592543666 0.596762290040429 1.69835602785163
2.39985991050026 0.00182893635208969 1.80933182182362
2.39985991050026 0.00182893635208969 1.80933182182362
2.39985991050026 0.00182893635208969 1.80933182182362
2.39985991050026 0.00182893635208969 1.80933182182362
2.39985991050026 0.00182893635208969 1.80933182182362
2.39985991050026 0.00182893635208969 1.80933182182362
1.37095812923344 -0.17589428201531 1.91677090697174
-0.397284407962355 0.431941733195509 3.00346872626157
