0.3445357453542 1.82757633853784 1.4036172388026
0.00963016163910596 1.68199242299754 1.34237565033348
0.00963016163910596 1.68199242299754 1.34237565033348
-0.294764483537655 1.38974483211882 0.828959403335685
-0.294764483537655 1.38974483211882 0.828959403335685
-0.294764483537655 1.38974483211882 0.828959403335685
-0.294764483537655 1.38974483211882 0.828959403335685
-0.294764483537655 1.38974483211882 0.828959403335685
-0.294764483537655 1.38974483211882 0.828959403335685
-0.294764483537655 1.38974483211882 0.828959403335685
-0.294764483537655 1.38974483211882 0.828959403335685
-0.294764483537655 1.38974483211882 0.828959403335685
-0.294764483537655 1.38974483211882 0.828959403335685
-0.294764483537655 1.38974483211882 0.828959403335685
-0.294764483537655 1.38974483211882 0.828959403335685
-0.0302441259062976 1.4649547343561 1.28735745563433
-0.333861676627806 1.28351004160895 1.00765384285817
-0.333861676627806 1.28351004160895 1.00765384285817
0.219439131335278 1.25226137567728 1.2695276756621
0.219439131335278 1.25226137567728 1.2695276756621
-0.0746344481309825 1.47232123829834 0.980107802173042
-0.0746344481309825 1.47232123829834 0.980107802173042
-0.0746344481309825 1.47232123829834 0.980107802173042
-0.328929096502928 0.96985365306577 1.0359684173978
-0.532087907551458 1.45761691460845 1.02830197893394
-0.532087907551458 1.45761691460845 1.02830197893394
-0.176859383504463 1.27907426407791 0.504975654945296
-0.460256784380975 1.29211239063189 0.803294221735413
-0.173140220189839 1.35754920760689 0.925186681420703
-0.173140220189839 1.35754920760689 0.925186681420703
-0.173140220189839 1.35754920760689 0.925186681420703
-0.173140220189839 1.35754920760689 0.925186681420703
-0.173140220189839 1.35754920760689 0.925186681420703
-0.173140220189839 1.35754920760689 0.925186681420703
-0.173140220189839 1.35754920760689 0.925186681420703
-0.173140220189839 1.35754920760689 0.925186681420703
-0.173140220189839 1.35754920760689 0.925186681420703
-0.173140220189839 1.35754920760689 0.925186681420703
-0.173140220189839 1.35754920760689 0.925186681420703
-0.173140220189839 1.35754920760689 0.925186681420703
0.193400240172618 1.5157151349766 1.70653755008717
0.193400240172618 1.5157151349766 1.70653755008717
0.193400240172618 1.5157151349766 1.70653755008717
0.193400240172618 1.5157151349766 1.70653755008717
0.72656928925609 1.82125173918193 1.84677807414202
0.72656928925609 1.82125173918193 1.84677807414202
-0.0167557291770613 1.63665554064705 2.4677678788044
0.688439350108972 2.285453835554 2.4163929680131
0.688439350108972 2.285453835554 2.4163929680131
0.86803523318357 2.20226231879012 2.08674490541244
0.86803523318357 2.20226231879012 2.08674490541244
0.709333996070775 2.11626831645035 2.0182086435654
0.709333996070775 2.11626831645035 2.0182086435654
0.709333996070775 2.11626831645035 2.0182086435654
0.709333996070775 2.11626831645035 2.0182086435654
0.709333996070775 2.11626831645035 2.0182086435654
0.605080488611893 1.96626115230767 1.57393092230175
0.605080488611893 1.96626115230767 1.57393092230175
0.24602203610508 1.34944371231808 2.11034664677081
0.300633660898248 1.87229041155027 1.87526806410972
