0.961032629490019 1.07413669483404 1.51668746724102
1.22166882673474 1.6033705671585 0.597784276534073
1.72625455415994 0.773865230365116 2.11033747635246
1.64032815351181 0.787167315901463 2.48693610368465
1.51957481909438 0.344384252523549 3.42794260890626
0.71878445957143 0.219133889446739 3.49667698713801
0.71878445957143 0.219133889446739 3.49667698713801
1.35634451351188 0.615356743565607 3.15482153812166
1.35634451351188 0.615356743565607 3.15482153812166
0.83590721575359 0.61803840855584 3.5127512125605
0.83590721575359 0.61803840855584 3.5127512125605
0.83590721575359 0.61803840855584 3.5127512125605
1.4727856717377 1.40381764508738 3.10919112450476
0.498447708403703 1.27253142875376 2.77126679511128
0.583471229637881 1.26552190992175 2.71511131808848
-0.373972346099711 1.26034065858981 2.21011490649566
-0.373972346099711 1.26034065858981 2.21011490649566
-0.333359852577553 0.232450215881544 2.71773037945743
0.555122674186464 0.734648057830239 1.41132201029964
0.515225226808673 0.244085869462635 2.76814414549798
0.0557720691597627 1.04332741899818 1.07333338997305
0.460888257586837 0.850259898269594 1.43052859047554
0.460888257586837 0.850259898269594 1.43052859047554
0.176617915448688 0.238301624128958 0.758349543780055
-0.155805551806912 0.339111030643695 1.25120421627482
-0.155805551806912 0.339111030643695 1.25120421627482
-0.155805551806912 0.339111030643695 1.25120421627482
-0.155805551806912 0.339111030643695 1.25120421627482
-0.155805551806912 0.339111030643695 1.25120421627482
-0.155805551806912 0.339111030643695 1.25120421627482
-0.314237514335396 -0.238968993963057 1.97019065667898
-0.314237514335396 -0.238968993963057 1.97019065667898
-0.314237514335396 -0.238968993963057 1.97019065667898
0.986552200924445 0.767152876428971 1.31945025861308
1.1943205378696 1.05233364617041 0.9408442207009
1.1943205378696 1.05233364617041 0.9408442207009
1.28549899272948 1.1482527604864 1.26906772039064
0.739824917612348 2.02460797601328 0.994759432828275
0.739824917612348 2.02460797601328 0.994759432828275
1.02400975397895 1.71786102532248 1.37175975591219
1.23516403307066 2.32303771721593 0.343264344993231
1.23516403307066 2.32303771721593 0.343264344993231
1.23516403307066 2.32303771721593 0.343264344993231
0.793452216506737 1.41602134162036 0.899097984390023
0.612065907721666 1.88194401716929 1.26987576253036
0.525237693944999 1.90660028443434 1.33927706372144
0.525237693944999 1.90660028443434 1.33927706372144
0.525237693944999 1.90660028443434 1.33927706372144
0.760903232257525 2.09605146550679 0.96334367301074
0.197412566196186 2.60230812641816 1.20433292064967
0.197412566196186 2.60230812641816 1.20433292064967
-0.97448434869853 2.28551523929641 1.54515907161446
-0.97448434869853 2.28551523929641 1.54515907161446
-0.487783929929535 2.57833257613089 1.49050936746654
-0.487783929929535 2.57833257613089 1.49050936746654
-0.282522812300912 2.08608068232682 2.19777295149258
-0.282522812300912 2.08608068232682 2.19777295149258
-0.355354348570271 2.40243054639818 1.30386995645291
-0.355354348570271 2.40243054639818 1.30386995645291
-0.587609025804959 0.750043097323543 1.11170064033246
