0.760353997410948 0.745162096475072 3.09631747876453
0.785958111944733 0.287679379496923 2.66959528911025
0.785958111944733 0.287679379496923 2.66959528911025
0.785958111944733 0.287679379496923 2.66959528911025
0.107438693416942 -0.437600761651328 2.00331625943261
0.0982127842844382 -0.853254667810916 1.93266977074797
0.270391175699694 -0.569143620274543 1.41591198438322
-0.220083258200668 -0.538250553421617 1.08274415266819
-0.377991647520727 -0.321045386151306 1.31089192744342
-0.852598388791923 0.940778396522379 2.43717889367765
-0.852598388791923 0.940778396522379 2.43717889367765
0.0736594921902199 1.89611730525032 2.7067846501754
0.0736594921902199 1.89611730525032 2.7067846501754
0.0736594921902199 1.89611730525032 2.7067846501754
0.0736594921902199 1.89611730525032 2.7067846501754
0.0736594921902199 1.89611730525032 2.7067846501754
1.07344450585216 1.60004345902362 2.09329714389666
-0.131925845251903 0.942336106676414 0.84538077526609
0.413474544680412 1.46924930482863 1.6416929014438
0.413474544680412 1.46924930482863 1.6416929014438
-0.279375551522644 0.732024041849031 0.500644400354301
-0.279375551522644 0.732024041849031 0.500644400354301
-0.279375551522644 0.732024041849031 0.500644400354301
-0.279375551522644 0.732024041849031 0.500644400354301
-0.171228995782199 0.927866097016307 1.10099126077237
-0.171228995782199 0.927866097016307 1.10099126077237
1.3450238161544 0.85252249958816 1.06232348612547
-0.139543397565993 -0.268212012361749 0.549507945640832
-0.139543397565993 -0.268212012361749 0.549507945640832
0.247553756414571 -0.281814167730094 0.314185153603836
0.247553756414571 -0.281814167730094 0.314185153603836
0.322874023394891 0.213864663339654 0.456773440593772
0.322874023394891 0.213864663339654 0.456773440593772
1.24031878854076 1.3455175792216 1.92395781621785
1.24031878854076 1.3455175792216 1.92395781621785
1.24031878854076 1.3455175792216 1.92395781621785
0.273652146625253 0.886796286299112 1.68082014193
0.273652146625253 0.886796286299112 1.68082014193
0.273652146625253 0.886796286299112 1.68082014193
1.40018174133434 1.13124894322669 2.54055884992268
0.0124143922288364 0.634216130530014 0.868048506701743
0.0124143922288364 0.634216130530014 0.868048506701743
1.21678818861097 1.46714665462024 1.8772953270124
0.126737193144965 0.909485079465798 1.11254121528805
0.0337572667848119 1.28021581690169 1.8348200057037
0.0337572667848119 1.28021581690169 1.8348200057037
0.0337572667848119 1.28021581690169 1.8348200057037
0.0337572667848119 1.28021581690169 1.8348200057037
-1.4926467410416 1.825954895039 2.16532544691988
-1.4926467410416 1.825954895039 2.16532544691988
-1.4926467410416 1.825954895039 2.16532544691988
-0.735205220910563 2.04569011821447 1.96616420574574
-0.735205220910563 2.04569011821447 1.96616420574574
-0.735205220910563 2.04569011821447 1.96616420574574
-0.83441824203631 2.05106569109139 2.74325805382346
-1.56321755572807 0.313536774742542 2.24600234392904
-0.11211635773271 0.167937706733623 2.75489477107976
-0.465552587933678 -1.3412328535612 2.26031116052443
-0.465552587933678 -1.3412328535612 2.26031116052443
0.305681757182739 -1.19158331422606 2.76091071370855
