0.721487878287962 1.63879234261386 2.9892570147857
0.721487878287962 1.63879234261386 2.9892570147857
0.721487878287962 1.63879234261386 2.9892570147857
0.721487878287962 1.63879234261386 2.9892570147857
-0.217166284162675 0.0143567796507074 2.69751859072243
-0.87099177794361 0.75279750992187 2.62534103092753
-0.87099177794361 0.75279750992187 2.62534103092753
-0.87099177794361 0.75279750992187 2.62534103092753
-0.87099177794361 0.75279750992187 2.62534103092753
-0.7570985494669 -0.0272477107302721 1.20489289731736
-0.886398799801998 0.728586161970423 1.27212122906398
-1.08594515094331 1.819835431729 1.23242503299022
-1.08594515094331 1.819835431729 1.23242503299022
0.431275726026752 3.22881012531851 1.72670816529585
0.431275726026752 3.22881012531851 1.72670816529585
0.480500635432017 2.80738300539683 1.68297431051602
0.480500635432017 2.80738300539683 1.68297431051602
0.480500635432017 2.80738300539683 1.68297431051602
0.480500635432017 2.80738300539683 1.68297431051602
0.480500635432017 2.80738300539683 1.68297431051602
1.00475263336947 0.457963072801372 1.22092228521515
1.00475263336947 0.457963072801372 1.22092228521515
1.00475263336947 0.457963072801372 1.22092228521515
0.0676843955162202 0.194927597066862 0.702970749700132
1.14411638175859 0.560865347380172 1.33874923030569
1.14411638175859 0.560865347380172 1.33874923030569
1.14411638175859 0.560865347380172 1.33874923030569
1.00445486649776 -0.0353855005932392 1.40618293784566
1.00445486649776 -0.0353855005932392 1.40618293784566
0.0402475260665356 0.425780743895495 0.83703164450205
0.0402475260665356 0.425780743895495 0.83703164450205
0.0402475260665356 0.425780743895495 0.83703164450205
0.0402475260665356 0.425780743895495 0.83703164450205
0.0402475260665356 0.425780743895495 0.83703164450205
0.0402475260665356 0.425780743895495 0.83703164450205
0.0402475260665356 0.425780743895495 0.83703164450205
0.370721930654654 0.316779317239707 1.50181552910833
0.370721930654654 0.316779317239707 1.50181552910833
0.370721930654654 0.316779317239707 1.50181552910833
0.370721930654654 0.316779317239707 1.50181552910833
0.328077572526014 -0.0808989788635558 0.772815465764588
0.328077572526014 -0.0808989788635558 0.772815465764588
0.328077572526014 -0.0808989788635558 0.772815465764588
0.890350949812084 0.84978533883357 1.06013883327172
0.890350949812084 0.84978533883357 1.06013883327172
0.890350949812084 0.84978533883357 1.06013883327172
0.890350949812084 0.84978533883357 1.06013883327172
0.890350949812084 0.84978533883357 1.06013883327172
0.890350949812084 0.84978533883357 1.06013883327172
1.45122893021763 0.415573650437235 1.46069470935513
1.71369162721843 1.47199840066209 1.29008741608498
1.71369162721843 1.47199840066209 1.29008741608498
2.02546907972769 1.32019659644629 2.02647768266419
0.833996224459784 1.4027401997116 2.00822432708131
0.48258817534946 1.08302433413968 1.58306653917765
0.48258817534946 1.08302433413968 1.58306653917765
0.48258817534946 1.08302433413968 1.58306653917765
0.48258817534946 1.08302433413968 1.58306653917765
0.48258817534946 1.08302433413968 1.58306653917765
-0.254185303242213 1.64140219094043 1.65250413635651
