0.558965717897275 1.75988855315632 2.47987083039383
0.558965717897275 1.75988855315632 2.47987083039383
0.558965717897275 1.75988855315632 2.47987083039383
0.558965717897275 1.75988855315632 2.47987083039383
-0.134641105367864 1.78345656592731 3.18608584697281
-0.134641105367864 1.78345656592731 3.18608584697281
-0.134641105367864 1.78345656592731 3.18608584697281
-0.134641105367864 1.78345656592731 3.18608584697281
0.919931486893112 1.30957091083481 3.60432092463331
-0.39699050750884 0.711996410505475 3.53041417986957
0.069982836341869 -0.173403288364827 3.06021629650979
0.069982836341869 -0.173403288364827 3.06021629650979
0.09574949530924 0.144699462929293 2.54516023633324
0.09574949530924 0.144699462929293 2.54516023633324
0.09574949530924 0.144699462929293 2.54516023633324
0.09574949530924 0.144699462929293 2.54516023633324
0.09574949530924 0.144699462929293 2.54516023633324
-0.176762427859804 0.0934698074967816 2.37780195165372
-1.10643309372331 0.8627920654959 2.80408473892165
0.537957296806821 -0.122452351824911 2.71383888477323
-0.535232957905644 0.492516972371186 1.81189935198291
-0.535232957905644 0.492516972371186 1.81189935198291
-0.535232957905644 0.492516972371186 1.81189935198291
-0.535232957905644 0.492516972371186 1.81189935198291
-0.535232957905644 0.492516972371186 1.81189935198291
-0.535232957905644 0.492516972371186 1.81189935198291
-0.53978645583474 0.378440848012892 2.59268092081287
0.781391703241115 0.53819685077115 2.74045471238927
0.781391703241115 0.53819685077115 2.74045471238927
0.781391703241115 0.53819685077115 2.74045471238927
0.781391703241115 0.53819685077115 2.74045471238927
0.781391703241115 0.53819685077115 2.74045471238927
0.781391703241115 0.53819685077115 2.74045471238927
0.79203681974755 -0.262257114439919 1.74617697591255
0.79203681974755 -0.262257114439919 1.74617697591255
0.79203681974755 -0.262257114439919 1.74617697591255
0.79203681974755 -0.262257114439919 1.74617697591255
0.79203681974755 -0.262257114439919 1.74617697591255
0.888494049374544 1.31091515196595 1.81760433993383
0.888494049374544 1.31091515196595 1.81760433993383
-0.43664101044055 1.98234420830692 1.28005863153009
-0.43664101044055 1.98234420830692 1.28005863153009
-0.43664101044055 1.98234420830692 1.28005863153009
-0.316031183834652 0.574085129307073 1.08753102483079
-0.317408897237067 0.223782277027073 0.600949687930636
-0.317408897237067 0.223782277027073 0.600949687930636
-0.317408897237067 0.223782277027073 0.600949687930636
-0.317408897237067 0.223782277027073 0.600949687930636
-0.437109301461302 0.117898702638122 0.679064785928759
-0.437109301461302 0.117898702638122 0.679064785928759
-0.437109301461302 0.117898702638122 0.679064785928759
0.00222940696612706 -0.693847350327044 0.316539384153123
-0.178111397205982 -1.13898990833441 0.619933952494178
-0.178111397205982 -1.13898990833441 0.619933952494178
-0.178111397205982 -1.13898990833441 0.619933952494178
-0.178111397205982 -1.13898990833441 0.619933952494178
-0.178111397205982 -1.13898990833441 0.619933952494178
-0.178111397205982 -1.13898990833441 0.619933952494178
-0.539636730613385 -0.744241309839915 1.85326259460685
-0.539636730613385 -0.744241309839915 1.85326259460685
