0.368067378562652 0.527227568541811 2.44940485372694
-0.0940960452623207 0.145122433006659 1.9556572110183
-0.0940960452623207 0.145122433006659 1.9556572110183
-0.0940960452623207 0.145122433006659 1.9556572110183
-0.0940960452623207 0.145122433006659 1.9556572110183
-0.0940960452623207 0.145122433006659 1.9556572110183
0.148912508302013 0.143637991336194 1.42673510117685
0.148912508302013 0.143637991336194 1.42673510117685
-0.160869935186466 -0.811320549061725 1.19667428183561
-1.13504412609933 0.393004704890767 1.45586618948447
-0.938546701489016 -0.415273925217161 1.81807687417486
-0.938546701489016 -0.415273925217161 1.81807687417486
-1.24711333774701 -0.421314348170623 1.18504093499518
-1.24711333774701 -0.421314348170623 1.18504093499518
-0.993351607824889 -0.532387397885296 0.620805222933746
-1.62081121145123 0.700153621422266 0.256917495755481
-1.62081121145123 0.700153621422266 0.256917495755481
-1.62081121145123 0.700153621422266 0.256917495755481
-1.62081121145123 0.700153621422266 0.256917495755481
-1.29281999843831 -0.456006188007825 0.243004471524467
1.02305232479686 0.537587548674665 2.90066012762879
1.02305232479686 0.537587548674665 2.90066012762879
1.02305232479686 0.537587548674665 2.90066012762879
1.02305232479686 0.537587548674665 2.90066012762879
1.02305232479686 0.537587548674665 2.90066012762879
0.667335143588868 0.489250513611994 1.83070546700206
0.667335143588868 0.489250513611994 1.83070546700206
0.802649609240627 1.05732910736111 2.6598799672621
0.802649609240627 1.05732910736111 2.6598799672621
0.802649609240627 1.05732910736111 2.6598799672621
0.802649609240627 1.05732910736111 2.6598799672621
0.802649609240627 1.05732910736111 2.6598799672621
0.802649609240627 1.05732910736111 2.6598799672621
0.802649609240627 1.05732910736111 2.6598799672621
1.00130292180032 0.395574067571639 1.60895390161086
1.00130292180032 0.395574067571639 1.60895390161086
1.00130292180032 0.395574067571639 1.60895390161086
1.00130292180032 0.395574067571639 1.60895390161086
0.743704315506853 0.395041749793271 2.7935943681033
0.743704315506853 0.395041749793271 2.7935943681033
-0.208120492107887 0.797495873190806 2.19944532661622
-0.208120492107887 0.797495873190806 2.19944532661622
-0.208120492107887 0.797495873190806 2.19944532661622
0.273857224045983 -0.283813578020279 1.87469155507346
-0.399128920518219 -0.0908940877539757 1.67012092388292
-0.411524072012768 -0.313991008759264 1.33222924991782
-0.0162344829370829 -0.83090014128779 1.02813978884212
-0.0162344829370829 -0.83090014128779 1.02813978884212
-0.0162344829370829 -0.83090014128779 1.02813978884212
-0.0162344829370829 -0.83090014128779 1.02813978884212
0.176100829192929 -0.0179183736517972 1.98608529900665
0.176100829192929 -0.0179183736517972 1.98608529900665
0.176100829192929 -0.0179183736517972 1.98608529900665
0.176100829192929 -0.0179183736517972 1.98608529900665
0.176100829192929 -0.0179183736517972 1.98608529900665
0.176100829192929 -0.0179183736517972 1.98608529900665
0.176100829192929 -0.0179183736517972 1.98608529900665
0.202919107502315 0.0470333753184829 1.83875231727155
0.202919107502315 0.0470333753184829 1.83875231727155
0.202919107502315 0.0470333753184829 1.83875231727155
