1.43009339796843 1.036108767277 2.76604222860984
1.43009339796843 1.036108767277 2.76604222860984
1.43009339796843 1.036108767277 2.76604222860984
1.43009339796843 1.036108767277 2.76604222860984
1.43009339796843 1.036108767277 2.76604222860984
1.43009339796843 1.036108767277 2.76604222860984
1.43009339796843 1.036108767277 2.76604222860984
1.43009339796843 1.036108767277 2.76604222860984
1.43009339796843 1.036108767277 2.76604222860984
1.43009339796843 1.036108767277 2.76604222860984
0.0978970420249725 0.921929284619723 3.4945889746781
0.0978970420249725 0.921929284619723 3.4945889746781
0.0978970420249725 0.921929284619723 3.4945889746781
0.0978970420249725 0.921929284619723 3.4945889746781
0.0978970420249725 0.921929284619723 3.4945889746781
0.0978970420249725 0.921929284619723 3.4945889746781
0.0978970420249725 0.921929284619723 3.4945889746781
0.0978970420249725 0.921929284619723 3.4945889746781
0.0978970420249725 0.921929284619723 3.4945889746781
0.0978970420249725 0.921929284619723 3.4945889746781
0.0578355219211671 0.265861794743463 2.61778173177393
0.0578355219211671 0.265861794743463 2.61778173177393
0.0578355219211671 0.265861794743463 2.61778173177393
0.0578355219211671 0.265861794743463 2.61778173177393
0.0578355219211671 0.265861794743463 2.61778173177393
0.0578355219211671 0.265861794743463 2.61778173177393
0.0578355219211671 0.265861794743463 2.61778173177393
0.0578355219211671 0.265861794743463 2.61778173177393
0.0578355219211671 0.265861794743463 2.61778173177393
0.0578355219211671 0.265861794743463 2.61778173177393
0.0578355219211671 0.265861794743463 2.61778173177393
0.0578355219211671 0.265861794743463 2.61778173177393
0.0578355219211671 0.265861794743463 2.61778173177393
0.0578355219211671 0.265861794743463 2.61778173177393
0.0578355219211671 0.265861794743463 2.61778173177393
0.078379119994314 0.8643636076716 1.84841510045539
0.599956765824944 0.45767735022709 1.85124560745301
0.599956765824944 0.45767735022709 1.85124560745301
0.599956765824944 0.45767735022709 1.85124560745301
0.599956765824944 0.45767735022709 1.85124560745301
0.668404184978053 2.64627947374061 1.7553427928248
0.668404184978053 2.64627947374061 1.7553427928248
-0.278190986151973 2.14469844888132 2.02563684562569
-0.278190986151973 2.14469844888132 2.02563684562569
-0.278190986151973 2.14469844888132 2.02563684562569
-0.278190986151973 2.14469844888132 2.02563684562569
-0.422469397210757 2.2796602101408 1.23956821858045
-1.47990896774784 1.29939571492804 1.25831132651173
-1.47990896774784 1.29939571492804 1.25831132651173
-1.47990896774784 1.29939571492804 1.25831132651173
-1.47990896774784 1.29939571492804 1.25831132651173
-1.47990896774784 1.29939571492804 1.25831132651173
-1.47990896774784 1.29939571492804 1.25831132651173
-1.47990896774784 1.29939571492804 1.25831132651173
-1.47990896774784 1.29939571492804 1.25831132651173
-1.47990896774784 1.29939571492804 1.25831132651173
-1.47990896774784 1.29939571492804 1.25831132651173
-1.47990896774784 1.29939571492804 1.25831132651173
-1.47990896774784 1.29939571492804 1.25831132651173
-1.47990896774784 1.29939571492804 1.25831132651173
