-0.374206777251279 0.146480226482743 1.38029217185299
0.0189722369994199 -0.255364614071607 1.15703376670833
0.42888554187776 -0.276484324603895 1.1138163987119
0.42888554187776 -0.276484324603895 1.1138163987119
0.42888554187776 -0.276484324603895 1.1138163987119
0.42888554187776 -0.276484324603895 1.1138163987119
0.42888554187776 -0.276484324603895 1.1138163987119
0.42888554187776 -0.276484324603895 1.1138163987119
0.42888554187776 -0.276484324603895 1.1138163987119
0.42888554187776 -0.276484324603895 1.1138163987119
0.601084710097434 0.720532268519116 0.93744267034129
0.561781643256995 1.00548098607672 0.779962838957714
0.561781643256995 1.00548098607672 0.779962838957714
0.511097490497737 2.16717390111531 0.333888330218388
0.511097490497737 2.16717390111531 0.333888330218388
0.511097490497737 2.16717390111531 0.333888330218388
0.511097490497737 2.16717390111531 0.333888330218388
-0.521160002374835 1.68152593077422 1.2938864801838
-0.521160002374835 1.68152593077422 1.2938864801838
-0.521160002374835 1.68152593077422 1.2938864801838
0.80905665565843 1.09965213518048 0.803019560906543
0.80905665565843 1.09965213518048 0.803019560906543
0.882281355331642 1.1566321451663 1.17825406288434
-0.0667654431466814 1.13755445960239 1.0232017384557
-0.0667654431466814 1.13755445960239 1.0232017384557
-0.0667654431466814 1.13755445960239 1.0232017384557
-0.0667654431466814 1.13755445960239 1.0232017384557
-0.0667654431466814 1.13755445960239 1.0232017384557
0.758474906889771 0.583742592125488 0.277208019677866
0.758474906889771 0.583742592125488 0.277208019677866
0.758474906889771 0.583742592125488 0.277208019677866
0.742407225752116 1.44788931865227 0.247828378272636
0.742407225752116 1.44788931865227 0.247828378272636
0.742407225752116 1.44788931865227 0.247828378272636
0.705808723575935 0.558868338280095 1.41470734797364
0.705808723575935 0.558868338280095 1.41470734797364
0.705808723575935 0.558868338280095 1.41470734797364
0.705808723575935 0.558868338280095 1.41470734797364
0.705808723575935 0.558868338280095 1.41470734797364
0.758000594661136 1.01065836522419 1.33863188287815
0.429719546282548 1.29916539336603 0.4590366910809
0.429719546282548 1.29916539336603 0.4590366910809
0.429719546282548 1.29916539336603 0.4590366910809
0.429719546282548 1.29916539336603 0.4590366910809
0.097090699030566 1.39032722049218 1.43404986939444
0.097090699030566 1.39032722049218 1.43404986939444
0.097090699030566 1.39032722049218 1.43404986939444
0.097090699030566 1.39032722049218 1.43404986939444
0.097090699030566 1.39032722049218 1.43404986939444
0.097090699030566 1.39032722049218 1.43404986939444
0.097090699030566 1.39032722049218 1.43404986939444
0.097090699030566 1.39032722049218 1.43404986939444
0.097090699030566 1.39032722049218 1.43404986939444
0.097090699030566 1.39032722049218 1.43404986939444
0.097090699030566 1.39032722049218 1.43404986939444
-0.707140080487425 2.00827238233206 1.95449714942133
-0.707140080487425 2.00827238233206 1.95449714942133
0.157181830980329 1.52399489731877 2.3334758899375
-0.289523848725981 0.777783421994453 1.50988679464103
0.368125048550296 -0.790618936419983 1.76559276184278
