0.279279602085985 0.516449594266573 0.674528009808741
-0.0781770781492162 -0.50945750361024 1.0241889910793
-0.0781770781492162 -0.50945750361024 1.0241889910793
-0.0781770781492162 -0.50945750361024 1.0241889910793
-0.0781770781492162 -0.50945750361024 1.0241889910793
-0.268498031881688 -0.379581351437809 1.44078161331571
0.0447261440432107 0.0270091167635713 0.969399768883777
0.0447261440432107 0.0270091167635713 0.969399768883777
0.0447261440432107 0.0270091167635713 0.969399768883777
1.81632720654609 0.838539834140667 1.9332908028645
2.19889587572594 1.00031413818685 1.97350937587779
2.19889587572594 1.00031413818685 1.97350937587779
2.19889587572594 1.00031413818685 1.97350937587779
2.30187279117488 1.62059609077642 2.42913546028203
2.30187279117488 1.62059609077642 2.42913546028203
2.07571743248187 0.997599934064012 2.27935089726132
2.07571743248187 0.997599934064012 2.27935089726132
1.31120487975897 1.96527952573709 2.99122528628984
-0.291746345615369 1.95806957799337 2.30911511117054
0.123535837410061 1.0046327625172 2.38879918825493
-0.0718420171238594 1.26557885090985 1.27688486948531
-0.760342234981409 0.337564425370026 1.27919040164268
-0.864120371477903 0.422083855972455 1.40736507873315
-0.864120371477903 0.422083855972455 1.40736507873315
0.279182523216348 0.739892472972654 1.61930717177485
0.279182523216348 0.739892472972654 1.61930717177485
0.279182523216348 0.739892472972654 1.61930717177485
0.279182523216348 0.739892472972654 1.61930717177485
0.279182523216348 0.739892472972654 1.61930717177485
0.0703516710533843 -0.473965733637369 1.29042387440789
1.18792653532589 -0.084657815149374 1.00137095069395
0.439129819167058 0.290268075822236 2.29677255261818
0.439129819167058 0.290268075822236 2.29677255261818
0.439129819167058 0.290268075822236 2.29677255261818
0.439129819167058 0.290268075822236 2.29677255261818
0.439129819167058 0.290268075822236 2.29677255261818
0.439129819167058 0.290268075822236 2.29677255261818
0.439129819167058 0.290268075822236 2.29677255261818
0.439129819167058 0.290268075822236 2.29677255261818
0.439129819167058 0.290268075822236 2.29677255261818
0.984848164790321 0.461138782738274 0.969993330899468
0.984848164790321 0.461138782738274 0.969993330899468
0.984848164790321 0.461138782738274 0.969993330899468
0.984848164790321 0.461138782738274 0.969993330899468
0.410853940899767 0.156517457255165 0.94897055822574
0.410853940899767 0.156517457255165 0.94897055822574
0.410853940899767 0.156517457255165 0.94897055822574
0.410853940899767 0.156517457255165 0.94897055822574
0.410853940899767 0.156517457255165 0.94897055822574
1.68972079619497 -0.150515821686896 0.956149754889914
1.68972079619497 -0.150515821686896 0.956149754889914
1.68972079619497 -0.150515821686896 0.956149754889914
1.68972079619497 -0.150515821686896 0.956149754889914
0.892981230390644 0.530616633830184 0.631178320624726
0.892981230390644 0.530616633830184 0.631178320624726
0.892981230390644 0.530616633830184 0.631178320624726
0.892981230390644 0.530616633830184 0.631178320624726
0.892981230390644 0.530616633830184 0.631178320624726
0.892981230390644 0.530616633830184 0.631178320624726
0.550337828989616 0.887441122442847 0.649683027438105
