-0.0838531908011014 0.888550203232268 2.80185280965693
0.0467448383249363 1.30469369296293 2.09247015960544
0.0467448383249363 1.30469369296293 2.09247015960544
0.0467448383249363 1.30469369296293 2.09247015960544
0.0467448383249363 1.30469369296293 2.09247015960544
-0.129135815210795 1.58126210943306 2.78870836593172
-0.129135815210795 1.58126210943306 2.78870836593172
-0.441223965389954 0.595656593198887 2.73008469013061
-0.222318465773071 0.00873287421267932 1.6203251866674
-0.222318465773071 0.00873287421267932 1.6203251866674
-0.222318465773071 0.00873287421267932 1.6203251866674
-0.222318465773071 0.00873287421267932 1.6203251866674
-0.516946068569955 1.05811219026724 1.7941878592271
-0.516946068569955 1.05811219026724 1.7941878592271
-0.789383261181833 0.294661785327748 1.99017531480859
-0.789383261181833 0.294661785327748 1.99017531480859
-0.789383261181833 0.294661785327748 1.99017531480859
-0.0325966155628103 0.858261114432082 2.27574075422245
-0.0325966155628103 0.858261114432082 2.27574075422245
-0.0325966155628103 0.858261114432082 2.27574075422245
0.960101522304107 0.391019421514709 1.76960952914832
0.960101522304107 0.391019421514709 1.76960952914832
0.960101522304107 0.391019421514709 1.76960952914832
0.960101522304107 0.391019421514709 1.76960952914832
0.72341515682233 1.33846788818127 2.22551430838682
0.72341515682233 1.33846788818127 2.22551430838682
0.72341515682233 1.33846788818127 2.22551430838682
0.72341515682233 1.33846788818127 2.22551430838682
0.713497710059704 0.636733147907571 1.30045440481888
0.713497710059704 0.636733147907571 1.30045440481888
0.713497710059704 0.636733147907571 1.30045440481888
0.713497710059704 0.636733147907571 1.30045440481888
0.713497710059704 0.636733147907571 1.30045440481888
0.713497710059704 0.636733147907571 1.30045440481888
0.483481159521631 0.989222072495954 1.80492324896031
0.483481159521631 0.989222072495954 1.80492324896031
0.483481159521631 0.989222072495954 1.80492324896031
0.879525588928715 0.481178884924768 1.77629135938229
0.836645348672651 0.440864803010139 1.60880403450446
0.836645348672651 0.440864803010139 1.60880403450446
-0.228447687699135 2.41613986219422 1.66834779018072
0.440228506767039 1.7490997185702 1.93872899994892
0.440228506767039 1.7490997185702 1.93872899994892
0.440228506767039 1.7490997185702 1.93872899994892
0.440228506767039 1.7490997185702 1.93872899994892
0.440228506767039 1.7490997185702 1.93872899994892
0.440228506767039 1.7490997185702 1.93872899994892
-0.0804737282209129 1.42749929487429 1.61747109973958
-0.0804737282209129 1.42749929487429 1.61747109973958
0.0737169507403644 1.71978599540317 1.50718348163363
0.0737169507403644 1.71978599540317 1.50718348163363
0.0737169507403644 1.71978599540317 1.50718348163363
0.0737169507403644 1.71978599540317 1.50718348163363
0.0737169507403644 1.71978599540317 1.50718348163363
-0.345745790493761 0.888719693118302 1.77791219397113
-0.345745790493761 0.888719693118302 1.77791219397113
-0.345745790493761 0.888719693118302 1.77791219397113
-0.345745790493761 0.888719693118302 1.77791219397113
-0.345745790493761 0.888719693118302 1.77791219397113
-0.345745790493761 0.888719693118302 1.77791219397113
