0.504666848896391 0.468595658107173 1.63233834203375
0.504666848896391 0.468595658107173 1.63233834203375
0.504666848896391 0.468595658107173 1.63233834203375
0.504666848896391 0.468595658107173 1.63233834203375
-0.320084796186008 1.0579355749041 1.74952526116592
-0.320084796186008 1.0579355749041 1.74952526116592
-0.320084796186008 1.0579355749041 1.74952526116592
-0.320084796186008 1.0579355749041 1.74952526116592
0.752260101972692 1.34727453457156 2.202760378952
0.752260101972692 1.34727453457156 2.202760378952
0.752260101972692 1.34727453457156 2.202760378952
0.752260101972692 1.34727453457156 2.202760378952
0.127681393479321 0.453898024796541 2.99432072298335
0.127681393479321 0.453898024796541 2.99432072298335
1.05549607644884 0.360341026823841 2.32068150183087
-0.368356983270193 1.59175272531394 2.78333560295951
-0.368356983270193 1.59175272531394 2.78333560295951
-0.368356983270193 1.59175272531394 2.78333560295951
-0.573533841525048 0.684493469207704 2.74935191739327
-0.573533841525048 0.684493469207704 2.74935191739327
0.590440869252603 -0.0202804055621077 0.764552425296288
0.590440869252603 -0.0202804055621077 0.764552425296288
0.590440869252603 -0.0202804055621077 0.764552425296288
0.606476139879664 -0.150126876431061 1.14183311128815
0.606476139879664 -0.150126876431061 1.14183311128815
-0.0210681238009925 0.62939067690031 1.21829793223496
-0.0210681238009925 0.62939067690031 1.21829793223496
-0.0210681238009925 0.62939067690031 1.21829793223496
-0.0210681238009925 0.62939067690031 1.21829793223496
-0.0210681238009925 0.62939067690031 1.21829793223496
-0.0210681238009925 0.62939067690031 1.21829793223496
-0.0210681238009925 0.62939067690031 1.21829793223496
-0.0210681238009925 0.62939067690031 1.21829793223496
-0.0210681238009925 0.62939067690031 1.21829793223496
-0.0210681238009925 0.62939067690031 1.21829793223496
-0.0210681238009925 0.62939067690031 1.21829793223496
-0.0210681238009925 0.62939067690031 1.21829793223496
-0.0210681238009925 0.62939067690031 1.21829793223496
-0.0210681238009925 0.62939067690031 1.21829793223496
-0.0210681238009925 0.62939067690031 1.21829793223496
1.0038750168984 -1.31089677689152 1.01624114678858
1.0038750168984 -1.31089677689152 1.01624114678858
0.00317551360892199 -0.601294145621557 0.248468045699723
1.15950506494593 0.459490332598565 -0.108306758730188
-1.24381107548396 0.831471553262557 0.191287901061754
-0.372999096251235 1.49428977387434 -0.12577923949417
-0.372999096251235 1.49428977387434 -0.12577923949417
-0.229582675398044 -0.101794408588147 -0.518923838368201
-0.383923409706886 0.377914396375968 0.0577188104936005
-1.17703189139526 0.424831067724182 -0.046953901642727
-1.17703189139526 0.424831067724182 -0.046953901642727
-1.78494159667875 0.355015696334689 0.592255899960939
-1.75127010170798 1.15569771319051 0.775439546192747
-1.52617281854657 1.09983200162061 1.95875649560159
-1.52617281854657 1.09983200162061 1.95875649560159
-1.52617281854657 1.09983200162061 1.95875649560159
-1.52617281854657 1.09983200162061 1.95875649560159
-1.52617281854657 1.09983200162061 1.95875649560159
-0.286075794815312 1.64867191825342 2.14292519455488
-0.286075794815312 1.64867191825342 2.14292519455488
