-0.143838453719854 1.83865130247429 1.14073721205604
-0.143838453719854 1.83865130247429 1.14073721205604
-0.143838453719854 1.83865130247429 1.14073721205604
-0.119407499672129 1.9375691427098 1.48536550805778
-0.119407499672129 1.9375691427098 1.48536550805778
-0.119407499672129 1.9375691427098 1.48536550805778
-0.119407499672129 1.9375691427098 1.48536550805778
-0.735066044853813 1.92237674571081 1.71785067162174
-0.269210423335668 2.11680747070821 2.102190424811
-0.269210423335668 2.11680747070821 2.102190424811
-0.269210423335668 2.11680747070821 2.102190424811
-0.93702168175071 2.26485113079909 1.78056038167556
-0.93702168175071 2.26485113079909 1.78056038167556
-0.93702168175071 2.26485113079909 1.78056038167556
-0.469357666902173 2.89148969215834 0.697588317643888
-0.469357666902173 2.89148969215834 0.697588317643888
-1.27826649534075 1.80224601455981 1.32401413524078
-1.27826649534075 1.80224601455981 1.32401413524078
-1.27826649534075 1.80224601455981 1.32401413524078
-1.27826649534075 1.80224601455981 1.32401413524078
-0.120367814209783 1.80482716703406 1.77200996210434
-0.0162857572487144 1.49200062912625 1.31497554017836
-0.0162857572487144 1.49200062912625 1.31497554017836
-0.0162857572487144 1.49200062912625 1.31497554017836
0.408527025402345 1.03746012142901 1.22786878676817
0.216333430841236 1.01542732451195 0.704320312334756
0.708609724939914 0.538495052652691 0.964797987157939
0.708609724939914 0.538495052652691 0.964797987157939
0.708609724939914 0.538495052652691 0.964797987157939
0.708609724939914 0.538495052652691 0.964797987157939
0.976929241175428 1.32910583817757 0.579282348218437
0.976929241175428 1.32910583817757 0.579282348218437
0.67356007773205 0.94588662389518 0.235824130440449
0.67356007773205 0.94588662389518 0.235824130440449
0.67356007773205 0.94588662389518 0.235824130440449
0.648264120404539 1.09953489605419 0.286082601223333
0.648264120404539 1.09953489605419 0.286082601223333
0.648264120404539 1.09953489605419 0.286082601223333
0.264551832865739 1.52290580385091 1.41549355670688
0.264551832865739 1.52290580385091 1.41549355670688
-0.52865527015925 -0.285023577225695 0.893757359936883
-0.52865527015925 -0.285023577225695 0.893757359936883
-0.730308968410828 -0.0874768211030904 1.82208678973559
-1.21199915496571 -0.614443047081928 1.52465578813012
-0.89669656713507 -0.96485374076341 2.27282272669134
-0.073402671221436 -1.09885686525067 2.20885662910759
-0.073402671221436 -1.09885686525067 2.20885662910759
-0.073402671221436 -1.09885686525067 2.20885662910759
-0.073402671221436 -1.09885686525067 2.20885662910759
-0.0126119789276073 -1.24362390918431 0.713321885949251
-0.0126119789276073 -1.24362390918431 0.713321885949251
-0.0126119789276073 -1.24362390918431 0.713321885949251
-0.0126119789276073 -1.24362390918431 0.713321885949251
-0.173068106705543 -0.5682015967889 1.74009105491631
0.462684466202142 -0.365724035077663 1.12051025289784
0.462684466202142 -0.365724035077663 1.12051025289784
0.462684466202142 -0.365724035077663 1.12051025289784
0.82726205355613 -0.225676872377938 0.685829837263488
0.82726205355613 -0.225676872377938 0.685829837263488
1.2011535425094 -0.53153713689569 0.682106725146653
