0.891518223638765 -0.389906326541078 1.51808319935771
0.891518223638765 -0.389906326541078 1.51808319935771
0.891518223638765 -0.389906326541078 1.51808319935771
0.891518223638765 -0.389906326541078 1.51808319935771
0.891518223638765 -0.389906326541078 1.51808319935771
0.891518223638765 -0.389906326541078 1.51808319935771
0.255892063099915 -0.0599650085448152 2.59060007589996
0.255892063099915 -0.0599650085448152 2.59060007589996
0.255892063099915 -0.0599650085448152 2.59060007589996
0.255892063099915 -0.0599650085448152 2.59060007589996
0.255892063099915 -0.0599650085448152 2.59060007589996
0.255892063099915 -0.0599650085448152 2.59060007589996
0.255892063099915 -0.0599650085448152 2.59060007589996
0.255892063099915 -0.0599650085448152 2.59060007589996
0.255892063099915 -0.0599650085448152 2.59060007589996
-0.445523077087073 -0.136423877174277 1.4461660950857
-0.329902685244217 1.03165213500221 2.20184478244177
-0.397206308490793 1.54526286459849 1.58418815596614
0.282526000167549 1.20424993073346 0.230202478745351
0.570287434741224 0.270462513512273 0.375862805776834
0.415768309963127 0.728264582954321 2.67804403488117
0.415768309963127 0.728264582954321 2.67804403488117
0.415768309963127 0.728264582954321 2.67804403488117
-0.282131983816671 -0.139413995396758 1.78469232088669
-0.61433568447309 -0.206862519106822 1.19193442535622
-0.23458394159145 0.371810628708688 1.24727649863803
-0.23458394159145 0.371810628708688 1.24727649863803
0.148581474133843 0.0853166906470915 1.50630585032194
0.148581474133843 0.0853166906470915 1.50630585032194
0.97278966508077 0.413963850277431 0.415049969954114
0.97278966508077 0.413963850277431 0.415049969954114
0.97278966508077 0.413963850277431 0.415049969954114
0.97278966508077 0.413963850277431 0.415049969954114
0.97278966508077 0.413963850277431 0.415049969954114
0.97278966508077 0.413963850277431 0.415049969954114
0.321622356319897 -0.498424631725613 1.02091636761346
0.613393675380691 0.251616744213507 0.359756483693319
1.08737586842434 1.50159522120236 0.973283364287078
1.3062987958385 1.06917367129852 0.761239771734199
1.3062987958385 1.06917367129852 0.761239771734199
-0.316787034617367 -0.154599864175111 0.782396943838307
-0.316787034617367 -0.154599864175111 0.782396943838307
-0.316787034617367 -0.154599864175111 0.782396943838307
-0.316787034617367 -0.154599864175111 0.782396943838307
-0.316787034617367 -0.154599864175111 0.782396943838307
-0.316787034617367 -0.154599864175111 0.782396943838307
-0.429442640827027 -0.0654019303488036 0.722186926005735
-0.429442640827027 -0.0654019303488036 0.722186926005735
-0.429442640827027 -0.0654019303488036 0.722186926005735
-0.429442640827027 -0.0654019303488036 0.722186926005735
-0.429442640827027 -0.0654019303488036 0.722186926005735
-0.429442640827027 -0.0654019303488036 0.722186926005735
-0.429442640827027 -0.0654019303488036 0.722186926005735
-0.429442640827027 -0.0654019303488036 0.722186926005735
-0.429442640827027 -0.0654019303488036 0.722186926005735
-0.429442640827027 -0.0654019303488036 0.722186926005735
-0.429442640827027 -0.0654019303488036 0.722186926005735
-0.429442640827027 -0.0654019303488036 0.722186926005735
0.267516546006936 1.5205640190034 1.13608823323682
0.267516546006936 1.5205640190034 1.13608823323682
