-0.184665667134826 2.13524908217015 0.9549490131159
0.854715039867683 2.19865931086409 1.04712887322702
0.701516272006202 2.23201703883592 1.21336684263358
0.701516272006202 2.23201703883592 1.21336684263358
0.304819900870197 2.10538248466256 1.36148606825717
0.304819900870197 2.10538248466256 1.36148606825717
0.304819900870197 2.10538248466256 1.36148606825717
0.304819900870197 2.10538248466256 1.36148606825717
0.447669298330858 1.81642242589746 1.34469609468402
0.447669298330858 1.81642242589746 1.34469609468402
-0.621278986032494 1.78875773645211 1.37127574713521
0.212278984036214 1.5300716706213 0.722963830540286
0.212278984036214 1.5300716706213 0.722963830540286
0.212278984036214 1.5300716706213 0.722963830540286
0.212278984036214 1.5300716706213 0.722963830540286
0.212278984036214 1.5300716706213 0.722963830540286
-0.0199686991407377 1.33641407845299 0.727437052347464
-0.0199686991407377 1.33641407845299 0.727437052347464
-0.0199686991407377 1.33641407845299 0.727437052347464
-0.0199686991407377 1.33641407845299 0.727437052347464
0.0295582184892166 1.49816071511955 1.4265666449303
0.259609957662913 1.4699446089176 1.48716263567502
0.999255446741623 1.38969599472421 0.834019250686814
0.999255446741623 1.38969599472421 0.834019250686814
0.999255446741623 1.38969599472421 0.834019250686814
0.999255446741623 1.38969599472421 0.834019250686814
0.143931180220989 1.65230571891628 0.822489851163116
0.143931180220989 1.65230571891628 0.822489851163116
0.580030161857268 1.11490090562054 1.7660961669517
0.580030161857268 1.11490090562054 1.7660961669517
0.13941088764641 0.877427547392574 1.39075882442396
0.13941088764641 0.877427547392574 1.39075882442396
0.13941088764641 0.877427547392574 1.39075882442396
0.13941088764641 0.877427547392574 1.39075882442396
0.13941088764641 0.877427547392574 1.39075882442396
0.13941088764641 0.877427547392574 1.39075882442396
0.13941088764641 0.877427547392574 1.39075882442396
0.13941088764641 0.877427547392574 1.39075882442396
0.13941088764641 0.877427547392574 1.39075882442396
0.243259405636371 1.16967664154241 1.24617100752325
0.379890565445212 1.02210965337923 1.14226820645041
0.379890565445212 1.02210965337923 1.14226820645041
0.716624735257832 1.02431299765915 0.890838349043273
0.716624735257832 1.02431299765915 0.890838349043273
0.371758951413986 1.05488371767795 0.723737648055855
0.371758951413986 1.05488371767795 0.723737648055855
0.371758951413986 1.05488371767795 0.723737648055855
-0.437681898327279 1.24517617449623 1.1882130034001
-0.437681898327279 1.24517617449623 1.1882130034001
-0.437681898327279 1.24517617449623 1.1882130034001
0.194425383995534 1.18676471526439 1.44645160069571
0.475469496391565 1.07637030679251 1.73910290577786
0.917065107524227 1.39068739016398 1.86514128350877
0.211274302149596 1.37048464084022 2.14434121169193
0.211274302149596 1.37048464084022 2.14434121169193
0.211274302149596 1.37048464084022 2.14434121169193
0.211274302149596 1.37048464084022 2.14434121169193
0.672205562096026 1.58013635023077 1.99281571313768
0.672205562096026 1.58013635023077 1.99281571313768
0.672205562096026 1.58013635023077 1.99281571313768
