1.71169710202647 0.711394302876481 0.491451414358516
0.565622528257966 0.721011824129501 0.590627290667423
0.565622528257966 0.721011824129501 0.590627290667423
-0.0484684312798582 0.280662008492032 0.651584726706037
-0.0484684312798582 0.280662008492032 0.651584726706037
-0.0484684312798582 0.280662008492032 0.651584726706037
0.142506849260794 0.566988770523497 0.540275452657667
-0.203231658081982 -0.185327089049547 0.52855550483734
-0.203231658081982 -0.185327089049547 0.52855550483734
-0.203231658081982 -0.185327089049547 0.52855550483734
-0.203231658081982 -0.185327089049547 0.52855550483734
-0.203231658081982 -0.185327089049547 0.52855550483734
0.727169650641018 -0.244378662521098 0.851013489693985
0.727169650641018 -0.244378662521098 0.851013489693985
0.461492486006745 0.24902941448998 1.69539693123632
0.461492486006745 0.24902941448998 1.69539693123632
-0.103698612946996 -0.0576726260506742 2.06725874602502
-0.103698612946996 -0.0576726260506742 2.06725874602502
-0.103698612946996 -0.0576726260506742 2.06725874602502
-0.103698612946996 -0.0576726260506742 2.06725874602502
0.252092856096746 1.56070428278801 1.72747112410447
0.252092856096746 1.56070428278801 1.72747112410447
0.624544494760501 0.750138732076745 1.54717165296138
0.624544494760501 0.750138732076745 1.54717165296138
0.624544494760501 0.750138732076745 1.54717165296138
0.624544494760501 0.750138732076745 1.54717165296138
0.624544494760501 0.750138732076745 1.54717165296138
0.389651171413046 0.142297362259758 1.62756842133256
0.389651171413046 0.142297362259758 1.62756842133256
0.389651171413046 0.142297362259758 1.62756842133256
0.52777353669877 0.072360597801582 1.18001833330704
0.613950936616211 0.259973828086963 1.30337905437066
0.613950936616211 0.259973828086963 1.30337905437066
0.613950936616211 0.259973828086963 1.30337905437066
0.613950936616211 0.259973828086963 1.30337905437066
1.32122050799368 0.180806193249013 1.53771385534173
0.254316470210833 0.834801465934748 1.84735932787278
0.254316470210833 0.834801465934748 1.84735932787278
0.254316470210833 0.834801465934748 1.84735932787278
0.254316470210833 0.834801465934748 1.84735932787278
-0.292714419435861 0.509653871588452 1.04395313194183
-0.365719499798186 0.278962371842348 0.888037337398998
-0.365719499798186 0.278962371842348 0.888037337398998
-0.808593612969839 -0.492193396726896 1.59905330327597
-0.808593612969839 -0.492193396726896 1.59905330327597
-0.0162641862430057 -0.392278378665467 1.57803403945136
-0.0162641862430057 -0.392278378665467 1.57803403945136
-0.236130969905002 -0.31471398085769 1.2307573825041
-0.236130969905002 -0.31471398085769 1.2307573825041
-0.236130969905002 -0.31471398085769 1.2307573825041
-0.236130969905002 -0.31471398085769 1.2307573825041
-0.236130969905002 -0.31471398085769 1.2307573825041
1.0135513510987 -0.435822958345256 1.37623706659499
1.0135513510987 -0.435822958345256 1.37623706659499
0.865775791935154 -1.0845756933595 2.14577356458925
0.865775791935154 -1.0845756933595 2.14577356458925
0.865775791935154 -1.0845756933595 2.14577356458925
0.865775791935154 -1.0845756933595 2.14577356458925
0.865775791935154 -1.0845756933595 2.14577356458925
0.865775791935154 -1.0845756933595 2.14577356458925
