1.00819060088589 2.61520790876935 2.79944631816699
0.739273164783151 2.38289067213749 2.62344327763893
-0.267900986807199 2.01396408302936 2.56482648992933
-0.267900986807199 2.01396408302936 2.56482648992933
-0.267900986807199 2.01396408302936 2.56482648992933
-0.267900986807199 2.01396408302936 2.56482648992933
-0.267900986807199 2.01396408302936 2.56482648992933
-0.267900986807199 2.01396408302936 2.56482648992933
-0.267900986807199 2.01396408302936 2.56482648992933
-0.267900986807199 2.01396408302936 2.56482648992933
-0.267900986807199 2.01396408302936 2.56482648992933
-1.11474541559666 1.56426501745128 3.40460036166075
-1.11474541559666 1.56426501745128 3.40460036166075
0.00336454140714237 1.65475258970781 1.99452758443996
0.00336454140714237 1.65475258970781 1.99452758443996
0.00336454140714237 1.65475258970781 1.99452758443996
0.00336454140714237 1.65475258970781 1.99452758443996
0.250155924887126 0.685096328454719 2.23014635494241
0.250155924887126 0.685096328454719 2.23014635494241
-0.438827247256949 1.05177529850974 1.85415034494062
1.07526558416903 0.646529330409734 0.881716378890566
1.07526558416903 0.646529330409734 0.881716378890566
1.07526558416903 0.646529330409734 0.881716378890566
1.07526558416903 0.646529330409734 0.881716378890566
1.07526558416903 0.646529330409734 0.881716378890566
0.0486083738256249 1.05473884164563 1.62371468876387
0.306329743652208 0.730435180644558 2.387204189281
0.306329743652208 0.730435180644558 2.387204189281
0.721407073755683 0.32985713156972 2.19212745742968
0.721407073755683 0.32985713156972 2.19212745742968
0.721407073755683 0.32985713156972 2.19212745742968
0.656814567962936 -0.0908513372463312 1.83274371925162
0.656814567962936 -0.0908513372463312 1.83274371925162
0.656814567962936 -0.0908513372463312 1.83274371925162
1.51718091189673 0.736981948618844 2.06184411837795
1.51718091189673 0.736981948618844 2.06184411837795
0.534577649793969 0.29894476426557 1.79839748788807
0.534577649793969 0.29894476426557 1.79839748788807
0.534577649793969 0.29894476426557 1.79839748788807
0.534577649793969 0.29894476426557 1.79839748788807
-0.624322367512097 1.04892556759074 1.13788427383822
0.371946595240579 0.91599195576211 2.2126498182225
0.371946595240579 0.91599195576211 2.2126498182225
-0.298135336078482 0.77316059298405 2.27337798041676
-0.298135336078482 0.77316059298405 2.27337798041676
-0.298135336078482 0.77316059298405 2.27337798041676
-0.6933150365923 1.09553252576394 1.9417727496304
-0.6933150365923 1.09553252576394 1.9417727496304
-1.54585520217487 0.250564524064609 1.42245137487537
-1.32254864394385 -0.156173595302063 1.64411259968894
-1.32254864394385 -0.156173595302063 1.64411259968894
-0.520709682051465 0.06117172151575 1.49065434847344
-0.520709682051465 0.06117172151575 1.49065434847344
-0.520709682051465 0.06117172151575 1.49065434847344
-0.520709682051465 0.06117172151575 1.49065434847344
-0.520709682051465 0.06117172151575 1.49065434847344
-0.520709682051465 0.06117172151575 1.49065434847344
-0.520709682051465 0.06117172151575 1.49065434847344
-1.39329949364951 -0.626055769626 2.16830779261589
-1.12153990684892 0.0373717284968352 2.82433838562812
