1.30691060585859 2.56278014412807 1.80654278873603
1.30691060585859 2.56278014412807 1.80654278873603
1.30691060585859 2.56278014412807 1.80654278873603
1.30691060585859 2.56278014412807 1.80654278873603
1.30691060585859 2.56278014412807 1.80654278873603
1.50285094165228 2.46682091686174 1.18679149691951
1.50285094165228 2.46682091686174 1.18679149691951
1.50285094165228 2.46682091686174 1.18679149691951
1.50285094165228 2.46682091686174 1.18679149691951
1.50285094165228 2.46682091686174 1.18679149691951
1.50285094165228 2.46682091686174 1.18679149691951
1.50285094165228 2.46682091686174 1.18679149691951
1.50285094165228 2.46682091686174 1.18679149691951
-0.089121378421442 2.04435649593122 0.410829658492522
-0.089121378421442 2.04435649593122 0.410829658492522
-0.089121378421442 2.04435649593122 0.410829658492522
0.64221666699821 1.76768595895147 0.390455762286472
0.64221666699821 1.76768595895147 0.390455762286472
0.64221666699821 1.76768595895147 0.390455762286472
0.64221666699821 1.76768595895147 0.390455762286472
0.485439099943159 1.39159734496569 1.28316867615083
0.485439099943159 1.39159734496569 1.28316867615083
0.624844682540089 1.38120192583456 1.69433325189893
-0.0400889526321292 1.27171544234215 1.56392576644374
-0.0400889526321292 1.27171544234215 1.56392576644374
-0.0400889526321292 1.27171544234215 1.56392576644374
-0.0400889526321292 1.27171544234215 1.56392576644374
0.0316769202360689 1.37998600103278 1.43008764943064
0.0316769202360689 1.37998600103278 1.43008764943064
0.0316769202360689 1.37998600103278 1.43008764943064
0.0316769202360689 1.37998600103278 1.43008764943064
0.0316769202360689 1.37998600103278 1.43008764943064
0.500297928409855 1.31500952470682 1.70102960573898
0.500297928409855 1.31500952470682 1.70102960573898
0.500297928409855 1.31500952470682 1.70102960573898
0.553781096779453 1.88810978003762 2.18781681293352
0.857429898764899 1.52475297149968 2.09475005989952
0.857429898764899 1.52475297149968 2.09475005989952
0.857429898764899 1.52475297149968 2.09475005989952
0.857429898764899 1.52475297149968 2.09475005989952
0.0630673558434859 1.18104190898783 1.57934499009443
0.0630673558434859 1.18104190898783 1.57934499009443
0.0630673558434859 1.18104190898783 1.57934499009443
0.0630673558434859 1.18104190898783 1.57934499009443
0.0630673558434859 1.18104190898783 1.57934499009443
0.0630673558434859 1.18104190898783 1.57934499009443
-0.390947804487852 1.34605295183287 1.32033454384341
-0.390947804487852 1.34605295183287 1.32033454384341
-0.893298383165572 2.00144195601051 2.06762629297176
-0.893298383165572 2.00144195601051 2.06762629297176
0.590022352544365 1.93264283538815 2.1480055988106
0.590022352544365 1.93264283538815 2.1480055988106
0.590022352544365 1.93264283538815 2.1480055988106
-0.605439965107428 1.9645080506209 1.69181400856203
-0.36854359925362 1.94330137619534 1.51101916557855
-0.36854359925362 1.94330137619534 1.51101916557855
-0.36854359925362 1.94330137619534 1.51101916557855
-0.36854359925362 1.94330137619534 1.51101916557855
-0.693228671985043 2.45739375204275 1.93858644615784
-0.308220780782108 2.08937739583448 1.25070013101921
