-1.12821139718059 0.884820796754858 1.34090560963429
-1.12821139718059 0.884820796754858 1.34090560963429
-1.12821139718059 0.884820796754858 1.34090560963429
-0.794127572595717 0.680649244992508 2.59437670084986
-1.22193365099321 0.981973013697243 1.65969842585337
-0.493737731704091 -0.113056102455644 3.08074000561385
-0.493737731704091 -0.113056102455644 3.08074000561385
-0.493737731704091 -0.113056102455644 3.08074000561385
-0.493737731704091 -0.113056102455644 3.08074000561385
-0.71850801509113 0.563568278721821 1.86325519208431
-0.71850801509113 0.563568278721821 1.86325519208431
-1.59037627767439 -0.345387307615823 1.26539117869042
-0.540049953116019 -0.0759071030001699 1.97501877884951
-0.540049953116019 -0.0759071030001699 1.97501877884951
-0.540049953116019 -0.0759071030001699 1.97501877884951
-0.432655789245664 0.404393051924731 2.43891453273091
-0.432655789245664 0.404393051924731 2.43891453273091
-0.738077263130116 1.4149754589955 2.1438252661962
-0.702693912204392 1.10468622741408 1.84057698022091
-0.702693912204392 1.10468622741408 1.84057698022091
1.29051083981112 -0.0487360170904157 1.6451438565724
1.29051083981112 -0.0487360170904157 1.6451438565724
1.29051083981112 -0.0487360170904157 1.6451438565724
1.34579506833633 0.257919892624585 1.59031038492248
1.34579506833633 0.257919892624585 1.59031038492248
1.34579506833633 0.257919892624585 1.59031038492248
1.34579506833633 0.257919892624585 1.59031038492248
1.34579506833633 0.257919892624585 1.59031038492248
1.34579506833633 0.257919892624585 1.59031038492248
1.34579506833633 0.257919892624585 1.59031038492248
1.34579506833633 0.257919892624585 1.59031038492248
0.542702346884062 1.09580951241295 0.683059537426883
-1.06840454921326 0.300738800367303 0.0718336642331425
-1.06840454921326 0.300738800367303 0.0718336642331425
-1.08929734309155 -0.224194938245868 0.993791848031115
0.0433419076725863 0.525581247105195 1.77047868143845
0.0433419076725863 0.525581247105195 1.77047868143845
0.0433419076725863 0.525581247105195 1.77047868143845
0.0433419076725863 0.525581247105195 1.77047868143845
0.0433419076725863 0.525581247105195 1.77047868143845
-0.197056138672208 1.53397317495454 1.36535828379164
-0.197056138672208 1.53397317495454 1.36535828379164
-0.197056138672208 1.53397317495454 1.36535828379164
0.271953025353924 1.27028218714616 2.28910984051819
0.271953025353924 1.27028218714616 2.28910984051819
-0.110906193429604 1.15231028740713 1.82589641808232
-0.110906193429604 1.15231028740713 1.82589641808232
-0.110906193429604 1.15231028740713 1.82589641808232
-0.110906193429604 1.15231028740713 1.82589641808232
-0.110906193429604 1.15231028740713 1.82589641808232
-0.111766228342819 -0.0490299166077275 2.20056508082148
-0.111766228342819 -0.0490299166077275 2.20056508082148
-0.111766228342819 -0.0490299166077275 2.20056508082148
-0.111766228342819 -0.0490299166077275 2.20056508082148
-0.111766228342819 -0.0490299166077275 2.20056508082148
-1.16561464986261 0.103591638469198 1.79449679712993
-1.16561464986261 0.103591638469198 1.79449679712993
-0.213410498501508 1.96684604668499 2.49775438912922
-0.213410498501508 1.96684604668499 2.49775438912922
-0.213410498501508 1.96684604668499 2.49775438912922
