0.201329137399977 2.55903660993182 1.81210805280966
0.201329137399977 2.55903660993182 1.81210805280966
0.201329137399977 2.55903660993182 1.81210805280966
-0.0615635051114743 1.69455835971374 2.01914399825049
0.63355558141981 1.849173346054 2.31843362245644
-0.71761592306038 0.227514966040761 2.06281452635782
-0.71761592306038 0.227514966040761 2.06281452635782
-0.71761592306038 0.227514966040761 2.06281452635782
-0.71761592306038 0.227514966040761 2.06281452635782
-0.71761592306038 0.227514966040761 2.06281452635782
-0.0287140244571037 0.238291673418859 2.14423355722541
0.901449232529464 0.779804013386955 1.51264745861698
0.901449232529464 0.779804013386955 1.51264745861698
0.901449232529464 0.779804013386955 1.51264745861698
1.66340359938329 0.272134915037248 1.18954215156379
1.66340359938329 0.272134915037248 1.18954215156379
1.23613801340001 1.10932033561337 1.07335154388886
1.23613801340001 1.10932033561337 1.07335154388886
1.16644176786569 0.0773752913579273 0.874658035965148
1.41697466413112 0.550566312602756 1.37205501484571
1.19606161136921 0.581196107208459 1.57432780022503
1.19606161136921 0.581196107208459 1.57432780022503
1.19606161136921 0.581196107208459 1.57432780022503
1.19606161136921 0.581196107208459 1.57432780022503
1.19606161136921 0.581196107208459 1.57432780022503
1.30145028188451 0.383937756364307 1.83688125791939
1.30145028188451 0.383937756364307 1.83688125791939
1.30145028188451 0.383937756364307 1.83688125791939
1.15086530972658 0.614843417680529 2.25196410206895
1.15086530972658 0.614843417680529 2.25196410206895
0.329576950384133 -0.125754786475099 1.28938715483164
0.329576950384133 -0.125754786475099 1.28938715483164
0.329576950384133 -0.125754786475099 1.28938715483164
0.329576950384133 -0.125754786475099 1.28938715483164
0.329576950384133 -0.125754786475099 1.28938715483164
0.622189194078418 1.00112022289545 1.85253725646074
0.622189194078418 1.00112022289545 1.85253725646074
0.622189194078418 1.00112022289545 1.85253725646074
0.0241804694543751 1.02554561425363 2.19616765072201
0.0241804694543751 1.02554561425363 2.19616765072201
0.821211733323496 1.56373107553702 1.37091784211262
0.821211733323496 1.56373107553702 1.37091784211262
0.821211733323496 1.56373107553702 1.37091784211262
0.821211733323496 1.56373107553702 1.37091784211262
0.821211733323496 1.56373107553702 1.37091784211262
0.821211733323496 1.56373107553702 1.37091784211262
0.821211733323496 1.56373107553702 1.37091784211262
0.821211733323496 1.56373107553702 1.37091784211262
0.405769226147301 1.5464431793434 0.732658707800578
-0.789018790243845 1.89090389291032 0.82204262911459
-0.789018790243845 1.89090389291032 0.82204262911459
-0.789018790243845 1.89090389291032 0.82204262911459
0.580062212495814 2.57752610968784 1.48338735291154
1.48668684075662 2.24126043227427 1.37314877907553
1.48668684075662 2.24126043227427 1.37314877907553
0.975998522640117 2.35185902370065 1.27962447270993
-0.384641268891918 1.77447117836221 2.14524723599481
-0.384641268891918 1.77447117836221 2.14524723599481
-0.384641268891918 1.77447117836221 2.14524723599481
-0.384641268891918 1.77447117836221 2.14524723599481
