4.39220082132977
4.60521628546429
4.57081268648052
4.41427058448915
4.4299606264668
4.45326629721239
4.49681868658081
4.45737384707824
4.46718403588665
4.43090494631551
4.4982083550677
4.49350549530378
4.710229131795
4.83722186152032
5.04997648100941
5.11299638746544
5.0452975621983
5.04154403792466
5.06959884421206
5.03397715260047
4.80562732403558
4.87622750067987
4.99931359541972
5.1398090302888
5.13710601607882
5.07726919733722
5.12941271152408
5.02736607094138
4.95552597665536
4.79568074380821
4.77228194646331
4.56284501409727
4.54715599506504
4.49864436530616
4.53086719182356
4.54492755942083
4.49030657295723
4.48639049994879
4.53719424634889
4.7342422227766
5.40797884774654
5.36200370195172
5.3782553275528
5.41262993263138
5.46048892437696
5.39366901657971
5.42150619348665
5.34775313630819
5.36366567399776
5.39638801435982
5.36050828229373
5.27520212548449
5.2585881496661
5.24899630647765
5.25442033754151
5.25968343866064
5.07261866635896
5.04644429886956
5.02411427854803
5.05374191257252
