2.3062247513183
2.23379475672646
2.15492753179127
2.0273095964193
2.15903569539477
2.3478747570672
2.20813751711994
1.96838748187162
1.59123740954918
1.69355535770429
1.75271911990935
1.59803749771152
1.8614434685531
1.91430868815822
1.92547558750099
1.93932299934942
1.67641378282226
1.48432725314689
1.74365479033248
2.04063746407271
2.41005141496807
2.05904035263399
1.96589308138502
1.87027628456799
1.80703629075603
1.86995271176334
1.84991837152845
1.8290656068736
1.95256257606123
2.26165475915799
2.29109376798401
2.36393934016245
2.4136672238226
2.38888144673043
2.19452485979838
2.2058030268083
2.18632244645695
1.9495293818038
2.27698128652214
2.01678548093359
2.49792688639426
2.49852495077319
2.49581435582964
2.4936204086719
2.4847939356102
2.49067629833727
2.49753500212309
2.4953561064355
2.49675525354358
2.49253111555997
2.48453492672067
2.47770223236814
2.43905662432132
2.46602560235475
2.46132331109663
2.48610179468178
2.42739095304912
2.46622138697872
2.41901799292153
2.4384530401767
