1.55666174075088
1.31728212432454
1.22428860178749
1.10413936680085
1.08969802624675
1.10964189149723
1.09788898128936
1.07732465018111
1.0928233930958
1.23981973254027
1.08519562726125
1.0413867899184
1.03346907830236
1.01152827357997
1.00488707621501
1.00319513431136
1.01202057754708
1.0158622030883
1.01530230213224
1.00379874443498
1.9872417054239
2.01960051725202
1.89890969893058
1.84139659902938
1.91544997243663
1.63812491257645
1.6588209526962
1.53620031021667
1.2303597237174
1.46999764730187
1.68387795086879
1.29460373309255
1.29278562693645
1.53863239823981
1.3580230698011
1.29967509378788
1.45530031095345
1.32735359496904
1.32101548064075
1.54169574604567
2.19391134053163
2.14604461069816
2.41057882795336
2.35991539725293
2.36532479471792
2.33453929792691
1.91899452272891
1.34281482981241
1.27372542608537
1.30367511743051
1.30749475017948
1.29287004025846
1.45513653146265
1.48264066621351
1.90970613406321
1.82880934072023
1.86247200628865
1.64409522736394
1.70661359399278
1.5488909239202
