2.38328605917079
2.41119225749551
2.45043051568719
2.44094871502758
2.40630601275607
2.29588553815133
2.27553898456686
2.39443681813593
2.39364053745902
2.25385282860927
2.29906035263839
2.31798182299115
2.23582154434084
1.7831356058293
1.87606714139548
1.82628380322008
1.95328240144685
2.12317940913165
2.24013871949976
2.23930727035278
2.45098245039858
2.39512919633849
2.40613504175581
2.39198061738379
2.46440680205954
2.42935001421127
2.43708251525565
2.46685482166689
2.44945875256911
2.43400959071623
2.40972056116957
2.4091054167462
2.31187944266219
2.25094718218268
2.28683084873322
2.05255032106957
1.78653374051925
1.88084736564854
1.79542773568539
1.78390445614209
2.10449198712178
2.13141497662502
2.11285327622345
2.0959705730166
2.04343696919948
2.29041247515166
2.29630450541124
2.06698989373626
1.95172992112463
2.0633093614475
2.00550103573086
1.71020271964904
1.81267513062924
2.18325187262431
2.1431642201634
2.21830606117185
2.36828920741366
2.19096774838941
2.34090354654471
2.39261044453257
