1.03064899733907
1.03000700262256
1.01627837356645
1.04594908577602
1.05955128030867
1.31857162912325
1.4349053276127
1.46105699754632
1.44143469747925
1.364666196018
1.48082824389902
1.418154448581
1.51118213787652
1.38188297696359
1.59225912511898
1.54382400558464
1.57943053231792
1.6547105578531
1.36675219900236
1.37597799188203
1.65412451171496
1.75078487948633
1.71432399557733
1.54774872258601
1.71430109991395
1.97618192167874
1.88873400652746
1.77167484582542
2.01700415622264
1.98287900494404
2.00554003835728
1.89572716150517
1.81708257199055
1.833826235624
1.95121701571952
2.04194181902142
1.50706256979792
1.99893590721001
2.09715860242212
2.07836802336919
1.36544687934858
1.24120206338725
1.262384941119
1.14120367068434
1.15917370870987
1.1869316019931
1.23441800685034
1.09073821116155
1.06155153000094
1.19911117790091
1.33996769485995
1.69451055487689
2.11283487375738
2.0835130909302
1.89764808766698
1.83252588220909
1.65656438272525
1.88774127091319
1.53959177062754
1.49625753952985
