2.49549912175095
2.49370172345347
2.49874445180879
2.4995748259012
2.49795803492056
2.49699137639347
2.49813944852639
2.4994447768727
2.4992335403665
2.49910094191921
2.499207755333
2.49834175558517
2.4990162362575
2.49968627333638
2.49988099272995
2.49946340798366
2.49871048414705
2.49859252688361
2.49926802426378
2.49921660621658
2.30870424755103
2.19780458807099
2.24978403422493
2.3716298032223
2.3109607947131
2.2142693191308
2.36487893880297
2.39950803629336
2.20860243667034
2.06325926575789
2.13324802505207
2.07921094165533
2.16552478193869
2.03567871095825
2.0029024529768
1.8535040833221
1.77818860695291
2.03983476422035
2.22141855526933
2.24598217719582
2.49330993357928
2.49386940085656
2.49430383440089
2.49223107654071
2.49310904845906
2.49558848894198
2.4965346656048
2.49836227839221
2.49923156577453
2.49966856392664
2.49956974706007
2.49986561022044
2.49981128001762
2.49910413081379
2.49949046097675
2.49943681614044
2.49872425330079
2.49965452703601
2.49977499546741
2.49906622636566
