1.00003485185209
1.00001851012839
1.00008484234648
1.00007015136976
1.00006016708909
1.00020508881509
1.00005510807896
1.00002818998181
1.00007182833653
1.00007524891526
1.000031533639
1.00001863501006
1.00002598258134
1.00002790865296
1.00003274963597
1.00000614982301
1.00000507170009
1.00002280663295
1.00001390865714
1.00002388550704
2.29898431831345
2.14255390923571
2.07987118477238
1.94479168158267
1.89042284253541
2.20791058668032
2.17678432410428
2.18972442008566
2.19033365719913
2.08876400157954
2.21548984048699
1.70218603913764
1.74188642100944
1.40181173420982
1.35686173625761
1.65169149782338
1.75900835515952
1.56067977328325
1.62752674945435
2.04068548350143
2.48293477411643
2.48413538661312
2.47598426652088
2.47108811511572
2.45662898362897
2.48456677963984
2.46184759206228
2.48080785613079
2.48020685504248
2.44372700155818
2.44907576790318
2.480599716324
2.49611043660757
2.4908195211041
2.48524441763862
2.49077523931842
2.48980972357105
2.48783099723639
2.49772780739196
2.49837557922769
