1.00001895276573
1.00004622930927
1.00013173030971
1.00009112762471
1.00003487735323
1.00002682744675
1.00002950806583
1.00003061197081
1.00004642931386
1.00014775400476
1.00012226065101
1.00026774862787
1.00034891245181
1.00034266445832
1.0007464598834
1.00040940638476
1.00055114450514
1.00055106939968
1.00079554974546
1.00106165185268
2.02053489457664
1.98854922795081
1.81335985020785
2.23334203855496
1.87101772586969
1.95067809804248
2.16496932822808
1.83998700333747
1.86864612061283
1.8050836739197
1.85396181487503
1.94699445010175
2.06252886513642
2.28649121382513
2.27436903695009
2.37378080564299
2.32895564993206
2.30799940693865
2.28895277334711
2.23564301836167
2.48631355639198
2.48049784393401
2.41656390539475
2.30555679656469
2.21066003413149
2.18307111435067
2.26926083493083
2.30779671245379
2.14904550516189
2.26767451270462
2.24795293180879
1.95157743344142
2.2845783884255
2.28817382105254
2.21180319643259
2.35010140736998
2.45198363245311
2.48559636542508
2.49169799739106
2.48806943543755
