-2.9327862403684
-2.82044980591194
-2.49924380330133
-2.79368601225783
-2.94713560484007
-2.92936834373536
-2.66674545404079
-2.38049140077188
-2.83231821593204
-2.84412851372884
-2.18486317566222
-2.68967580024014
-2.48665222520288
-2.57715915460347
-2.3438037340532
-0.836020024608031
-2.14046482596899
-2.01025967451551
-3.10006341142377
-2.97493201114397
0.564452439073394
0.48946708296963
0.496463484935938
0.609968566234419
0.767270444806416
0.680044395715526
0.511336419886191
0.520230045787221
0.622349972764118
0.455362896144789
0.437662689108757
0.517365948886403
0.446348149906055
0.450467756226156
0.298809198433021
0.430621394747515
0.398448282733754
0.405820533383542
0.447414094590476
0.339289137873104
4.50761930758278
4.07007262623267
3.7194182788354
3.58510186798184
3.73278843678826
4.2856631437904
4.00255521697739
4.35041567858813
3.84831291901281
3.88375689976925
3.99711661482709
3.84660005801459
3.85250548136846
3.71478025392562
3.73882314380362
4.18663142416633
3.62561248853606
3.64100214445131
3.58090975625821
4.26900103578391
