1.0685843302642
1.09082957626793
1.11633287030637
1.06518516384351
1.06589779140019
1.10119454113463
1.08912529056115
1.10712548436688
1.39587807266206
1.29351350334302
1.26074060289398
1.13810419655664
1.20107363748166
1.04737484878113
1.19684358589597
1.57854988450605
1.75301378895877
1.73200501444914
1.58590556007359
1.39727919870723
1.39607176934239
1.45410041387785
1.31850463929498
1.43185225693412
1.29409960643604
1.56552463508097
1.34625997036313
1.08553005800934
1.33928627245843
1.36320612299769
1.68560712909819
1.68504286430394
1.53220998555481
1.47800946071189
1.62722332129799
1.54579530997884
1.63450751561887
1.43858557770935
1.52708476425848
1.64824445981298
1.09979458279266
1.06359202275251
1.12458210121018
1.53220711173463
1.4155326290097
1.27896252720078
1.51318848733141
1.17077415272705
1.11628812721329
1.0759385962084
1.1069739484189
1.37036382155397
1.21670843283292
1.21073989355009
1.46149053909412
1.476737838468
1.80208972445391
1.75420704095296
1.57977034311737
1.60633213683897
