1.83581084336205
1.68034657445066
1.94082159053851
2.1082954961051
1.94040653518097
1.50644467192366
1.76600896333668
1.61183967095692
1.60552624599417
1.39263257349595
1.28920406598341
1.26023989235065
1.35764466651412
1.59705652882004
1.89765494864114
2.03324538481304
1.73143773988414
1.53124661519513
1.69913341465905
1.63923285892945
2.13062882483335
2.13708323981275
1.94427312492765
1.44942964603282
1.75957285670198
1.50703060283774
1.31303597004226
1.37308500534248
1.41102354766902
2.01164838588468
2.04757087018793
2.01273810014609
2.25310951921224
2.19220459327724
2.10752704709157
1.94393778543124
2.00950842320642
2.03068245198886
1.85568913022654
1.65498931484549
2.29276897284604
2.07126124568993
2.18810832657552
2.31605799628579
2.00750371298995
2.24373525874504
2.37116278339126
2.29703748257422
2.36590050060104
2.40431280741785
2.32431991944451
2.4302201754289
2.3889386349809
2.30946413260283
2.45107115291205
2.36181169856932
2.4439461800313
2.35438063446505
2.37377235897348
2.36320414711232
