1.00009402295317
1.00008331661809
1.00008798311848
1.00031325948258
1.00021684023097
1.0008545636169
1.00242457662366
1.00057078674747
1.00061074453337
1.00097390212425
1.00025853660437
1.00016181155146
1.00030395096875
1.00070035831467
1.00054227917051
1.00040997114809
1.00010996155074
1.00013910206571
1.00017841949832
1.00031731170615
1.24982738740333
1.24981310544991
1.22530991132182
1.16157548228136
1.42132876567829
1.24008330968133
1.24144201241849
1.34258257229068
1.13852905237308
1.34436437513071
1.30252146855547
1.25083960559151
1.22553111495406
1.22225089149712
1.22503169622934
1.32245443517351
1.1875959667664
1.29765443617048
1.36767415348453
1.38596617899953
2.49997577917452
2.49998869908137
2.49998715719813
2.49998354569809
2.49997683152856
2.49991137178994
2.49986786990626
2.49994318746799
2.49997127378
2.49996069901827
2.4998447225237
2.49994450939977
2.49996596725459
2.4999585995909
2.4999535016768
2.49995081871523
2.49995907793071
2.49996060448964
2.49996654369184
2.49980700027177
