2.24318639764132
2.19926206893774
1.79210805151189
1.6734171892319
1.88711469577741
1.72812067170983
1.6034484104929
1.50183608230514
1.82814564645904
1.69176503013067
1.8622685960079
1.87446561719231
1.42512915777004
1.31535581634357
1.2540791656551
1.26721500215449
1.18389657062624
1.32574655568682
1.16709086467834
1.08825058767143
1.51239841996608
1.81726605014412
1.71851905070135
1.70909797661274
1.56605516104935
1.94148437547156
1.68063442923042
1.63322948790507
1.87638400399076
2.35617014705171
2.1785832049616
2.11579249330511
1.78403672835195
1.93604674696845
1.93107912996689
2.02921213418947
1.69583185965115
1.73081408450705
1.8315885283259
1.82095967562935
2.48042565426443
2.49475315772077
2.49128183984262
2.48946576698512
2.48520277648945
2.48267726220987
2.455249260001
2.48192252905959
2.45099039214426
2.47483199138764
2.44779919350073
2.4383401094248
2.45816912477745
2.44924823949232
2.48066732677575
2.43624508204403
2.45640881893732
2.4256936282966
2.38243878585407
2.42476145705838
