1.17316747720745
1.07502639098559
1.11598336356228
1.0389728201737
1.19956158116572
1.13065223162798
1.18838797137333
1.32908888222928
1.27120303272383
1.63154117677364
1.79177782083829
1.69812557932635
2.15816511660086
2.08788648195737
1.94256810651093
1.96524816294492
1.81271749877918
1.89022845757036
1.72522274422086
1.64822078527582
1.98289933139849
2.15568811481179
2.404362666197
2.36226862586823
2.14772336080788
2.17665629032646
1.92320013702222
1.73768547573343
1.79599599557497
1.88875468817022
2.16345726343181
1.81249131262409
1.96598774999078
2.14787851969912
2.2710905589223
2.02091305316128
1.92779093471946
1.98134158891359
2.2174222575223
2.01445799763315
2.49999454313504
2.49998743399111
2.49999120657113
2.49998021052982
2.4999891820903
2.49998804593192
2.49996875947166
2.49998345778836
2.49997906620865
2.49999328154146
2.49999670594623
2.49999485926401
2.49999111345974
2.4999905431601
2.49999085373619
2.49996781722776
2.49996663644474
2.49994768281327
2.49994091195204
2.49997822813313
