1.12499618333684
1.28831251455684
1.24385540090856
1.18784066041935
1.03407882665218
1.01479335906878
1.02320656842866
1.02283872568233
1.0505192077668
1.07793329449942
1.08228211797697
1.29181114856594
1.37461974932149
1.38414921429858
1.75524490357209
2.14308122408381
2.24494200267676
2.33843018381638
2.04758296702341
1.98202408608577
1.23554638440574
1.47365349459298
1.85513604786795
2.2180669465654
2.24367003610207
2.41703257639524
2.21845366135384
2.22704244799215
2.12484244891816
1.94388611324938
1.95459594306345
1.88487700684945
1.80257878930019
2.0242152044956
1.87075125780558
2.02708623034149
1.82831442275097
1.66648065548464
1.93610391189572
1.50315984841254
1.65795113050063
1.61550174164893
1.56239069195436
1.53904975278316
1.64163484030964
1.62871077033775
1.34602475614589
1.45940066299608
1.44722501279983
1.42320238813802
1.16035128966878
1.26327703966728
1.24796576401283
1.22548395523938
1.17991396622008
1.19475294984764
1.09938390577872
1.13526661876206
1.1608379010915
1.5570766069355
