1.00197937264254
1.00264837013651
1.00186004327044
1.00477244256407
1.01153960690898
1.0193179419329
1.02326445798427
1.0180768158637
1.04033853739739
1.086632800717
1.12973538922373
1.10069476637624
1.14657124803636
1.07055450224336
1.05258088818702
1.0270826230082
1.09046735541524
1.05562101394578
1.03588391573517
1.04247168739089
1.218880564508
1.1539059395224
1.14566380666275
1.14303891102941
1.05770753274437
1.0537218807568
1.05375486134564
1.05977339545256
1.17808307580208
1.15146839821358
1.17697140594078
1.13148899931399
1.27411444753829
1.1786173582504
1.13713259893495
1.42393569409798
1.40663649459359
1.26058265980652
1.30788803420728
1.32088427070582
1.00105450350842
1.00263687327996
1.00272021967011
1.00436918052608
1.01966002573474
1.0307385499053
1.08070992620312
1.06830412696894
1.08916668986909
1.07623580685624
1.14222932967618
1.1795982958385
1.14191260135902
1.07840981824512
1.07754933833082
1.16125822198184
1.21675596394005
1.21168896091331
1.16881128986134
1.09344226840464
