2.15846603595829
2.22879183044727
2.06756249988421
2.19474252123236
2.13413486768435
1.94265416664295
1.94703938145028
2.08787169256797
2.04813608542471
2.09187966184972
2.11542504675557
2.19755087135854
1.89307735093073
1.79541597895138
2.16636605226349
2.13613015896854
2.04814295702028
2.16217219554369
2.10470537729622
2.04585760280131
1.99927352233937
1.68124094137087
1.76376042201373
2.18661932092494
2.2337418081911
2.07499241675689
1.95427795660529
2.04420904649307
2.07519364767182
2.12858788618461
2.21895809341565
2.18995943705699
1.88448009822638
1.86229981735525
1.76314182162953
1.95301402984822
2.00002665591309
1.69507903224337
1.79133690094864
1.64085912844765
2.17577663763115
2.42610683570387
2.33013334458894
2.27613635361016
2.38181460056261
2.45269565920512
2.46316271465462
2.46569149933464
2.44405368487122
2.41885236332127
2.14291028508057
1.92179184428567
1.72751237191522
1.74382653763977
1.77916230360671
1.97740704144354
2.06816131620423
1.45262127045255
1.52530437177087
1.7712547596895
