1.94730031642541
1.83222033824326
1.79092686936275
1.93437559014065
2.08329232942738
2.22556095229609
2.2072988788973
2.35790218750714
2.37164507817428
2.32359180448276
2.33944612371122
2.42130464727211
2.32929016757304
2.42739528908542
2.24110377386199
2.21593422691114
1.97073300697587
2.05472561450152
2.25480125160822
2.28483410775944
2.18590705261686
1.73192432865149
2.14764561884251
2.06022733063976
1.85502196608039
1.91639235205648
1.95343881895482
1.37953379842891
1.61819836651529
1.28848393726897
1.41734239490449
1.61787590763409
1.543204527934
1.40385237391663
1.61116513637036
1.92029749145799
2.19214085777775
1.70547729702753
1.77481167229004
1.49221681622583
2.49151056567323
2.49500294821394
2.48221502289315
2.4729912975265
2.49310306072553
2.49592491528815
2.49764173918265
2.4977903671712
2.48926704400156
2.49530233321257
2.47667808178477
2.48258988127394
2.48643066850846
2.48993196688764
2.49577223082309
2.49343768112955
2.49262075290821
2.49398196259372
2.4923863792645
2.49183765746224
