1.85673740041447
1.32030368448043
1.06138252722927
1.01783968404068
1.02207941649149
1.00996964256662
1.00406728701949
1.0058966872563
1.00656477072233
1.00571081257815
1.01138455977111
1.00668753970307
1.00339141069233
1.00401144759287
1.00576565032386
1.00096186086987
1.00089893257181
1.00168781570221
1.00135235948378
1.00281647456645
1.46829439284919
1.38286192157978
1.31474646068556
1.17689773744014
1.21239061660271
1.30913655648946
1.14156931161706
1.12190604653696
1.27870040227714
1.19316283971626
1.54124096577379
1.51138073916234
1.93044478734699
2.31176252063195
2.3463636434938
2.35130535682789
2.31098605476585
2.17774105191235
2.15313865844181
2.16338480852392
1.07597169400542
1.17345585082891
1.26839573982964
1.20351633372816
1.12948942255662
1.14202892345056
1.14095258199384
1.53971364805064
1.87672529977826
1.80814374472289
1.55780911769064
1.13452720005279
1.30976775465899
1.34785205232933
1.28264073348553
1.05210410736269
1.20345303987093
1.52633272646194
1.20591734035713
1.47571965541487
