1.0000842226157
1.00015849318989
1.00012874269105
1.00018192348319
1.00032523987718
1.00031482259576
1.00026047456058
1.00076813016452
1.00303120461592
1.00127185481847
1.00226519833411
1.00067434116445
1.00030237905074
1.00041908051345
1.00172290108875
1.00355677211578
1.01597657311665
1.03644610410026
1.01875064663824
1.00979772444394
2.17633650318504
1.97460166033278
2.11159782209648
1.91070448231976
2.05362544162319
2.32020230736277
1.92776742691855
1.92425156667665
1.79523853531451
1.79640118251062
1.88357474941579
1.88294088691171
2.10060978821392
2.31242635312267
2.33689546754509
2.32542661672022
2.07543238160288
1.9853480609927
2.1834773972157
1.92928716823416
2.4956190508147
2.49650485644473
2.49771414837271
2.49805249922856
2.49859004834109
2.4981100677573
2.49798282764413
2.49961452863846
2.49961712436812
2.49973700147853
2.49965799797459
2.49919781778028
2.4982758973233
2.49325208603489
2.49893186977546
2.49884382202196
2.49905307896006
2.4995329138066
2.49966975347429
2.49861858724986
