1.79610793154973
1.63299669928033
1.37780662516113
1.38434381158169
1.49600147668336
1.19323163283935
1.63278457134773
1.71193787947134
1.51940068666895
1.13600568267356
1.02842738816367
1.14947105127283
1.09539118292302
1.11521250771778
1.04165447889011
1.05857598698083
1.02782298096463
1.0118467004368
1.0249582389149
1.03692898092031
1.90000911418807
1.78610574786636
2.04955854029208
1.96620667086525
1.83301216858736
1.67588180787442
1.75443659771862
1.50583828701119
1.45433900989732
1.66546038469125
1.35374263135107
1.56455206607655
1.60224595073325
1.48869041505351
1.46449373696774
1.50695582600929
1.75298820749253
1.73113759567028
1.87749582313117
2.07410337781514
2.36844023637727
2.04840798304472
1.96271865412866
1.98938136133775
2.11537957519324
1.93103968758613
1.73304904439039
1.58061067136465
1.44923112936252
1.85726732771142
1.91231094435166
1.69144999695012
2.21312957299061
2.42132479485159
2.45090733791579
2.42343244238752
2.35490969561064
2.27104453090752
2.18318432822191
2.13052808567559
