1.35374674556393
1.0967988106169
1.05745976435155
1.14726277490459
1.24629082314591
1.32369030355537
1.58799984029998
2.07969727599056
2.3496777479545
2.34677691781448
2.41100263341114
2.46958201349383
2.46329631770544
2.46262566176946
2.40250633506218
2.45773291306303
2.42373389274608
2.3984124365162
2.43412450800526
2.46480554602734
1.9212805574727
2.10431701832218
2.36863104282568
2.31733616475615
2.27117976378326
2.02472597573985
1.82585987365155
1.7784648477634
1.90903746360729
2.14761279485522
2.09646911838828
2.17284216611812
2.2037973375612
2.14436430419491
2.01020107111726
2.05295276278229
2.083612148268
1.88790986251779
1.6437976645454
1.51249304034586
2.48121290729403
2.47587740854142
2.43670768291892
2.47872550213638
2.42792358974406
2.45847730710356
2.42607749885702
2.37999782932098
2.27643944761302
2.37467923512691
2.47843806159143
2.46960099371766
2.45684165106896
2.45090950704482
2.48159202285774
2.49014479224134
2.48657537734855
2.44202132272934
2.42865673172611
2.43546037797413
