1.00690198595621
1.01408150887348
1.02307278878528
1.0042409380443
1.00366550077257
1.00138272686423
1.00034619705511
1.00023440252345
1.00028568431679
1.00072368057544
1.00148030124914
1.00255992502908
1.00847883860931
1.0369208978281
1.04559815325241
1.09982004129671
1.14265994610656
1.11440076206381
1.13570946804419
1.02733872359726
1.58609804059474
1.79331816673762
1.8503478462879
1.5564080686313
1.70063360798205
1.85347893244249
1.78245685762724
1.62731776905888
1.62454474570689
1.19170325215455
1.26318179009002
1.58565026274402
1.65719988517829
1.35331210088121
1.44319412338465
1.41605636791019
1.31861628607127
1.49533568375374
1.26470154012058
1.27549569359846
1.5502643373807
1.60471140837857
1.3216461899202
1.26979969642432
1.76958894749638
1.74412619536513
1.64760881869947
1.62076756203374
1.55890778436928
1.39491190773659
1.70770132314185
1.39943376019494
1.4178113861402
1.40436339711826
1.54788749186233
1.14176367254823
1.43682647975456
1.7134076361785
1.60710352534798
1.73951791517467
