1.34430964339198
1.22729667629772
1.3852258244684
1.59807577302201
1.74085879469802
1.29964196134591
1.12678816409774
1.02370354989897
1.0080366100688
1.01401993885593
1.0153485865781
1.01380174072917
1.05434179184229
1.14044655809809
1.05471725224742
1.11995277376235
1.15279065446159
1.05982499974604
1.06203776839569
1.1052788763918
1.81986366949705
2.00496873815956
2.00380708193999
1.5041078451099
1.5110675630933
1.18555052592723
1.22979049588928
1.23816360630081
1.55938076072364
1.40429362204487
1.25877241006006
1.25115289841007
1.240930162208
1.25094782294118
1.5696628240987
1.67826028703152
2.05573204471242
1.89598571786032
1.80211116686816
1.9446368139989
2.49991155034874
2.49985139030943
2.49994425630962
2.49993673485215
2.49996368897112
2.49994998788038
2.49989274975053
2.49993825831042
2.49994412500879
2.4999340041514
2.49996987306479
2.49996979103542
2.49998192669839
2.49997188760882
2.49995483691423
2.49992551031372
2.49997742212755
2.49994119166416
2.499967640245
2.49998052961221
