1.00065642930128
1.00146720321269
1.00192897002871
1.00148219581608
1.0077462454856
1.00561938849435
1.00667764235781
1.01014292554993
1.01470178878075
1.02958327685825
1.029989941232
1.08913623746203
1.13778064138711
1.146636115724
1.08878631249323
1.24024884536397
1.07187827327776
1.0473055673188
1.0312117079904
1.08721073380826
2.33943185558568
2.26801286086262
1.99417273921731
1.77165699320431
2.08358289069774
2.12307732946254
2.08615210070629
1.99744905929802
2.31084380968067
1.92725619180434
1.8409126512295
1.95334727213755
2.12819423330163
2.3226717226524
2.31324740413328
2.32172474019201
2.0601087803844
1.90725353197246
1.84810774977971
2.04518492586467
2.49903086058823
2.49887371644119
2.49869591076986
2.49869066595991
2.49968681474721
2.49962563967418
2.49946892487429
2.49929331408505
2.4995119592151
2.49944956818993
2.4988156471313
2.4982107207917
2.49933262773653
2.49902927330348
2.49912430263639
2.49800086376765
2.49777450682436
2.49462544674094
2.49365346888918
2.48029894400884
