1.00185932484128
1.00342736409157
1.00271425231091
1.01123881934292
1.0145839143105
1.00920807054303
1.02777461681512
1.01998315178476
1.02657536745913
1.08032421065358
1.07728226921231
1.07853054879049
1.04315789017676
1.04586265208359
1.01456255715831
1.00448394138318
1.02542262350943
1.06353712186242
1.0255591818623
1.03719024454596
1.70759062938755
1.6035416368218
2.15388314000094
2.20614893821707
2.19579940506342
2.04642770672674
2.1636327711629
2.25042996476002
2.32453424951404
2.17240896783073
2.14297422742848
2.22863528257169
2.19571728502138
2.05898721588359
2.11580460940826
2.23541761863804
1.90263357233805
1.86566009595775
1.72336152707669
2.08705661889398
2.49958951836425
2.49977882546025
2.49980083102109
2.49921519583986
2.49619776045976
2.49740718481233
2.48937067505982
2.43880086522743
2.47307777224445
2.48874819082921
2.48591883689592
2.43397055062343
2.36780155182197
2.25560493263772
1.84097262868015
2.22863885498444
2.12701242642087
2.19549340308757
2.11935106957218
2.3460904002907
