1.77233122676692
1.86223137818979
1.84190740899255
1.83702949014226
1.46960470797366
1.52297495366824
1.86758723977557
1.87052862672649
2.25193913573649
2.18857394329664
2.14055949754164
2.09222968687383
2.12041030220996
1.91585851025789
1.72943855908404
1.31979902655939
1.24387671839344
1.11523472065477
1.11578000526098
1.09190180183671
1.57825477866716
1.4755625260558
1.65623887917216
1.40436748345053
1.42366813216173
1.649968629612
1.34112228394869
1.39147657145444
1.80358647989902
1.26187904917324
1.32983933707449
1.4045507585928
1.37092417412109
1.52138883768345
1.65970393372991
1.83204220649918
1.86002146932692
1.71285748235912
1.73716949897792
1.80608409936693
2.49752415092081
2.49783644593265
2.49925905018479
2.49918555557166
2.49971343779347
2.49959950144443
2.49956339905769
2.4996801568664
2.4989192053406
2.49956475479468
2.49891060077867
2.49903568477405
2.49873986705458
2.49896370207579
2.49965386130625
2.49890181252545
2.49430035000818
2.47918096011594
2.43410618237821
2.48461521577414
