1.00006252528314
1.0000231604849
1.00001709440012
1.00002050420768
1.00004930612147
1.00008427513087
1.00007142667381
1.0001409256839
1.00054888026411
1.00039757631595
1.00024481451012
1.00010973692262
1.00012229471857
1.00011213235541
1.00020162601839
1.00014849888089
1.0000704727347
1.0002601809254
1.00012887486462
1.00025644624039
2.08927971399061
1.95168294909346
2.07945584726808
2.01721612683585
2.06841414635628
2.22735946091157
1.76268714660561
1.58612494244887
1.5532873621291
1.99920351020197
2.02740089962066
1.90219617892306
2.19277477341677
2.24081525658036
2.31038365547297
2.33669398926001
2.3391954357891
2.13634863666743
1.95995635945997
1.71100371213217
2.49998119036459
2.49999483086589
2.4999911735417
2.4999844666095
2.49997693941061
2.49996651395737
2.49997510419857
2.49998895109624
2.49998412129767
2.49998364427683
2.49996199354706
2.49991215068407
2.49987623077502
2.49971882855499
2.49986907094528
2.49985411293362
2.49983768331398
2.49970067996655
2.49888562843656
2.49923769897786
