1.00207576063696
1.00253905233981
1.00053268896671
1.00070380771068
1.00038340534147
1.00191429819483
1.00058266193207
1.00035232858598
1.0004189495581
1.00030844895597
1.00037556329011
1.00022051487926
1.00004648988403
1.00001108004915
1.00003440910286
1.00002774401107
1.00002646233124
1.00002352329951
1.00002651451774
1.00002144473436
2.32599328175039
2.09278643707855
1.60115667802648
2.03569646267879
2.23476858778003
2.23061112059337
1.95127973826591
2.0101038598061
1.81831938961903
1.93649522991393
2.12691021238737
2.31718166455124
2.02322390067293
2.21537081720981
2.09902052189358
2.13572876135792
2.21631244081524
1.90164641045279
2.14009465579431
2.26718030913544
2.49998884429925
2.49998305860904
2.49998670656945
2.49998015057143
2.49997622026242
2.49999317596445
2.49999154561665
2.49999092143011
2.49999287813188
2.49998510154135
2.49996726830596
2.49997335587819
2.49999229344116
2.49999822592067
2.49999689346091
2.49999856630709
2.49999871280576
2.49999917718461
2.4999993029423
2.49999959344054
