1.52619537076638
1.70749283930324
1.78372362569649
1.88198916289793
1.62710920440149
2.06168743838076
2.20388528535274
2.01979118869574
1.90220136495988
1.51451954685749
1.59173296292994
1.4466233409286
1.49580398118457
1.43437523776761
1.56660512827996
1.44203554941766
1.8690394184172
1.56980655576418
1.26109147449277
1.19177213113167
1.67361392696142
1.87944471264824
1.91412915266137
1.84914240634163
1.81742010506737
1.89871183752891
2.0797104400256
1.7514426322761
2.03737354648021
2.15952061754594
1.99340209829593
1.79231231756836
1.55782969143536
2.00016931298701
2.20329366014741
2.14374529267161
2.07541286519628
2.00027785902715
2.02905613377593
2.02400406893471
1.89462037597996
1.81295481220967
1.67900765582331
1.81259139314477
2.08538486233426
1.64347474075591
1.23961785963068
1.11879984959395
1.40048634693079
1.92739915511889
1.55627028295035
1.46725854882911
1.44092951993297
1.42957340946405
1.55202209851684
2.00244282529835
2.14896882931316
2.12894897466167
2.09874160283271
2.22995526391346
