1.00057852511905
1.00114301071318
1.00109325486126
1.00202491184212
1.0048629879781
1.00444566727984
1.00678983594457
1.00279614501824
1.00434880920887
1.00376628318935
1.00099227632846
1.00071925407458
1.00098278595335
1.00088705660769
1.00207945326134
1.00774976856654
1.00207155033383
1.00856862058447
1.02497066638115
1.02498516868871
1.28043935791758
1.72424050022393
1.84929597164263
1.90829435640843
1.52689104393066
1.5859227478406
2.04737988568474
2.03537796908047
2.04553432446341
2.00765377960108
2.00706841758636
2.11027195171118
2.12021162434237
2.14846659074811
2.03259349040275
2.09418485356962
2.21745175195995
2.25405942910483
2.13946098396627
2.16596948616563
2.49996188498771
2.49995103190602
2.49991546076745
2.4999299108339
2.49994123845568
2.49986676746377
2.4997567851834
2.49947673624501
2.49920730468712
2.49960751577564
2.49956911432592
2.49960460731533
2.49939776050925
2.49986646464461
2.49992658462721
2.4999671745431
2.49995468145645
2.49993035229184
2.49996258254629
2.49993834513543
