1.00007296578386
1.00012238627549
1.00024795631249
1.00048301098804
1.00051159129488
1.00052314026737
1.00030258512546
1.00088686685013
1.00473705874953
1.00403891924347
1.00180610746279
1.00151871193311
1.0007465804941
1.00055785098112
1.00236200688415
1.00364690161384
1.00436262902134
1.00601284891092
1.0044918993393
1.00941404454297
1.52711333599619
1.42204672450812
1.75605460092019
1.38943841088205
1.60133272979967
1.48862683897095
1.20757647894072
1.20614516050875
1.14936711869975
1.26785766230608
1.25221738011957
1.36990414693409
1.92053877102276
1.91722201587158
2.08842320732456
2.23767430099432
2.00913892652733
1.9497614052296
2.1994961676356
2.3068347806151
2.49993037428133
2.4997021940549
2.49888971550173
2.49955916935743
2.49867271328032
2.49791250297198
2.49547575366968
2.49546461412048
2.49636405015878
2.49294240809532
2.49509126344813
2.49581579672818
2.49750203195135
2.49859720618503
2.49897248780338
2.49812478999929
2.49578991055334
2.48924266413221
2.49711348171075
2.49299955015794
