1.42647189520228
1.9266306441348
1.84405291345406
2.07921874914219
2.05096894541566
2.18966740730765
2.0391734179076
2.13346565534583
1.98545285581918
2.07492587109338
2.13652464659519
1.98904619568115
1.65936233175813
1.65645175808509
1.65461242177132
1.74165439511454
1.66326965713481
1.44613154678253
1.46317982341614
1.57649895947839
2.20528510852735
2.18534268928541
2.29772260291226
2.32032992537648
2.20371696092042
1.93289719945641
1.82501721944696
1.91218869830643
2.2609197512162
2.37089206065228
2.38699548682808
2.10107787848835
2.105929465094
1.92271776463862
1.51823076803428
1.35168726749957
1.24239560282739
1.37841681776691
1.26632291427803
1.30033438670197
2.49371262431827
2.49594069434919
2.49608584205158
2.49568100176215
2.49568584715117
2.4948556448181
2.49579764963929
2.49699525275415
2.49584308608789
2.49851071257907
2.49353977798879
2.49654044901663
2.49777284041831
2.4979433526619
2.4991101988774
2.49864951964112
2.49583114874548
2.49728422780655
2.49928137021005
2.49777180590976
