1.08402385733075
1.12462139566072
1.10363736239419
1.1500192414198
1.0636642772545
1.21098453184785
1.14452834930136
1.1715009052107
1.45854151523824
1.7134143741096
2.0258930226036
2.33604045239441
2.06272895698551
2.01333769161321
1.79412296079356
1.85309026508297
1.78403213536478
1.93681651955669
2.06488029559553
2.03629423600625
1.81886439245682
2.27924370387057
2.0646872084524
2.0679204006001
1.95949088180332
2.29021988851199
2.29394239541399
2.34316325034943
2.35638197103764
2.39129317405948
2.36170764610896
2.35623763178939
2.35751767323805
2.24652118731805
1.69815223301748
1.57315734515949
1.7872748971215
1.88020563895477
1.58173551909619
2.20585276104295
2.47251476295704
2.33619322926261
2.38888527550809
2.46610990168917
2.3812413316995
2.19444941286545
2.17665496320317
2.15963101900188
2.33924908793588
2.12631045155483
2.18204669347895
2.22132732299009
2.15591983881872
2.41264565311605
2.43320423818908
2.13833369093583
2.11596137713306
2.34983208489006
2.30810154107336
2.41211616685385
