1.00000828685818
1.00000692576799
1.0000252971282
1.00005507500785
1.00005205666026
1.0000168133224
1.00005153042297
1.00005737984097
1.00011750419114
1.00056263966139
1.00037241697475
1.00084940626421
1.00117194587226
1.00150169032253
1.00476004372012
1.01989567898938
1.01067317410405
1.01105633900761
1.01256757760912
1.00317491564844
1.88205166580423
1.72917029259499
1.69955755128819
1.84470881919916
2.14040183963564
2.1666041188891
2.16014375027381
2.06089344815324
1.63953216350061
1.52965127778972
1.94817666364031
1.91613808151806
2.13520385923398
1.52454541323337
1.387066841324
1.38674784508533
1.58706915808715
1.87244688874167
1.44740055169868
1.64922752239851
2.49999999514343
2.49999999602607
2.49999999700483
2.49999999661188
2.49999999661229
2.49999999463419
2.4999999712157
2.49999987577798
2.4999997900345
2.49999930535325
2.49999963422434
2.49999987870625
2.49999955106628
2.49999955865713
2.4999993076749
2.49999758944289
2.49999844474431
2.49999886877228
2.49999902048945
2.49999983016663
