1.00718801766001
1.00458432727798
1.01845368994951
1.02737596867125
1.02785735598768
1.02929582246809
1.14756896101366
1.23781155457947
1.14197421253949
1.12225235691402
1.24682390599738
1.0927242206182
1.0187585017913
1.00948669384891
1.01006192458892
1.00815704865242
1.00459612955004
1.00853969957751
1.01464269893745
1.00672400461907
1.61889584692028
1.59758178773214
1.68490940284341
1.32018979722545
1.20182166355029
1.21796623894885
1.09896371004176
1.10117906688364
1.13223034539177
1.10368968408052
1.12228799324839
1.16067792812813
1.21576208439059
1.25297072705499
1.30081097540204
1.45907497860517
1.59325436075319
2.02317820217614
1.96898571534983
1.93343303276625
2.49979944990067
2.49979845178911
2.49982123180536
2.49992575852563
2.49993841583906
2.49983505203105
2.49984896024585
2.49988171616252
2.49977047962794
2.49989745669091
2.49996469835693
2.49997963087754
2.49994161450882
2.499951595799
2.49996844370593
2.49999238947369
2.49998928532746
2.49999089240968
2.49999105003816
2.49999228561846
