1.00007855852855
1.00007578443039
1.00008580726504
1.00009525306223
1.0000741840181
1.00038777662986
1.00015541589579
1.00008126262535
1.00010891326264
1.00012209806735
1.00015818521054
1.0000606935559
1.00015330597741
1.00026295590779
1.00025925732456
1.00152394983252
1.0008137304824
1.00147437878368
1.00458108755547
1.01595487081309
1.49447046448939
1.55315699929007
1.75924141263464
1.68156332660843
1.71673549837467
1.78341910719878
1.40402897495282
1.57222242949456
1.61090093947836
1.46741251264414
1.66207595194612
1.76748310972339
2.2376906863507
2.13248080291471
2.00013699893451
1.96596117372522
1.9564237887515
1.54771722380244
1.5283107838674
1.46917981474453
2.49918404314777
2.49866185566999
2.49887928729145
2.49903047050012
2.49707723552715
2.49723799837202
2.48994590491007
2.47215948237717
2.43383168992785
2.38820610474385
2.3701991656533
2.43434895740931
2.40440926074609
2.28639967001589
2.1597068233714
1.89642127998451
1.7393356956368
1.94143428252041
1.7821155386145
1.84803281354492
