1.79196871279716
1.97409809722812
1.67076726767895
1.21738847755978
1.20950408498782
1.28368947064666
1.52457410624322
1.45128896292614
1.3498217239157
1.42019794172223
1.39434648153692
1.529232384181
1.57911886603023
1.15972841178887
1.05184948386829
1.03024082410769
1.04938661232457
1.09281349431526
1.03278472064033
1.04593523224731
1.91896565453547
2.14779631499133
2.39293093166516
2.2083361764262
2.26950941360341
2.14897042208843
2.01179473050099
1.89186487302
1.99554956710456
1.98358816349698
1.68918220226489
1.86239172260781
1.96116927617579
1.99206217416449
2.00262104627583
1.92470086033073
1.94270879552639
2.13693232933151
1.72586475537407
1.5599198165858
2.47050816134517
2.47338103746087
2.47471185581942
2.44967895667328
2.45500684709109
2.44992005367403
2.47743469996732
2.41076154486979
2.34629967288758
2.35624585759333
2.45401764045943
2.48002143215837
2.48699093127584
2.47592116235735
2.47714711337855
2.41211833323878
2.4743354586414
2.49476788438076
2.48740435273667
2.48810229542563
