1.41382800850301
1.3814591360934
1.30189308171298
1.45377279103094
1.80964838790286
1.31561035308921
1.46952997299116
1.66500273578417
1.74305920609268
1.81817435895521
1.86147089497653
1.30426019620219
1.42192116234243
1.97815495384468
1.92191211703997
1.83904375309812
1.87269581959905
1.98203879697646
1.69534895619983
1.88005947506363
1.53882683059414
1.36991698877517
1.44752475711618
1.33985907669347
1.30994535708043
1.19589357600934
1.21646223554339
1.36847609503997
1.30131610060059
1.335447230615
1.63083269131449
2.06137458281596
1.96581878966231
2.04480046720242
1.67717826972636
1.80048203891724
1.82481643292173
1.9421026184107
2.15808233071174
2.04440152256852
2.38373430013483
2.4543826255909
2.43294249049032
2.42906204105785
2.44393895975466
2.26343804216612
2.1818035094067
2.10141695148654
1.52855150869606
1.82175475342425
1.56480423718364
1.72227476376497
2.06533851754941
1.99139711611966
2.08933996375406
2.11938185798281
2.20098103514071
2.33805311321644
2.08854774859224
2.21539101145483
