1.16780760208291
1.05778089670222
1.11830838128189
1.24318951811114
1.24213435181151
1.26944402394224
1.30689903002061
1.30855389251757
1.34346954539937
1.45004332174054
1.48638592395203
1.56876940187614
1.21853848629878
1.20397081235067
1.11374154242658
1.14775072928955
1.0613093182437
1.03054552128307
1.05175144484527
1.0095711968356
1.29946693422634
1.1733671385128
1.29802046549142
1.56205843478264
1.59960201537765
1.6457273557668
1.4639621989482
1.29833901266983
1.14180004289512
1.13948227539514
1.09837520614025
1.11244308663636
1.12719793165701
1.21772490237529
1.2260138351315
1.59104298887186
1.30437483610795
1.30665248906933
1.39522916346268
1.74523842849955
1.37327027874174
1.43791496303577
1.59606464867038
1.36610642530928
1.47364340256811
1.21016809902486
1.22514527935531
1.09150088178808
1.14695415279916
1.5285255438344
1.1493910041161
1.22645826144942
1.12045691687762
1.18811103567987
1.21049139020385
1.26045153768905
1.24978379643655
1.20755461989483
1.2659698570602
1.18620250752977
