2.48873338776715
2.48509475310888
2.47172732777364
2.47523590832534
2.46590753040096
2.42632201913882
2.3678784785021
2.2660869787979
2.29707372241686
2.35556697036796
2.2775803355185
2.20041451365608
2.31951352652305
2.40165067502696
2.47721997819899
2.46075066600813
2.42986007864378
2.43069795877137
2.4435347024914
2.47720940990807
2.16324316476198
2.11442933248727
2.05227486614277
1.9375457470222
1.87714964133789
2.29473086754218
2.31450478364811
2.43237165932359
2.42887140452263
2.44874831166896
2.42620864653713
2.35129649858355
2.29719806785036
2.30729888313185
2.32049687421045
2.34722673756727
2.23613926506895
2.28604818783318
2.29443267425944
2.26964907181468
2.48690960972827
2.48555738830965
2.47857287445385
2.45596022670259
2.46049036462028
2.48750986194573
2.48791907067891
2.49054616237519
2.4984585537535
2.49675941388287
2.49721967188092
2.49700660495146
2.49840962629678
2.49639782607204
2.49136464480722
2.48913466881923
2.46370809732133
2.46058969163145
2.43398326167831
2.40476567395892
