1.14304599234559
1.46506721787829
1.77488064198607
1.22344694959027
1.05277870272527
1.05500401606213
1.10250254406871
1.47203560281125
1.44158295034619
1.31649226655711
1.28373950300295
1.34053611097084
1.44924021125303
1.31301005105238
1.13410241795279
1.23277262082732
1.44142466188089
1.47718039511104
1.29491897554827
1.37512578446068
2.23336859804136
2.07651051965552
1.94121407571585
1.53789326502018
1.52364580623788
1.42179692765418
1.77526019620307
2.20366547640384
2.09662026240858
1.89948500282144
2.2083168275884
2.2007871934372
2.16270869784507
2.34589805033496
2.27762410597933
2.07356497278635
2.12519526062507
2.02398693347169
2.02664574050292
1.93376922650017
2.49136876023162
2.45919492410991
2.48675964288389
2.46760447100407
2.44338813233093
2.4323574910673
2.48036691076569
2.46906974362018
2.47883032505811
2.4922507473968
2.49471688354799
2.49482396085289
2.49849280989023
2.49914369094609
2.49625473344079
2.48857911462922
2.45862383634876
2.45700948134907
2.41752468569522
2.44284576582476
