1.004375815348
1.00364908233336
1.00143342813387
1.00182165507584
1.00310976716957
1.00459801176975
1.00846474692273
1.01230994519058
1.03995519804247
1.09146704821996
1.06505296108535
1.03395739327742
1.01336584766875
1.00920334292635
1.0225638808975
1.03741246395994
1.06603942242793
1.23202790025574
1.41327553586719
1.66319137629464
2.00114516247978
1.60313673275157
1.40270934945561
1.88026198055683
2.09591455724391
1.78827028652753
1.93628084575001
1.97665262044096
2.11090398248852
2.35757470072124
2.36167595648354
2.37222674531067
2.33657219009344
2.33828126040442
2.40602198746357
2.20189441335538
2.05600180800982
1.5696433678877
1.82823572137012
1.65023744925383
2.49913904492627
2.49919749244861
2.49864532085792
2.49874336421271
2.4990046750277
2.49938655453364
2.4994172287583
2.49943422319637
2.4996135527703
2.49932112484155
2.49825269844425
2.4989054673079
2.49973431086155
2.49978163796882
2.49971375958827
2.49980249799083
2.49981738614904
2.49977570787857
2.49977099480556
2.49971231569284
