1.24926799723212
1.19680532060305
1.47590680899738
1.5011426270662
1.71313927349583
1.48623044547918
1.47018282231468
1.52664988753743
1.28852883058413
1.09669685423248
1.26303656589445
1.32388281098017
1.32748751828472
1.33436003434061
1.26022869730898
1.25784481472702
1.27454582791657
1.53387064456735
1.27730662619625
1.4840738744881
1.61770426487421
2.02313476727481
1.98446868903941
1.65046177652589
1.61011215611442
1.78809377087711
1.61667716267789
1.45575423683408
1.42753540765392
1.54377774534385
1.51987302900819
2.03047032081541
2.2124524307255
2.28135667081377
2.27891670134328
2.29820376750225
2.31064609002884
2.27649975178446
2.17217087547578
1.60074566798693
2.20340226122705
1.69184761034106
1.65211684899873
1.76741866104013
1.72156144165634
1.56157662276216
1.79013513644711
1.90404312342467
2.1686110788175
2.299964388502
2.27994818429298
2.46042193617907
2.37528620753197
2.1630260778533
2.27998732039806
2.42881005748411
2.45291607631528
2.48465637529343
2.44835537415892
2.33775933271233
