1.14164888819098
1.29378538001865
1.3825872077397
1.34041749483781
1.50082927029399
1.94923932442714
1.80358068414047
1.93235384892255
2.28141738145046
2.15205709751552
2.20579783903483
2.22742503922224
2.2743147508349
2.32180267980387
2.25000359305913
2.37698790111854
2.20468335962914
2.32344231573334
2.25416551978469
2.15964995071754
1.2158070120742
1.40022723534175
1.52189265352272
1.76818540409047
1.89937625574912
2.20474202056187
2.1680810352001
2.07582326307357
1.45432033481818
1.47223333936296
1.4842476191724
1.70286388194043
1.37638719003611
1.24026354719556
1.24851863247905
1.3073800377852
1.28144386137696
1.36771859680192
1.64197994972364
1.35662160060101
2.49987466189665
2.49990225585257
2.49992061561391
2.49994463411857
2.49995861274136
2.49994153362829
2.4999367908886
2.49983068622341
2.49990985716111
2.49993266608124
2.49979528253124
2.4998475533035
2.49982141565777
2.49980490423588
2.49983597028917
2.49967648353442
2.49922210262255
2.49847492656886
2.49848575293448
2.49856197805775
