1.20987415559583
1.17442622166392
1.05502960046065
1.04821143278722
1.02995217358241
1.09651988235622
1.03828787382179
1.01906149749631
1.0171606365556
1.01203528504548
1.00675961559619
1.03695585325981
1.05236532296031
1.09393775100891
1.240419868117
1.10015738557518
1.01884573170084
1.03195928873361
1.07723168818704
1.0246471018811
2.33049299712181
2.25046242041235
2.13348808502312
2.22136303513533
2.2329945595285
2.19086610017002
2.33772673075745
2.13204722012974
1.91811364627166
2.08385347084997
1.90374803595216
1.73531652024727
1.81902795380462
1.75245214624423
1.82430762548555
1.84653840875756
1.79686938214912
1.76036756650365
1.69148313605366
1.7117987940218
1.43010876604963
1.34234795967684
1.87253844683991
2.33290214370782
2.42909390057039
2.46181270898303
2.47437282323578
2.42674106172753
2.39811932258487
2.43892480596953
2.41688617290324
2.35427763255402
2.30868309849185
2.39423162880444
2.35212647561843
2.44903331380847
2.42757330413378
2.44830510302213
2.45624519867037
2.44575301643021
