1.08726727646808
1.14940182674589
1.17766102867209
1.22535524069027
1.25500510180426
1.40499680996995
1.97910558432947
1.74605624661906
1.95475488280721
2.24082503164865
2.22252234740767
2.26815121046186
2.05374922557252
1.99123398908273
1.66477471241154
1.2831349886075
1.38859585671446
1.65583000389334
1.67465071990304
1.3122458936017
2.45643933886927
2.4767151363166
2.47094351964632
2.48735179899199
2.48373419367835
2.47885831458618
2.4619508069055
2.4681268135075
2.47310159581588
2.36298152621281
2.32791825215538
2.37808806860951
2.30619026319635
2.2209119357952
2.421647899462
2.43345790873703
2.44552949791328
2.42146668040504
2.37521259767296
2.31419332560238
2.49987125476447
2.49991140885415
2.49993157519461
2.49951927966073
2.49899053111399
2.49718948865006
2.49881542242347
2.49874761185124
2.49630863322623
2.49590456413725
2.49642378890666
2.49407459962748
2.49559014927284
2.49421880774736
2.49307319903652
2.47670184602792
2.47469123023074
2.48692753443406
2.49768412562836
2.49929502306951
