1.00926012619299
1.00289718374678
1.00432099805072
1.00518220115243
1.00395353461445
1.00337338575069
1.00132697687468
1.00376367314089
1.00170670980627
1.00071440614495
1.00261657755664
1.00241668867814
1.00266204234455
1.00204333028763
1.00288619765885
1.00156441097243
1.00095619868512
1.00408285326019
1.00217337504731
1.00254884114264
2.34942042773502
2.33045100050685
2.36906427981345
2.19772985147665
2.30599171221322
2.31096697793656
2.06372165470457
2.12938359633262
2.03136398749419
1.90442686746238
2.00483254960092
1.69563920578058
1.2957169980574
1.64120228368158
1.79149853622534
1.69311159974632
1.71012053932284
1.66343626807924
2.18850049208591
2.117635810257
2.39589508909021
2.31302587825997
2.29211902163841
2.34611319869889
2.1429448582785
2.37412731864066
2.31483142761488
2.40030563690685
2.34179387979074
2.43337896424113
2.41132382833788
2.42378760580797
2.45204857116733
2.47075172323749
2.46263782375885
2.47934410995331
2.47484838578203
2.45632042387277
2.36343792548816
2.39536123972923
