1.23405741772241
1.42953533534087
1.41824251658621
1.191661749643
1.18075527208775
1.08835169096799
1.03138193190963
1.04397747124999
1.02696453428004
1.03034568761542
1.07284034705901
1.09734913583531
1.03790703576566
1.00916950420291
1.01065901633989
1.01406933720524
1.00516942317825
1.01267692229519
1.02731137007627
1.00609400218334
1.99896965050598
1.55145440448938
1.37939782482049
1.84004192721461
1.49426654805237
1.57081745103382
1.6378224878743
1.86622054216715
1.63804640861799
1.77427807228334
1.98624410039552
1.94056762817014
1.92671836288694
1.55372207637676
1.56318463839288
1.47058423240832
1.98803195608212
1.78242035320708
1.76282893805324
1.76526928239981
2.14794427616841
2.23014105324442
2.32822229315905
2.26376061365722
2.33131288193478
2.45902221906888
2.46217619070781
2.46098860554457
2.47054708721273
2.44729433852406
2.48277412046212
2.45461072525803
2.42815612575127
2.4704875252022
2.48863886921244
2.49267851051009
2.49451628534494
2.49543460863195
2.49588270729841
2.49827700721524
