1.04168992300206
1.0142385429101
1.0629143759319
1.07531041010503
1.05315739099969
1.04415356839154
1.1308741728414
1.06443719199096
1.0614710918251
1.18188934302998
1.302283022802
1.10448483841615
1.09981078208834
1.02467588799163
1.01347312608488
1.00227046020327
1.01011696699647
1.0135690285203
1.02662736408058
1.01191056445022
2.17888639778902
2.26700530126692
1.9659252278928
1.74527655959337
1.60740141372073
1.41077449024079
1.10883739267415
1.07074478965899
1.07058046428869
1.06413950651066
1.0814344771947
1.09231726964293
1.17319012391136
1.5713411203596
1.18822665031501
1.64285402496164
1.86822239671031
1.78356927097293
1.67573043354005
1.50603298928169
1.32815434037461
1.79585539585153
1.82408640570806
2.3246011477426
2.07859981156376
1.97429511864677
1.59178260393149
1.84570056918669
1.42750821114604
1.56643026756642
1.60867117581986
1.61812816410725
1.59410930765478
1.67370611682999
1.67040899144179
1.57485706470974
2.01559912042668
1.9812677577808
1.96389394264263
1.83881137005588
