1.00996216621847
1.00356273573999
1.00217522473037
1.00120496336628
1.00092371721278
1.00247462615476
1.00342557808552
1.00159192517411
1.00065394463162
1.00036504917018
1.00022345349191
1.00059157030527
1.00021620945958
1.00007083739599
1.00008571386017
1.00025444819572
1.00018106303517
1.00089339404451
1.00175621197604
1.00247892231675
2.29027865536411
2.37008463538297
2.38367685227178
2.09969748727616
1.79786891977423
1.80111147953988
1.46845124148771
1.29203712251505
1.25795863741298
1.09659832248069
1.10012299181314
1.20575960002203
1.2136161562796
1.31049705605772
1.47719073140475
1.31494457636475
1.37316365543965
1.53364659495495
1.37497580656978
1.7405244306747
2.33303876409585
2.36965494032643
2.38954135416615
2.46441883577127
2.42281636244824
2.42117005391686
2.42924567153693
2.45379342508275
2.37151181932796
2.2050018558634
1.71358236197874
1.89387800168085
2.03191531481172
1.78053122506959
1.70668936012995
1.9820397799549
1.90896851487803
1.8223045457644
1.84286121108599
2.19455277833493
