1.01860795298951
1.01353471845042
1.00331294761192
1.00216873262701
1.00201093071194
1.0018883412124
1.00358072753379
1.00581716619259
1.02420989439325
1.04230712195537
1.04680967194884
1.0170853956712
1.03561549680776
1.0598052545983
1.06799034476351
1.04472586204279
1.02677119707406
1.10775382659784
1.11056162396188
1.01991040462469
2.36686751236862
2.39821758997311
2.42561029790411
2.42409442831056
2.42576973064148
2.43565346400117
2.40931838392309
2.36883428531865
2.32985930288394
2.33133533829981
2.1140914290206
2.04155680980982
2.28785254180979
2.16704432554037
2.27931025593721
1.92084978428771
2.04539782821759
2.08018267572228
2.00204463840864
1.82829085604419
2.49454185170492
2.49679485882795
2.49209772129014
2.49840503936319
2.49969055170079
2.49960222798068
2.49978538645601
2.49955124662712
2.49947079974645
2.49955783680435
2.49950045423397
2.49967411752951
2.49919287591752
2.49896446356404
2.49845679331095
2.49737217497562
2.49908288798343
2.4997406328347
2.49967695538143
2.49968918595358
