1.0002410678907
1.00030587906778
1.00041555122841
1.00014670717435
1.00017547416242
1.00011361986575
1.00046577536819
1.00064626464348
1.00080742750299
1.00126397262526
1.0009264232902
1.00170041924667
1.00034953320415
1.00150442776036
1.00307581294263
1.00284432044504
1.00210501315326
1.00189138180986
1.00127831340329
1.0054565392117
2.07772792096132
2.36587743570787
2.37056993802395
2.33116924087078
2.11466612608239
2.20670436362842
2.15976743301489
2.34657859990745
2.26413666499684
1.91588560508247
2.10701313618332
1.83068695902816
1.80456830324478
1.54665158115781
1.61247499022205
1.81766520772174
1.741950919078
1.52576952400794
1.78080939135755
1.70687867036945
2.49990832198646
2.4998934532955
2.49979494107859
2.4998053665115
2.49988885223514
2.49977186763266
2.49976586688716
2.49982632069608
2.49994592573287
2.49998490094677
2.49994439476174
2.49985623425865
2.49991156497751
2.49992367984904
2.49988055262527
2.49975003469073
2.49986241573543
2.49981318093748
2.49951576753281
2.49972248233062
