1.00001123607096
1.00001544038583
1.00007656024909
1.00007590595582
1.00006558472879
1.00005687846975
1.00004708518663
1.00006294814911
1.0000409538592
1.00012112163689
1.00027815666616
1.00036351920821
1.0000904138048
1.00004123226257
1.00003811090334
1.00001769208101
1.00003193577102
1.00007774340725
1.00002058892887
1.00000495766676
1.6344440198325
1.85518863427221
1.59593835171131
2.02356959321698
2.28173634819293
2.24555718665177
2.33200913058738
2.26226265565261
2.32881306928428
2.41364988317584
2.39185400309005
2.39992014733443
2.40265628932635
2.24439510317973
2.3502126920896
2.26271883049361
2.20734784804191
2.29227769233734
2.31236172049571
2.15652226138839
2.49380820016014
2.49348126925487
2.49020120883128
2.48806911484832
2.48780628604674
2.47334187991777
2.4886033914585
2.49736856678241
2.49715506101734
2.49606381651761
2.47550916830023
2.4785756572737
2.47777488805479
2.40717781749714
2.46833071043579
2.44682897646097
2.42253799285688
2.43315942120568
2.39159575660558
2.41826711869195
