2.18833485749641
2.15640732060262
2.21138982844903
2.09268510498568
2.10850897355403
2.13311835761632
2.35441071783193
2.40883473454773
2.44214488773172
2.45327503041649
2.42967233939891
2.23686634032193
1.69147216229134
1.83714571459245
1.30375091231669
1.70624234032624
1.43084016558226
1.25808731750491
1.15676249758902
1.14451370483575
1.89603867207504
1.98974228104579
1.92732027638308
1.71863490075819
1.72612564086739
1.70067913071143
1.93585114851406
2.17912164286812
2.24972827932737
2.12430254980273
2.02838920993794
2.05809728543417
1.87675895116212
1.45207319629838
1.56252936716065
1.47623077921969
1.5535833985796
1.9365396468519
1.8820826659278
1.80011150781375
2.478792119656
2.44820299573578
2.48078602076638
2.49238689853216
2.49535449754611
2.49860678129168
2.49340733720377
2.49771692764692
2.49886274102921
2.49643736188794
2.48791438789611
2.45820616631234
2.41119293775862
2.39332686482923
2.2093467635974
2.16115799027462
2.16126945800904
2.16093104949399
2.1106463508735
1.87750443444683
