1.00758259226229
1.00811992362599
1.00365736119647
1.00288611923112
1.00547043365217
1.01171374519074
1.00573115329762
1.0009327534001
1.00086747351106
1.0009813953315
1.0018685992691
1.00157655359437
1.00195007872914
1.00086055813107
1.00043433930239
1.00039954296626
1.0001164594074
1.00012442134031
1.00008502802108
1.00018615711178
2.30178816984342
2.387942101584
2.42466042287974
2.43442249996015
2.47569477848803
2.47553741621407
2.47029024120734
2.43772115053957
2.43839390903704
2.44228369340861
2.43557546699298
2.43028301412783
2.28110404049816
2.21764711301432
1.93681748199258
2.10071140479213
2.20534838528538
2.12154315727041
2.24875565984262
1.75776393492433
2.49975944469261
2.49966631379547
2.49985366148575
2.49940295818507
2.49878857333362
2.49947560514372
2.49932605133699
2.49956162168411
2.49857178670084
2.49948826983097
2.49969344331077
2.49970053554938
2.49909041121741
2.49639862092568
2.48845094004045
2.44892877123646
2.47270198386842
2.4688256113208
2.48179564814379
2.47687783178933
