1.84224427746743
1.87193973506988
1.89261234649827
1.37266237636798
1.25388153058093
1.16148206483027
1.15269610105668
1.21193873569429
1.26586860411881
1.29155474209201
1.34529646270735
1.24889165023907
1.15167899746981
1.20810410274472
1.13682737785826
1.14675792734032
1.13978166097294
1.17583484973021
1.13782725078369
1.13653256798066
2.32365565650168
2.32992730518044
2.26684165736618
1.94919118446864
1.86941324862708
1.50116081379967
1.54191203518022
1.60641233386717
1.64252146949483
1.77967980072917
2.03177771690317
2.03918827219358
1.68673380098557
1.6578319859256
1.81427106918254
1.85364842024861
1.84454189482954
1.96631483103936
2.12496535930203
1.77196278107553
1.81054580904032
1.59120050229376
1.21219936620482
1.58258098065648
1.8048431585593
1.77768620656359
1.88941094754752
1.50691623808382
1.47124052168453
1.60295552710373
1.93041748107576
1.92548197098324
2.19836701560591
2.39071460471778
2.37507385391115
2.44448863893943
2.45517946610647
2.4612949744273
2.48792355157115
2.47128015666637
