1.00001505176517
1.00000560826532
1.00001211144218
1.00000373635745
1.00000110740092
1.00000129391563
1.00000115769695
1.00000116739165
1.00000105024368
1.00000143181371
1.00000143309271
1.00000117685695
1.00000086219966
1.00000060026367
1.00000051222595
1.00000058033641
1.00000060124771
1.00000025961792
1.00000041068245
1.00000067145689
2.37320096270398
2.04184940679449
1.91601563935344
1.78436156164051
2.00544105861966
2.21766534445646
2.21116541984314
2.249442741078
2.23392141230578
2.12343996364871
2.28731753664433
2.12513501246271
2.25817915839718
2.3000406168123
2.13618085532085
2.22094602516373
2.27854590998186
1.98956957496417
2.01459145291355
1.96959649123628
2.1911466057932
2.27998830537202
2.20468813935404
2.22028599618421
2.25655817107724
2.22305454962554
2.09431626618942
2.13612826533487
1.66690387572823
1.72046391903283
1.81402243136794
1.470315120051
1.38252203709705
1.43866519831075
1.75751161890838
1.74020101836524
1.64363720121135
1.33904852415822
1.45944172352829
1.71991287347947
