1.0001138236468
1.00029488882563
1.00068563884784
1.00029754562893
1.00031064362321
1.00018279261577
1.00015483767232
1.00018360062511
1.00022878862829
1.00014279594368
1.00039597122571
1.00015932749364
1.0001349225072
1.00036569457145
1.0005850433803
1.0016612067347
1.00113041639807
1.00345973363644
1.00547631276981
1.00871150193286
1.65485718180877
1.92470452015091
1.95417623590689
2.06824194500106
1.50172514069057
1.75773514870569
1.62949232625064
1.74169220350871
1.90929549990732
2.19051023893814
2.02009712023818
2.13589850217208
2.07784208233327
2.1624286795806
1.69966653886942
2.20565139799248
2.216580718687
2.27233247715089
2.15616834122317
2.11547583362878
2.49985946486186
2.49976940954522
2.49948831055828
2.49910571091348
2.49866506523169
2.49935112704151
2.49939230259388
2.49688815738609
2.49842298256661
2.49922896145648
2.49948176223801
2.4995236387775
2.49976852373058
2.49968577839336
2.4993896279337
2.49954309728402
2.49780417057278
2.49467932511234
2.49302449527575
2.48638569656018
