1.00053843409432
1.00076805883094
1.00027465001353
1.00048202184601
1.00095312536221
1.00064266463789
1.00232132793068
1.00482678935683
1.02547754931147
1.03168763285351
1.02827734791025
1.07384918469017
1.06431024371658
1.09190888407103
1.01702184334644
1.01367449739122
1.01093361966359
1.02894115602591
1.02713146235398
1.03396917446951
1.79042936142177
1.73480313162052
1.67367333285825
1.29002993474102
1.2376114737383
1.27740221888645
1.58207095655148
1.44896758054753
1.82342363158996
2.09468763064777
2.15583694371938
2.18262580121967
2.30485830009075
2.25508215060906
2.27326033516537
2.12614772850419
2.22953257272922
2.23701642305252
1.65978458621482
1.86746939404684
2.49578073718685
2.4960890716126
2.49351305586919
2.49188181514868
2.49648849650066
2.49683747403057
2.49786912730799
2.49856804931413
2.49805033136778
2.4970452364487
2.49819926590733
2.49801786835366
2.49820276988301
2.49904454530721
2.49978497597941
2.49961581178672
2.49916882773797
2.49687223992697
2.49771459600288
2.49617688334702
