1.11592230847985
1.21827816529419
1.69107061002192
1.55916080165029
1.64440561510721
1.70093855997783
1.99131692885449
1.99102238085607
1.99167878664022
1.87158123328604
2.17445679808721
1.87837590573802
2.33278019627164
2.38653441529838
2.42661526152947
2.27361908126954
2.37398580484121
2.46330458916467
2.45933112480697
2.40021817845095
2.17154218076831
1.81472443013292
1.8644943060598
2.13624180790035
2.2588202015359
2.27327107543897
2.13823699760155
2.20981164046359
2.32560503102834
2.17253482027918
2.22849546239247
2.15974100820927
2.18095186150438
2.23217709485387
2.06716062628809
1.64871250589097
1.71508636403986
1.68193899985914
1.83999900526833
1.84537807016366
2.49999779906183
2.49999785916949
2.49999762984416
2.49999275991454
2.49999300450882
2.49999713962512
2.4999984618061
2.4999983291247
2.49999832887063
2.49999492496683
2.49999768087015
2.49999333379133
2.4999923466195
2.49996519225325
2.49998538253009
2.499983178739
2.49996406779747
2.4999308936091
2.49997439045886
2.49998836359522
