1.05849846086854
1.1193862438676
1.37702318125115
1.33251269322282
1.50670647320271
1.27032149766564
1.28150832009524
1.34434818687738
1.41286675376664
1.45356396916599
1.38071954610527
1.09651080429199
1.16690664147696
1.04723535326627
1.06915997942837
1.0433849333385
1.11906678862601
1.12423069256097
1.09928500052356
1.16722914053047
2.39703591413755
2.45026475174272
2.44113465595288
2.35663199722989
2.01572070859063
2.08861101091555
2.08981125567167
2.32050048204532
2.18254025122366
2.09247189899926
1.82199952939686
1.78134584184333
1.23147750642214
1.2154539126701
1.18855428973205
1.52684058025228
2.11073609768795
2.26137515719606
2.18593447306778
2.15110364353811
2.49961750435685
2.49969694264079
2.49966689965839
2.49968185183567
2.49951783507767
2.49963841707268
2.49980485724185
2.49980800914381
2.49973776707335
2.49950244405598
2.49932226839691
2.49695493492183
2.48836924240481
2.48333105711096
2.48062747993595
2.39370855399062
2.4123162219643
2.38973776923579
2.42445545363598
2.41560006095618
