8.05241456118093
7.89443522606167
8.21081761278334
7.94871070538898
8.11929589013841
6.83988383508844
7.06736784954376
6.15544276476828
6.66152449103465
6.73612068072693
6.89741685414455
7.89440397111478
6.52460498487356
6.79316417945597
7.119549430723
6.96354588537192
6.74204569046183
7.16761541530125
7.39824213910664
7.48454736756568
8.05509504946396
8.21279810885504
8.45263947827295
8.05651227792821
8.63915366742388
7.48946002004218
8.44533134676026
8.3857302319891
7.758434666759
8.52229834927306
8.6452721889562
8.62395851782722
7.42215461685873
7.7306364977219
7.94506642077352
6.80338950603564
6.08484079573819
8.22868481419565
7.64153417040722
8.1658937120028
7.65965195229133
8.42625866170584
8.44345151493459
6.80847383841382
5.77967782464001
7.39937772018708
7.38535136225362
6.33953281907783
6.38118912392295
8.04973284067516
7.807016960342
8.22819306283186
7.21061291484501
8.71957173902476
7.52072818018975
6.71625664660674
7.2712196035698
6.87478785711223
7.62306331755476
7.9445577552376
