8.54880194691873
8.2543118302038
7.20482512973467
6.05055451453881
6.81001214797896
7.05151008616317
8.63270104967173
7.57357289948967
7.64781909872152
7.57480716280014
5.99339694441868
7.1483242422019
6.08646887328398
7.21050820745938
7.1498946252751
8.37068503208825
6.82481037297428
8.07420448621118
7.52762210382234
8.63776795590195
6.04839934526473
6.318188652059
6.57139257212277
6.15131547412937
6.72556202433331
5.93601358902514
7.03694790170401
6.20964248734578
6.3467566447993
5.62842447045351
7.42739057453178
8.06641651480469
5.95187784595963
6.9084586900304
7.3081783299445
7.32475710661641
5.51493348132624
5.9253046956951
6.16058568850753
5.74025326506498
6.4259249973819
6.83295268176686
7.90878914143663
7.02504180688827
5.84417969187828
7.31615742682826
7.17160822508879
6.6656083209975
6.98337763383337
7.3031345747719
5.53713743253197
5.73393759755135
6.0059965831413
6.19840117501693
6.20157462484229
6.67966482831629
5.96146741006828
7.10853397396364
8.30137487994995
8.25495850286452
