7.90498779569258
6.21177463810396
8.361136178869
7.8444830196635
7.95702458482128
7.45071412684787
7.85580462146998
8.34493869662941
8.29572245615454
8.21801487151011
8.55255098531675
8.50014231592984
8.32433167200338
8.18509086598499
8.41314590055943
8.11154672321727
7.30633242133515
7.1525617108827
7.18307817573653
6.63945869272569
7.56417791393562
7.70419463559763
8.13058143634262
8.38014406602088
8.34120830559963
8.29145487447174
7.91141020819775
6.05555169601743
7.4479853058296
6.1540028635357
5.83491681833048
5.71306680191525
6.06511831687029
6.42951737062928
7.02907135519257
6.98597499731361
8.35938215173631
8.66811601389633
8.39847964192017
8.12533357483368
8.74076820537553
7.71955107907138
6.96225649066856
6.40006078443004
7.6735751364472
7.41416366321518
7.41121704686387
8.70421025331834
6.47258049624459
5.69327064118038
5.90482834876578
5.81894569849488
8.18450491962332
7.543895869876
5.75214741601303
5.53836045222963
6.55703452599917
5.99430589794741
6.08538785711533
5.93337307516156
