6.31972881860933
6.21748784833885
7.83330850157971
7.56882528204466
7.30620095546036
7.61829168141559
7.7470361249919
7.33482425218347
7.10557834548775
6.84865689662285
6.66412285236128
7.0305247303886
6.79896465313872
7.6567677394086
5.87621306158317
7.54486510975732
7.86914900435967
6.87870974925938
7.68498939850336
7.0863363558144
7.88124447594212
8.73074366992038
8.12236833761004
7.99597940937632
8.5047632804855
8.49514249436705
7.43942757526992
8.78087971245098
8.41862885125064
8.73479996541153
8.36135104842468
7.6999873920073
5.80710646148886
6.52466714446289
5.52019542666448
6.46056142276259
6.37142832918612
7.97980284188332
7.40049675861297
7.90548529052677
8.09727262302511
5.72560947593009
5.72092731883571
5.89190693213901
5.92268247983096
6.10680827507563
6.27191227265549
7.65786032574839
6.23008572750027
5.55188350153534
5.76986217546165
6.15743967371012
7.2386298581061
8.01010248568777
7.5020474312794
7.47759606240281
8.16531865450594
6.70517717379719
6.24461396407606
7.2936848059175
