5.52071522485211
5.5285438323842
5.96615864115623
5.66124181887876
5.92858526537479
6.82136432019346
7.77022308365435
7.01357647714834
8.21664304102327
8.43269330703353
8.59842309411864
8.40619314494792
7.51268965803466
6.91386763967022
8.79727711435882
6.46697348649445
7.09800738132215
6.97271210213775
8.20407586192837
8.32704683457462
7.74819482220435
8.03098417799879
5.71281598466408
7.31431573440459
5.83566291539297
6.63099148533589
7.87620354727288
8.1889652085969
7.48974770056637
6.98320028487634
7.27155783016371
6.62517460031262
7.8938425110025
8.74802846901982
8.50672957876159
7.32291561380173
6.2098126877758
7.92510001468094
5.89870265385139
6.54722934518332
7.15111910954334
5.99418952322412
6.16857184831871
8.2097485939396
6.15656499872275
6.80801246322565
6.51503592635487
5.51833447801048
6.71619334874792
7.03075601431255
7.91307342956839
7.9943382964042
7.87349242356067
7.6760161501755
7.90275953919415
6.13990741711829
6.61348594195145
6.24318670620279
5.68376013103322
6.95020610202049
