5.94073686085176
5.65831181579822
6.692137952438
5.81776727352437
5.65246752438669
5.7382526120284
5.74415526943638
5.5516329374912
6.4465777167387
6.35263752783897
6.36900752741636
7.0238278505986
7.2329227359734
6.3658773006655
7.480508209919
7.41675081794488
7.64917853723647
7.57583989249159
8.01982828262344
5.72772189960897
8.32649872342431
7.09202732076135
6.25023044013321
7.57858742477319
7.9288689370544
7.25557914737325
7.3178901810073
7.16509170349776
6.75422332925528
6.45902028808613
8.76697300782515
8.00892225384892
6.38086648390528
5.69344043428925
7.81989236193044
8.25794795405386
8.24165175370514
7.9544760272612
7.3137054992457
6.21310241198052
6.27393797251757
6.80194513396737
6.97730131181334
7.39806665791959
5.60104651228194
6.57908437929043
6.18421750550073
6.92832549723883
7.17288079770667
7.39316313975876
7.62951015838588
6.52107196381198
6.7147758921513
8.12503348629568
7.9278628778771
7.1653005524095
7.56389027023262
7.04891127475447
8.19396618492142
7.51445723951396
