8.74894125758869
8.54029457316423
8.26120268221831
7.58787879567841
8.55183136333221
8.53207964142607
8.62892350509284
8.57845408069629
7.9824891499368
8.39289595607413
8.12072632969093
8.74360812926261
8.70836755663035
7.545821626804
7.84124677061201
8.3276063020275
7.53061515259827
7.70590133702975
7.36458177498912
8.11530870389699
6.10071477599076
6.83517557202889
6.79931168176437
6.77338016615973
6.94556408155036
8.25670435217806
8.37355162635578
7.21414760929404
7.13196995660608
5.95291297149977
6.53528604578281
6.1714774958879
6.19242703145554
5.50968896088648
6.34267414865501
6.19385551431667
6.3317580852283
7.29333777383128
7.922460788319
6.17343895419286
8.6240184246445
8.22521977383369
8.13922949637976
7.63294304806719
6.44589887687965
6.13021067869725
6.17534305430267
6.04123959583344
5.62252708573355
6.5768272994321
6.96347524208647
6.73940937095856
6.27691308320095
6.3667816904168
6.94573818073106
7.20534163773971
8.74223319709087
7.55361100046014
6.96459847933101
6.31230348073237
