6.48575561334919
6.1932091983105
6.8459688731559
6.71678033900384
8.17079246636417
7.3318826044315
7.82488840097374
8.67812635723045
8.07753961710966
8.35566570613549
8.63607641942124
8.34896242189386
8.61245539671073
8.54079906410813
8.3236717445828
7.70595726752832
8.13085022921657
8.30947207960862
8.39656084544087
8.54482712800258
8.7120200518152
8.72159639996414
7.10378540663214
8.38375008125571
8.33760088256656
7.71893565254303
5.52402725000789
6.25163312437149
6.8264332153829
8.59222880006875
8.07493384453063
6.79073125649046
7.54871675583387
7.64834795415373
6.6267589402611
5.8394178927708
5.88752400217848
5.93252315144847
6.1619386063328
6.18003862534365
8.53193657997127
7.18368734315114
7.31716398162169
7.25349451904437
8.04580940248797
8.4198112079257
7.24947877846104
7.88814031182049
7.30833386658373
6.27520979833492
6.21508779217393
6.0502640872822
7.62606447221328
5.82464664976885
5.8415484217398
6.95608162562663
8.44153690025095
8.54857428532766
8.55568183327766
8.71213078918922
