7.11618434575665
5.60695993718445
6.25668915809704
8.3947188964676
8.3927696055594
8.72801906114631
8.2807575166572
8.0668872248051
8.20221489964578
7.13412703386548
7.03963517885695
6.61905382816879
7.25507060053026
6.27477581615805
6.47385432306638
8.75430448014455
8.60637436418461
8.79118264850037
7.09153249590079
6.89342871483452
6.66950284536786
7.56379872370898
7.17403117285674
8.26415231294411
8.45583077998334
8.75869486349873
8.350470200751
6.55015300966115
6.80123707938255
8.17996920774628
8.37798324541764
8.71688634442155
8.63582825675059
8.35494452424473
8.03911431369547
7.11575415666672
8.67396739695264
8.19466872865745
8.64641531974716
8.58111644149612
8.26899107967167
6.78936756087351
8.57479261926737
7.14021832356022
6.7932031236741
6.66121537333704
6.74358894012336
7.10525256929626
6.33271006657954
7.24670627080039
8.64161920263567
8.64424378223528
8.78024342257568
8.74268599035672
7.82812934797245
7.91029002444304
7.18574899304475
7.41305542583394
8.39988011340543
6.77635649181834
