7.86651549158649
8.0768882346078
8.17467479630874
7.93421680394313
8.45041637446382
8.55961980003176
8.28968353793245
8.5809354443425
8.39133200233032
8.23993715636497
8.46281971710208
7.76656496548882
8.02922640641439
7.67074098384871
7.79705731885101
6.4895941295053
6.49625859428504
5.89157555117792
6.08485488598755
5.57731094898541
6.50236685171566
7.83475526432447
8.3457151819504
7.9297512967284
8.41981822592909
8.77350373371196
7.22553224509617
7.71340731021671
8.11628992399657
6.94459905066052
6.72285042641965
6.17752576674616
7.22237291890228
8.26347839429353
6.91938628481651
6.92027298908167
7.74817574286296
6.43356569291203
6.67497515477283
7.54620187750777
8.46135148641973
5.73554143661953
5.58384607286659
6.1022822036724
6.08181775030483
7.21664679399952
7.18188103532225
7.16105823112483
6.47850905960854
7.14562115535568
6.30980120758727
6.62531038097706
8.53467795326043
8.29329544747583
8.2747112770652
7.2968490377479
6.84322468833748
6.45536356875423
7.23767652890797
7.27777777050105
