8.16704169389429
7.47799220685395
7.41137018720688
6.6474439857794
6.84208224026652
5.96733659372211
7.15026972195981
6.20277369516376
6.71012276412814
5.66279715867942
5.52586892912587
5.91346894929859
6.37909131525381
6.1041507313989
5.5963746915284
6.25847870294563
6.28496060103264
6.46600390853652
6.75827737244483
7.1966075689875
7.49353898203775
8.1758542640065
6.40311161221854
7.02315576729647
6.84862718599376
7.08605430709632
7.9933558652086
8.52437807664957
8.43191693795138
8.77737509767273
8.48222207150116
7.42042652420749
7.48323574853063
7.8986766765147
7.92651289120527
7.06656675620882
7.0655214165391
6.32713192496814
6.64081703251852
6.95810997266512
7.85262259509287
7.40407198566626
6.465662387263
6.74712392695229
7.35313205022533
7.01729852559109
8.60960340820032
6.7413457594402
8.65672351190497
5.95325375214736
7.60578228888619
6.95017548312384
6.57034530128443
6.28038090396585
6.67509694590019
5.97365612833362
5.97250945071336
8.01373527521845
7.35309033942465
7.12639944315
