7.68938168424083
7.85656575326265
7.71377203001128
6.60347918019495
6.5100654832826
6.5409031797939
8.01837363059568
8.44657298678383
8.14767198839625
7.65362688036076
8.2580078592706
7.71385598046048
6.70921905151936
6.39182618449034
7.8872047681818
8.54343697468604
7.54238337883284
8.50847013307008
8.11764867111363
7.35201925398864
7.2186051540381
5.82360143078407
5.75051665780683
5.9630713538516
6.559852753549
7.16192226852197
7.2982155016614
5.66025859534988
6.8553325856375
6.87383486143143
6.21348627283067
7.08421052663249
6.73073323491086
7.13166923847835
6.57237611923899
8.7923161677695
8.76496823936559
8.13110418308089
6.84924438381168
6.77777167524214
5.59210508406187
6.56157634813068
7.33690176707188
8.1586988285506
7.50197504398178
6.98748518735143
7.65027424591519
6.7494755750133
8.50989704344168
8.36044554771173
7.78638976155071
7.7564399640732
7.92288829457988
7.84118263923084
7.77311795581018
6.02324982554298
8.41428864184194
8.04581917666026
6.19422179822467
8.10675649706863
