6.55493917165164
6.57176437857911
8.33491741523112
8.21023679603907
7.79916109182274
6.6916625361445
5.52749522378897
5.64310443794685
5.84467862126579
5.51038751496812
5.52964270130018
5.67322866748918
5.62736608404565
5.59554188882252
6.13129539025415
6.36497919566165
6.41526368783678
6.28944464897428
6.11767576062276
5.61623101157565
6.50716124604123
6.32467631890691
6.64520466536643
6.62635001083066
6.2436520142575
5.66808962656767
6.27929274666152
5.96253056478375
6.78596873788072
7.03034377165048
6.60421577269629
6.78637463175558
6.71456811208106
7.45031218892195
6.37296543815405
6.79704765845047
7.3590451496373
8.08274900398881
7.38946594914513
5.52997850984451
6.43532248127771
6.90745335502117
6.00516645801432
6.75084628762573
7.94755075841107
7.32732111620381
6.95381377188892
5.88756713236963
6.48273191861218
6.1235626990632
6.36846707146042
6.01350704229945
5.70924170822791
6.65492146425928
7.23408834352356
6.84326027752019
6.40499929911945
6.95330519110014
7.81923559258702
7.51115919441392
