6.6916905686305
7.49283677127757
7.9871265385075
7.50448654421985
6.11012018273733
6.05125610403247
7.49291724903596
7.3230357011459
7.4661578979066
6.73644064233661
6.47136948420293
6.26911590829339
5.85135858460023
6.41318459935168
6.22664942932048
6.10847021117539
6.08533188015886
5.85031511263867
6.14161356087603
6.53740833064524
6.43319866130814
6.81387852988892
7.50038212176747
8.5093758774563
8.2086865682427
7.74062517608086
7.98467435277217
6.44955591633134
6.86520654643856
7.09902941808651
6.3880751479419
7.56948774722424
7.27625173016576
7.51391296843241
7.66014369406774
6.4821890967171
7.77211211579378
6.3602917432272
5.87012157154947
6.91720161415847
7.27392450809714
5.94899090501011
7.67660380602346
7.2870497793415
6.98260090610449
7.05249798508364
7.123091868986
8.43998203831041
7.19774090427131
7.27312606256504
6.99490210831543
5.55236783626773
6.41192148779685
7.02297859260079
8.09600344982898
6.48573173493557
7.69213718909889
8.57283334032316
8.66646071025056
8.72889862591074
