6.97632819650553
6.5886902918027
6.83109166000473
7.35876485978378
8.47324522974094
8.02522392714575
8.72373168779179
8.66374550937244
7.18493575107755
7.76151718650845
7.9502546672315
7.93415480629895
5.97720080513435
6.10369333933657
6.90722247102847
7.18593489729594
8.03601880653864
6.07709838098913
6.10927820639885
7.43761451464346
6.23582842301505
6.50850918799573
8.49705824541259
6.33409611123676
6.27454711621909
5.79439866181715
5.54825567166203
6.91874853882066
6.53124342821391
6.30303559770035
8.67185646389587
8.30595632042137
8.40472410423777
6.26380898747689
6.88140645518709
6.8461763208061
7.75933264550396
6.18363781531539
6.32479921155375
6.26709041858429
5.66976924226018
5.73221605575666
5.65958452325935
5.55909597729588
5.64313684709552
5.97219009161916
6.99336036762213
8.07551597100231
7.9314278239904
8.32759698944125
8.21194436724485
6.54870051911722
5.83693588538183
5.89028427329174
5.95937984526169
6.02217607519868
7.93360716559189
7.89331604155073
7.44130471095986
7.31682725335468
