5.85203699914967
5.64248250496897
6.75976172913402
7.72732736322016
6.83772514408316
6.58726346655458
6.66057931399415
6.96272834979913
6.93291638562318
6.03449895365601
6.13129854452763
6.2660526424266
6.28469448192897
6.50469343015043
6.18974299289035
6.11416925661272
7.0104163854135
7.88192426806145
7.26351478203325
7.34906425090509
7.06816888362616
7.4973069742961
6.85279233918132
5.73858488299807
6.74783009097939
6.00375146145104
6.7627615717558
6.93802287333086
7.8141469521517
7.67509440889442
6.15456755775205
7.59593926133422
7.70360518557794
6.89406554346833
6.58846016803464
5.66211278031634
6.8497582173624
7.81311995512056
7.8283755691326
8.46582172577028
6.03198003410438
7.67533665240049
7.01581586893886
7.88283855311192
6.59903485217682
5.60348959690783
6.97510765114197
6.83541393237496
6.9125176989588
8.72693359045396
8.63695904675477
8.09033644299096
7.99677027518192
7.39468863646542
6.84375863352374
7.66136859482409
7.21346958041289
6.61508286291831
5.61936617975242
6.38573508390344
