6.60808633115083
5.94373186744952
5.80180193244586
6.26414747081131
5.85488948648498
6.34190579779895
5.87925798907721
5.90567596288994
6.10844733784571
7.31948631778357
7.0988819317025
7.56468901977657
6.17871336668927
7.76346197289527
8.45455505473652
7.25506397344285
7.7190399298192
7.33701633737006
7.37178842342117
7.29951691175976
7.98169704358203
5.7178329977346
5.70416803269586
6.48899807773725
7.07536266436085
5.66163433029841
5.72059848080972
6.28168170740534
6.42823956510228
6.09724452274323
6.58431220031192
6.7080909902123
8.3393252788936
7.2768470749751
5.54065582822509
6.71333088819561
6.15676651487715
7.201045894858
7.24564198911993
5.63199981186899
6.20241760185251
5.80645089745099
5.8712132818489
6.01403239343451
5.58525495848421
5.57140955261297
6.50232446677708
5.52669628671512
6.00562693305899
6.03619783230548
6.1373505573638
6.5731012470178
8.50616435632535
8.7361136491491
7.72685088222243
8.62651011393017
7.39022765228588
8.11562785385483
8.19447961937688
7.06183827132038
