6.75744677670253
8.06318898531561
7.00398209453284
7.01846690310126
8.16482780943552
8.38450927382223
8.3046003645972
7.68991608748796
7.59336293142863
7.62261176787531
8.55710564643223
7.96762807547193
8.55859438844683
8.5331358157455
8.47579611278328
7.88256580347645
8.15767152199972
6.60353187332158
7.05370340294607
6.98733210494381
7.5048401053363
7.82195922983728
7.88319915562579
7.72524646563808
7.66699378099348
8.63992961808592
8.59825124385436
7.26205320868679
8.3250626916448
8.60493079553767
8.5704630054305
7.7251019407258
8.09064303669691
7.83699366734907
7.95165636872399
8.30346358984658
8.16049601165038
6.09223153470391
5.74246186692061
6.86662175457285
8.4651856891827
7.98267916863212
7.84886871800469
6.69045196501256
6.82605828688104
8.43820069206717
7.35897472535444
7.54183701483717
7.17417324877926
7.2956709286104
7.24470716916664
8.72268516070761
8.09392556119627
7.57982705943203
7.04979902240364
7.1247885615795
8.42299808405707
7.74170469720374
7.8996541211663
8.6452883234323
