7.51081860881845
7.30640814134615
8.49972629977746
7.79663751586177
7.87008191422784
8.33315809985686
8.65443606649388
8.59248840616785
6.5905277747079
6.82492196938906
7.86701228882593
6.70860275407247
5.56025553383679
5.50618540591391
7.4175824472528
7.67871370196049
7.9486060779795
7.95607171156136
7.37190320269085
8.23101960423242
7.49905106962289
7.0605576236416
7.47115365951493
8.23679726353113
7.56741306103187
6.86961037467045
6.86499689553676
7.8470137890831
5.66664917799015
5.52141080410528
5.76768068648884
7.58084623825666
8.1706993115679
7.15351005471709
6.92222949874552
7.6595344737203
7.89152658658879
8.11247655858614
8.10584360744989
8.41968258522614
7.1293933235328
6.57228475905405
7.78775895267299
7.79927422149612
6.61142127350678
5.97500767219708
8.14479151788136
6.92439954268808
6.31764968880487
7.26986700317552
5.85665376378534
6.24835291150529
6.94205810724789
6.11527240696977
7.76605250921183
6.39905807781583
6.15923681127022
6.45024681427623
7.29082750966491
7.29900034512112
