0.114767916468717
0.137953061901952
0.164560808450008
0.142407913275878
0.159208088080678
0.137813594507534
0.142998838404137
0.124015322673726
0.121980253407359
0.113824771193894
0.119768548065212
0.114072292308195
0.0976744847110087
0.120138936680194
0.142051288138752
0.102421232318948
0.101548995085222
0.0981194933031431
0.111876017405112
0.114160146120494
0.119228088559706
0.127758610738124
0.126323993835561
0.123720921925206
0.112269197210247
0.124640706368093
0.117406385464129
0.105651699118857
0.116803463168011
0.150503913811897
