0.143925728016278
0.134107790008833
0.128939141681735
0.131607619648037
0.132172059832709
0.143263120466668
0.140685136896389
0.132349337375544
0.145540302085652
0.150682206009525
0.129857743818351
0.159037432006298
0.139365509365276
0.119253148855773
0.105141673171132
0.123576616141773
0.150741270313667
0.131940415230112
0.116392800003951
0.100976098039519
0.0936479951965156
0.116371551131356
0.102964994755207
0.137734537916134
0.14455161175514
0.103918004909475
0.107465702473138
0.0922688538660204
0.0968349238707577
0.0890257813141453
