0.166511755916878
0.13314469949551
0.139943918690113
0.141917185651968
0.127159832426528
0.130263957971976
0.106848603167161
0.0955868009085853
0.0808715067996437
0.0827120758618807
0.0946542875488124
0.104518793425077
0.0921959712107323
0.0995727604431547
0.0841318071700117
0.130764076459719
0.133890614757211
0.105383845002886
0.121193494014689
0.129199821991611
0.115044411530729
0.126710595203743
0.151919923578789
0.150345843235845
0.120601046009971
0.109127136007248
0.0862735375375252
0.0917300482739394
0.0860340878843609
0.0843923149425606
