0.158738314233691
0.155028053170652
0.170163659077742
0.166162937808532
0.21168837480063
0.176629425921426
0.194772348592261
0.134411798136845
0.123509962070578
0.139708971908378
0.15084594118064
0.166407441899754
0.172884723820135
0.19544543263833
0.193978303797915
0.0895307889338822
0.0981850822216625
0.0992337954929449
0.157989703071971
0.157887732226131
0.174368439049294
0.186237720002342
0.200821491502776
0.157528215784666
0.216172681389237
0.163938714518622
0.15202130371877
0.165160563497439
0.193164144324154
0.190448826423643
