0.104288592191502
0.101334221159598
0.103283479730416
0.105019442037165
0.0801193623639186
0.0810372264665884
0.0972527912336521
0.0879284487618548
0.0878470585985026
0.0896152381065704
0.0894786053717506
0.0860598924850972
0.087561329811456
0.091536481249948
0.0918177369958244
0.12502863702803
0.142640350693515
0.145391269502508
0.161283477941486
0.166202984800365
0.147316116499524
0.104326608437593
0.0904071080846035
0.0880254963606671
0.0910228413166849
0.110092218065662
0.10678439548875
0.0984596960166345
0.0856124522378024
0.1191360079985
