0.148249515623525
0.132193164964002
0.140681380704304
0.134000816128239
0.138881925628613
0.112617319071322
0.091753222780828
0.106926755995916
0.10042702141053
0.113538133969375
0.115955468713112
0.115862326264556
0.135500505728543
0.130839373371402
0.0997649917460803
0.0845355651681574
0.0915294274712866
0.0826494647580391
0.109300612704518
0.101545965267409
0.117816618749989
0.120061044025795
0.126884932012583
0.101063334149175
0.103189805999985
0.088195588488743
0.0917013178013229
0.118916317160084
0.11690331151968
0.085819316069143
