0.173088019522241
0.182825825595034
0.158811765203709
0.1511447140823
0.14674406561828
0.15102714223713
0.136848172780666
0.119338882626103
0.134540633105244
0.118659131543401
0.119440586579466
0.131549570430374
0.108202562906362
0.104144456247248
0.138975323976658
0.138278152891238
0.169389689003369
0.124829524556865
0.104374541633037
0.0896329769751981
0.114281787595048
0.0986672800019446
0.0848783273983396
0.111361365884358
0.119794265145481
0.118624855065296
0.0926419488639072
0.129902416769603
0.132635864618396
0.128550611778918
