0.166945822386566
0.172422898863901
0.190898604239942
0.19062761471771
0.155015249395098
0.18327170424064
0.176762023103732
0.15150976834159
0.147304977969292
0.118013418554462
0.112364440932566
0.15918069960676
0.173309080264733
0.13400128049524
0.149776877825891
0.0816291782084653
0.077031524289517
0.0946949575366635
0.0927843560545016
0.0937421798949647
0.0994126962343487
0.0862091848485598
0.0968402791281003
0.10120965942596
0.0981058804480227
0.0986340000073164
0.0876621083641781
0.097207393659656
0.0959812793524807
0.105765820518227
