0.100309808989219
0.0738685998059223
0.077723557479554
0.0867531408315846
0.0800302011462564
0.0889901096020899
0.111784563499287
0.0962323667791964
0.137205010709127
0.128620896087346
0.127941213308521
0.11036178870104
0.110227306191727
0.108760350566373
0.114242236790786
0.342359444057657
0.335202354440085
0.288893975860531
0.287576363405382
0.282309564549661
0.281312117441738
0.229230168871501
0.172661541135888
0.172194487530224
0.167408664574461
0.155716213131766
0.118827739498662
0.105391753061177
0.11406143114365
0.138605437767357
