0.0936310071158222
0.0816554237446035
0.0816346581778365
0.0796536791948124
0.0822969033098335
0.0813849561929997
0.0824377204900828
0.077518899613335
0.075714678878801
0.0827099748881828
0.0840109777662961
0.0970435919124684
0.100374679822676
0.149066986199196
0.120449332925996
0.0705977938737505
0.073662001757006
0.0782865243612544
0.101593933199076
0.116716745408166
0.142163520231499
0.145021059500732
0.1082304557638
0.105207282749289
0.107540959964729
0.0988387449932584
0.0988242366917416
0.086721988110814
0.0934767508079021
0.126786435350542
