0.09285382024786
0.0983841258794939
0.144481456767399
0.185938927221543
0.160392023302945
0.147192586947246
0.129367791805187
0.158258513123447
0.183629232013936
0.138277458473133
0.13551033255749
0.123888722135417
0.126086089127479
0.122734594594764
0.141383017409504
0.0838161909723273
0.082677900190975
0.102194655110122
0.128513795923774
0.121554298394592
0.103790406857061
0.105518092225171
0.0859239425877586
0.109819997915672
0.146966972418917
0.127610397021831
0.183736633212721
0.207633585703099
0.186626877723782
0.173637883464307
