0.166277516452172
0.177010993365432
0.181690782803715
0.176557228547877
0.150189255503252
0.136657354829082
0.137306093204942
0.149885227691256
0.163725437424822
0.180506236422481
0.209104444289835
0.151197166474643
0.173929030780721
0.163201589547375
0.169513590453812
0.128101549009341
0.13501414678303
0.145975744397581
0.128466640904805
0.180533185106994
0.13961936244915
0.157581594471758
0.160753890795462
0.177908945761154
0.171800873649
0.200150996151039
0.200832953770392
0.203241218402638
0.174325862316053
0.174584110394044
