0.122453267024768
0.112936320372695
0.129070659303005
0.138367002408052
0.138597232004651
0.168250619508389
0.18565046790501
0.165472208040181
0.162586131308955
0.150361863746049
0.131221782280268
0.150979355188191
0.151262863277271
0.153889147759098
0.186664485991083
0.103617471291597
0.127330262486582
0.108904213373733
0.103767771893873
0.114127418471576
0.104027099337724
0.137063112952867
0.111895667731836
0.120028644165401
0.143075779859517
0.129383243964473
0.125597671093441
0.135077576702904
0.165459057800124
0.134592698109887
