0.0965129263102932
0.0726275943355147
0.0675070492092482
0.0662135721325832
0.0648186054463834
0.0682246419135305
0.0710946207559537
0.0705339754722138
0.0729981353204176
0.0841808669175749
0.0712734834685439
0.0761821998619692
0.0789310412017692
0.0957716503526123
0.10057140932535
0.164070073023036
0.203814722764585
0.200718779062636
0.169701416297159
0.173224362228286
0.163455672800735
0.207967304031647
0.205575239452441
0.196235882982222
0.134397838015995
0.13668685390601
0.0982943545657698
0.109038857364518
0.110107546008808
0.0998810796344494
