0.119507736896449
0.104259087796264
0.119514996052881
0.109360820213929
0.129519180668168
0.108094877520043
0.0866664575419244
0.100115934374914
0.0976225449991026
0.0980763954211144
0.0916748287394274
0.095323175030269
0.117286381916804
0.129317028729025
0.110773760244338
0.126413841994197
0.11409824605745
0.144427174503667
0.144040222965832
0.146610655625251
0.146399935387306
0.138534375879632
0.123347120525619
0.102185739860548
0.104517722469654
0.106497040179962
0.111253226310385
0.115699944282166
0.111030203957601
0.124407492998521
