0.341160282653196
0.291873077584224
0.307659772528902
0.306421880568246
0.2848606396117
0.276203837761415
0.201761401002191
0.203851009210164
0.209826060222426
0.187299607252407
0.167007076516088
0.15931353558513
0.166138303243853
0.143247813041784
0.179950651462186
0.130021586710387
0.125000638762579
0.119318693021539
0.175749630272234
0.200011811085007
0.159626697869146
0.128171882535324
0.120314141987412
0.160236767490391
0.193056953503877
0.169901744511502
0.132908111720593
0.14757615857464
0.144391670408834
0.150852070654427
