0.322901768212375
0.305081068707463
0.238730768068877
0.241000127295616
0.298483609437116
0.228504583328273
0.202162238719729
0.238428412452133
0.296596493212712
0.306439764082042
0.310246913733375
0.255731857686102
0.255558485417413
0.224054665079375
0.215442022388958
0.102912065650118
0.0883134191276978
0.0860158920928126
0.087558580561849
0.0846399570184333
0.100741676803513
0.138710567465951
0.141305109602716
0.196009630930025
0.224450701582427
0.209553860235422
0.183495023621747
0.156943801762366
0.111618083715432
0.146439975442704
