0.181751862269595
0.201348441854209
0.194830907977
0.178647957094408
0.173695265015804
0.197236168366896
0.153804682616068
0.157131009268179
0.177082630166478
0.165657961383288
0.199428070052386
0.176713207347319
0.183176724428846
0.235209770326681
0.202818796443051
0.164595989589578
0.135450730129538
0.116261545320065
0.130800027682749
0.179248356275886
0.244065009492171
0.218163916034675
0.267495325508851
0.272399039838531
0.264180940945096
0.259630006093658
0.255000049506955
0.305066787759274
0.301501900446645
0.310135941631439
