0.15880214512417
0.165671749033357
0.164884011917198
0.181611328847028
0.146320238071027
0.152319650466658
0.13722138562272
0.145727390729957
0.1976847739138
0.19503209551226
0.192841176270598
0.161331805893137
0.162489283550176
0.16493576557663
0.132868803023656
0.119528079362314
0.114327962685702
0.144669517397118
0.176159610145026
0.174943749522571
0.176090668577785
0.183348610992502
0.173911752916672
0.160942961891177
0.155980261569629
0.165393776312586
0.207691488332753
0.217734775475181
0.168403373290146
0.19589922818676
