0.116289922125309
0.122068409849748
0.132060213850913
0.138214961516659
0.117013315806794
0.0899141379399726
0.101456843377628
0.121407123349777
0.193212228655486
0.163043134322577
0.131192322458622
0.122041371389996
0.101114732902194
0.103188882904678
0.0993499265169226
0.188641726359234
0.195149231875948
0.155658504959629
0.129351196186918
0.135500603685853
0.133980379359066
0.134938349890585
0.179184437025025
0.168167293313713
0.16205039412107
0.160433580170319
0.104849106204635
0.11998977641182
0.125118126159366
0.159102364512816
