0.107469951274614
0.096943599820594
0.106616118725634
0.0987476365466822
0.10221088662321
0.0878198996260427
0.0934460606319904
0.08820805051356
0.0922806866665759
0.141469541890812
0.129663588434532
0.133725608175985
0.0917315630215991
0.0910903149142718
0.101565921665501
0.16266398965793
0.153622650687933
0.158716781061252
0.155860023071149
0.12555207433473
0.135058242512291
0.196698419295117
0.171530850303818
0.193377126445412
0.175292833700322
0.127111120752555
0.127471302419505
0.154789882447162
0.156222761497389
0.165328281563175
