0.169761379003035
0.180088617056935
0.181947532627225
0.192354605701181
0.131714142530713
0.125314573129587
0.137412902909079
0.17027116183741
0.179139743550298
0.161179413683302
0.216026069522362
0.215761921053383
0.189795437546411
0.195287990441908
0.185488178674333
0.191795601693859
0.137957927199403
0.140458644111227
0.116152597574489
0.114859732968105
0.165645582165868
0.164186568208297
0.176052301326011
0.158526137125248
0.194032371829594
0.174032312217167
0.166583338258167
0.211568647442197
0.170638054163322
0.172644534943336
