0.10299646358467
0.121556154937941
0.125755303496707
0.157665938468187
0.127754734441608
0.110947250813373
0.109851477205745
0.0874026970018586
0.0943713374886607
0.0836521292291985
0.091455349961344
0.0855015166926884
0.109626975758371
0.0934935724547183
0.0754522001117077
0.135226383570417
0.118195424906431
0.0906322774295088
0.0821972079634711
0.0922619859754389
0.0951315674840774
0.0849575158809723
0.106785437280779
0.0805847826260019
0.0893326404035969
0.103767766168212
0.14966599675468
0.11934931028918
0.0907428081790067
0.0956572434793242
