0.187795267176968
0.147653847519713
0.155028062739482
0.205372553009241
0.157599732312275
0.184296598998556
0.185510307885535
0.193818784032087
0.209712768721394
0.199631488148466
0.191717518859326
0.21685173758376
0.205648988457913
0.203076770641221
0.199408477043452
0.244411024587436
0.204466014772201
0.236278381650688
0.262888563895315
0.244253952559785
0.239526440194927
0.200541578738089
0.165925918566883
0.14494158669403
0.147653383311851
0.174633639467027
0.182472616985877
0.241574290214059
0.24606789441287
0.241994954483666
