0.153026483624895
0.128481445611723
0.111520787799796
0.12373517624116
0.152610141929784
0.175491948387385
0.225632736290937
0.227894542712398
0.161506553660647
0.147041997268917
0.171562029772484
0.113031084435587
0.105835294162149
0.0935607638962418
0.114387370855686
0.117347405192518
0.109508772251418
0.0904688421300949
0.10166986479725
0.117668425208368
0.132921490348056
0.123081246333764
0.108213495267583
0.10856906302623
0.121353396044874
0.126979606546061
0.103689335626335
0.104994866308241
0.123929610611913
0.111323161252554
