0.15810114700192
0.149478920921871
0.144331131807315
0.168982792266401
0.164152849451579
0.173638123315389
0.15819527043619
0.153730692079584
0.172243693784984
0.155670218798448
0.154394939196614
0.159564937781747
0.174025282677466
0.182893092260517
0.18440017968894
0.198686182153894
0.201410717243866
0.208591789930898
0.188226254979458
0.192932495312328
0.214431941586335
0.219010404597465
0.203590079418363
0.221017855369912
0.196830227577458
0.197959590663022
0.205270446502941
0.185021112173943
0.168542302959424
0.166577554462393
