0.12354894182827
0.145206526276306
0.181769934643857
0.187676034119504
0.190408792208932
0.238881007541372
0.199414446496667
0.231221091248591
0.301094995127613
0.318152951125815
0.31326070942401
0.30838658066055
0.320240993928626
0.316319418400264
0.305021672557511
0.125295258539688
0.115565028105518
0.136583385852326
0.184015027040173
0.184249379617134
0.167939090687718
0.148799208684281
0.138838124527497
0.129623768203279
0.113830983135063
0.114923241580113
0.0988884040154895
0.0939392900317047
0.0893737713775697
0.0863553465564633
