0.146600869322166
0.156681587026068
0.174087888800324
0.126730219997835
0.149589216427138
0.176300362533603
0.143927705500242
0.157541835770475
0.101653586028417
0.132405880984144
0.132304987346136
0.120585585291438
0.0992568213664785
0.109254577391646
0.151929194563823
0.123196160063086
0.119702538019161
0.0868059478676202
0.111599569167236
0.121926964601801
0.17547374236874
0.183713861549362
0.191951977608297
0.137916344842963
0.168782818877192
0.120991615399722
0.131051625419687
0.13411954397389
0.113841471196134
0.132814088623032
