0.098377445806129
0.102611160492628
0.0839909841151899
0.084186569413797
0.0836440767551201
0.0872888890135141
0.0878392912834524
0.106700463445376
0.0925386148172695
0.0925457795014177
0.0801678246007076
0.111752080912695
0.0815047137338255
0.0668424096588074
0.0620765573739772
0.115073588953371
0.148100657151733
0.188520583674658
0.164895366686383
0.169530722845082
0.176426883293998
0.144162967729896
0.119485532287965
0.100700596769683
0.106181584958124
0.0816033646929061
0.0781980985276283
0.0714830637669423
0.0730267181461902
0.0767568001302196
