0.201170306422211
0.176110560286372
0.192752337758387
0.193403711740085
0.247857767292718
0.208399751187883
0.215713148430225
0.193467948288009
0.178078260991938
0.174141301575766
0.196221650985433
0.200124667644579
0.15871747746278
0.148976741686549
0.141154351761434
0.143296928983265
0.146282469801001
0.163619319268961
0.128066091364476
0.135080662986067
0.127965469495945
0.120368289837115
0.169947775510682
0.130952361256004
0.127910088643386
0.108836094026504
0.115429231404277
0.142837598045296
0.114227936683344
0.111633715308632
