0.0883486227620485
0.0953966008919275
0.0894633057976649
0.0740404947118736
0.0960497743596716
0.0835988384856576
0.0835065367720176
0.0865053991039232
0.0900892554999631
0.0761046810777671
0.0931559318690681
0.0960561462190778
0.0719132310834499
0.07431506985037
0.0896980161152863
0.168339693752821
0.155897444363512
0.170522630406293
0.19023319138312
0.145211007542815
0.146380905543487
0.161436911820391
0.143303663049395
0.150696643302809
0.120687797291253
0.112032629944748
0.127819908150926
0.126629434914085
0.136690893611577
0.139388421340693
