0.14044362658096
0.147266277900527
0.168345373139758
0.182550328766531
0.141949431032841
0.144914309820321
0.136423465394997
0.138388283823788
0.146708290529205
0.158807104766769
0.150999874153493
0.143177420050041
0.150639719215235
0.140061221816444
0.160332357635547
0.169759068095999
0.134000714115547
0.148595312518272
0.12461213913066
0.191594043342178
0.19050161615379
0.164091521669891
0.147747776562923
0.184227613949762
0.142898007867804
0.162516303717909
0.16424032078538
0.137230607648359
0.137987318446751
0.149801616695405
