0.0977469946079003
0.107167920559164
0.107158441100246
0.0918875700609521
0.0750607876436834
0.0839559575603251
0.0793387839153935
0.0633500340992218
0.073079903451839
0.0678475287173189
0.0759486913479914
0.0756933774216794
0.0963845093560143
0.124706721734221
0.161508012395524
0.133614829988621
0.14061176782022
0.13827380265591
0.147316618604584
0.12103306496465
0.107752900729305
0.0993771797304383
0.101364820535569
0.0807609180123572
0.0940015385542232
0.118349060267519
0.114515657236825
0.116437840734453
0.103783656196771
0.0874427043354443
