0.058641350209899
0.0593289966895175
0.0597372868506084
0.0651660542805755
0.0727231560277576
0.0618967214019669
0.0588506490561039
0.0616410177872514
0.0597378495782521
0.0613933908423293
0.0640817468891184
0.0576906059737742
0.0586471992430362
0.0575646334849324
0.0606522645144776
0.108567800332599
0.129203864242582
0.109430977956789
0.104217466377099
0.0858345998716877
0.0872458110141829
0.0730518727610845
0.0738194499465092
0.073085909037486
0.0716490031320517
0.0761651434463175
0.080591853477481
0.077538621069422
0.0788690477474962
0.0853670965248283
