0.154361522306608
0.150606958244099
0.169366052831053
0.222256231415904
0.228552075908831
0.218094762010948
0.238118375614085
0.225981767377836
0.226034522726718
0.172106018629918
0.159911856574874
0.179797660787193
0.134676157356291
0.159513965031596
0.139938031094187
0.155194995334212
0.163903746320642
0.154953102443531
0.172748876652874
0.197273859477946
0.194605631226814
0.20676365066896
0.205509472353173
0.159613440701133
0.135331744312915
0.156851416144886
0.169104620446525
0.163491189764301
0.119621913932733
0.146730093838402
