0.130520266128659
0.132568474412964
0.130957618094572
0.164843512158279
0.168417399924705
0.163482820999175
0.154720317252265
0.153966226486401
0.156452071104877
0.14707984082225
0.165758103573401
0.148232326730272
0.159474451180558
0.160836424678611
0.167208607680352
0.109491327243085
0.106844435663809
0.116582705434125
0.114915361637884
0.120886243434659
0.142566571968858
0.14926933711112
0.160319897136991
0.143869252722276
0.159763776583219
0.153353368536756
0.16674699847595
0.18406886227121
0.154618287657607
0.102956442753462
