0.162337468714375
0.152273281071385
0.15957795356561
0.186120629354575
0.221877954799791
0.17526249272271
0.16589621495236
0.178809081300716
0.178757645577812
0.116451044500129
0.151549471562933
0.112656877961803
0.11352940502505
0.0958488892480448
0.110463581947293
0.121785205935359
0.101025976461209
0.100940128474866
0.0954969997169586
0.151550822546532
0.135380703408518
0.15309546296875
0.18241109277333
0.179355726897895
0.14325266496886
0.135599515526808
0.149391205670862
0.145004502111252
0.12252566771995
0.113504786793266
