0.0940219615610923
0.0938137715304872
0.103900995902037
0.0793045703811934
0.091232061906819
0.0875268644067077
0.0821454307500713
0.0813891340232057
0.0882506737107312
0.0949127646765319
0.0971988726394584
0.10005057102951
0.107323902185315
0.128534638019017
0.130614486461419
0.0953581724359041
0.0810247917566342
0.105007207648023
0.107084990984407
0.122876728673526
0.107775397428441
0.127005242679941
0.154619442342296
0.165173005520038
0.150120069584812
0.14990275811449
0.153755670245944
0.110830645817299
0.0972253073107725
0.105419312329994
