0.146787639659522
0.148335120276839
0.178043429573445
0.145376219444848
0.165902032796999
0.202283654057979
0.223230281186741
0.232946697824573
0.21415192072627
0.243121553545127
0.246922423325027
0.208129121669421
0.163641637479525
0.126815879729025
0.144312679217512
0.262857421221168
0.268956718788018
0.25829978583882
0.202469978107518
0.208641746981121
0.140819607178698
0.142782156001254
0.128823688451052
0.140869922067386
0.131547820443401
0.13021903305037
0.110726310550442
0.113355043686299
0.120723321500334
0.143765625887162
