0.105849087770639
0.105299395752804
0.102712875906864
0.10395034422347
0.100517189566396
0.0958665859774811
0.106131313767328
0.108250102808487
0.132866680239869
0.143400723029466
0.144728947460353
0.14885198785644
0.14185292385787
0.174780374392577
0.131771272652493
0.14709541412886
0.146578491543308
0.10136881162785
0.127570552089338
0.112520992574046
0.128460672895134
0.142513691179983
0.146964403233127
0.136106634483947
0.143488237056616
0.13720665227146
0.13704199198011
0.151073372445849
0.156048303297755
0.125573563986845
