0.19109551168986
0.157289263679351
0.153615988011249
0.133021223464847
0.109673894078041
0.116537335068479
0.117041032404709
0.119294954954803
0.0954838541136334
0.132979285416824
0.168278119940134
0.133863651637068
0.123939936312251
0.0977815063679055
0.099908901082749
0.107779666775176
0.105159124698933
0.122264878946339
0.113159834765525
0.134452746925132
0.112540829661013
0.102065655608417
0.100880062397126
0.0948195677099096
0.094544695602634
0.122195651772008
0.102038123169054
0.158382582707591
0.119223981246566
0.121934916506014
