0.0943925533981153
0.0863494688803302
0.0951454837919283
0.117789752764296
0.118872756276444
0.153630753145757
0.163915198134401
0.162141525241987
0.187278990006227
0.16728213283421
0.146891768587799
0.126928613811198
0.186433348277356
0.183790241968856
0.133683530580545
0.21865127379157
0.205007238048278
0.188079063601306
0.115716034058273
0.113952756238322
0.113675058851676
0.11378663009219
0.0967830408217178
0.0906565065377719
0.096149373796432
0.0900408782389157
0.115137672406383
0.113291513088218
0.125037159087373
0.133476662428261
