0.168231188884078
0.164766272223146
0.170852664186547
0.147669723482972
0.127331091587774
0.128351262452327
0.128944972792024
0.135708072965639
0.135844427692339
0.141398356887168
0.134848502148645
0.126960125970256
0.13374733786456
0.164734324876466
0.164449223358004
0.16908205390787
0.178153611715014
0.186921015982254
0.210899373287503
0.201722433968298
0.166952389422931
0.176836050937205
0.178012519168196
0.137457256338454
0.122982405379952
0.136651533339117
0.13574783629166
0.127324007409291
0.160299683969182
0.153758588102189
