0.176258947472396
0.127762794319352
0.184201250049076
0.150686603363589
0.156403784395559
0.136646789553901
0.133506689055676
0.155647939241075
0.117602533840092
0.166951585462154
0.157544849857145
0.123997023983471
0.139722887915487
0.143448147489347
0.130768152707261
0.0927094368875362
0.104480407083669
0.0873482864663868
0.0874342498801945
0.08861296329652
0.088761405778761
0.0988865471366721
0.102325189621213
0.0940479753841702
0.0953495620840262
0.104893649167578
0.103189734839519
0.0925477927146501
0.0901972572402065
0.095132994159592
