0.149636166751546
0.192416909028702
0.162012735598107
0.19256401716932
0.163899848792929
0.148724706619212
0.181876263891876
0.200540619329057
0.195278342801164
0.198649696137398
0.158534292613766
0.206299641517416
0.201303255193571
0.202338224336033
0.190939783656634
0.19449157916465
0.153306827520033
0.138181643493296
0.126222146342714
0.124471553359161
0.124364092157897
0.125562701026457
0.111049585866157
0.149883873715219
0.133510285443168
0.136435439505428
0.172532427576915
0.165559650400569
0.143060811125232
0.169566646103283
