0.0766388166785402
0.0650608676133032
0.0681907610061699
0.0678044816597731
0.0631942901238665
0.0661980551597278
0.0912134574960102
0.087533989861658
0.108636488345342
0.119017817271969
0.102783179859962
0.0848218600774938
0.0891316479397851
0.10089705789696
0.10873947425825
0.0811734527008821
0.0737361866581919
0.0643790122022397
0.0668734073460592
0.0655030236866803
0.0698818221426512
0.075668771317972
0.100409431045972
0.146526932041489
0.10484981725862
0.111171430130204
0.10766140110194
0.0951300782091444
0.136598226195765
0.144902761719541
