0.1176979339747
0.135510992663148
0.11843417504069
0.107863139109248
0.112892952056076
0.108368770861377
0.127460086280226
0.123221471544343
0.174890845256331
0.181516579029765
0.183415180378837
0.159207354237763
0.120385541560954
0.110413027945206
0.0977281520727412
0.137984190153353
0.153505396342032
0.154546655380197
0.157066745876054
0.184332673302737
0.218607632764238
0.214292018236718
0.216642860559687
0.172539741765397
0.18269916175056
0.243924390775061
0.216072258678325
0.20606100750581
0.18449137263004
0.155872675646011
