0.195864274844903
0.135710900461079
0.158452332065853
0.163310656345358
0.161281234512449
0.121524844000177
0.116202258133051
0.145379192290599
0.158768654847168
0.126725892362949
0.135784512977904
0.15932067808333
0.130140700034417
0.135510160496605
0.201165271290368
0.18670212792262
0.169131217301408
0.179964402508524
0.235836150937347
0.203844317738895
0.200442478230906
0.182525116595579
0.198061177601215
0.176755384332662
0.155014279288259
0.163818396061435
0.179427547344575
0.176671299058725
0.180082565998229
0.121844977861479
