0.140106439921982
0.119605671117669
0.138157368750314
0.103114878189877
0.0874406166409564
0.0958584194137157
0.1040932966549
0.101004359760631
0.103924430883496
0.103798694554626
0.09584438829562
0.107790108845064
0.108746882732436
0.124776139410111
0.154110203596783
0.0717941115803083
0.0740609820439904
0.089333232213623
0.0873637528537225
0.0952255554932818
0.0902748142441435
0.107456429072055
0.128743751635656
0.109764663462849
0.104379895268672
0.110856065817966
0.109816107845435
0.107116177861623
0.107338979213259
0.115355129807732
