0.0967458004689564
0.118520720552284
0.115502047607961
0.122428363151739
0.123999688115631
0.114264012342603
0.136206858610414
0.132028672393224
0.160050771881431
0.134280890352179
0.136006519458862
0.128058467717741
0.138483829595506
0.139721177397092
0.120414469065046
0.154264312257782
0.150484599231569
0.175509070094697
0.133924405932946
0.160372454833851
0.170578779834915
0.181179136617753
0.194696125516492
0.199807310745633
0.186526912804821
0.140573757342624
0.13176042976996
0.150922765582025
0.0968618972409568
0.119638907513713
