0.234983648366777
0.235310772482429
0.241889320781687
0.246110866697953
0.25303186830443
0.24140367320687
0.223756889911145
0.225204573725929
0.258656165115353
0.198266083928299
0.213879163677653
0.243029758596984
0.23035168711513
0.211431964068496
0.187997781449241
0.22956992126295
0.261312218700926
0.230540856273125
0.221624058914829
0.16613737833548
0.203831596024837
0.231315283042404
0.210752746658432
0.205160134129205
0.208864743388943
0.217846291793219
0.155412199869007
0.155398066319087
0.147594553616821
0.205602114437659
