0.163498707563929
0.232110206800777
0.246006481403169
0.212019274181373
0.202966385696015
0.206995635417968
0.197297982524207
0.182891313691184
0.179181316454388
0.201376196991922
0.256390798938841
0.230371670862007
0.21927418760845
0.191741488233784
0.177701027018276
0.19248234756992
0.152846650022603
0.133639306722552
0.149585591214224
0.122925087014231
0.113570024951543
0.0858361777937176
0.0840176483749187
0.0774079002776277
0.069633905389505
0.0821211940227548
0.102688651500836
0.0907488540699057
0.128517658873098
0.156091571992939
