0.129679141110594
0.0942831731517826
0.0905966749541936
0.0946017390178098
0.0859571351498974
0.0850761972076761
0.0830056436053205
0.101893611300126
0.109469408850023
0.117226199853408
0.139151435875271
0.146207537334232
0.141589543104408
0.123960798535149
0.118191549389902
0.110537220675492
0.154730354754125
0.199855107779175
0.156989534597256
0.151574181488328
0.15657601576473
0.165136929676986
0.137706522617496
0.14460553002277
0.107378697273978
0.110398398233754
0.0932049449840871
0.0933221210066477
0.105263414394066
0.129237022170382
