0.20356626331446
0.180840049644825
0.199115556583336
0.132949170501223
0.123392069411047
0.139177195864684
0.0952190962801263
0.107970582034108
0.0976671957537323
0.112344626080889
0.129330885059488
0.140934893826411
0.135290167879453
0.143139814594218
0.146548836550225
0.169858903222791
0.171034682829326
0.124377112149902
0.154370410655272
0.151527108773687
0.178068141752405
0.188945795462985
0.162450425594387
0.154952792673281
0.156405595135676
0.107398918476398
0.119062924944006
0.10400121378978
0.113984272791892
0.104845746269544
