0.136867581683674
0.11628416007472
0.133833575016407
0.130495030940644
0.125349450458185
0.128552489051801
0.0954682939195371
0.101548806669986
0.115118752244017
0.103469905580257
0.105132845816955
0.126883462370507
0.117749057810567
0.115418900495287
0.105924450266934
0.104935897116464
0.105225680848843
0.105403534398967
0.130704429247832
0.158466428502103
0.158743149936234
0.180350760362934
0.199662022663773
0.179019835305979
0.190156065302923
0.185612517678019
0.202807939101285
0.167301529532484
0.162557278730317
0.166662296165103
