0.125330338800244
0.109662897702779
0.10021262489187
0.101404609395346
0.102286235154513
0.093504928885113
0.0967820683532429
0.0956846107172441
0.118541490568483
0.105400620034694
0.0983798206482834
0.109606799304931
0.111604372876721
0.113161912307117
0.105448722160327
0.11048616206926
0.0992301117058188
0.0896741085437989
0.0936910644638206
0.0729516899864607
0.0612684755071563
0.0615832476379918
0.0625626784453491
0.0652557235830341
0.0661413407787929
0.0660153824506325
0.0666086603513692
0.0642207798777591
0.0627237478527292
0.0670365449143135
