0.0948046364053032
0.109866808921016
0.121105765906465
0.139591326746375
0.114578098086917
0.0943053298506659
0.119909691798972
0.121811744557954
0.139389039562684
0.116485818569697
0.117870241810633
0.126163690547614
0.0980689648664943
0.111486863830319
0.0891488474469268
0.112240240550774
0.105712800202793
0.0943488708135874
0.100170729447274
0.109626331206955
0.11337215791137
0.10617636589379
0.132176617022008
0.197531922569344
0.161137397939293
0.173166014246663
0.182775453753254
0.206102700020477
0.158974257443823
0.142793068787168
