0.192215912445835
0.148528560409929
0.128409137944819
0.142768511488195
0.143105370869262
0.129019123147417
0.126893259106674
0.130422530052518
0.131037674587277
0.137324078320258
0.157160517327994
0.175614408657831
0.167561773111407
0.145897847611652
0.140027010525958
0.161877492551577
0.157897423742412
0.158375167898313
0.163311467346624
0.151409382289612
0.145831432618333
0.171250112976908
0.151511381001681
0.162732881708464
0.163394449537225
0.178572633408621
0.197112747001903
0.141779066569568
0.156536828725174
0.147130912083107
