-0.0951497047964329 -0.970874178827256 1.0981322542758
-0.992748255276369 0.231511269635454 1.43233771204263
-0.663055576164395 0.525488481690338 1.4008405503392
-0.663055576164395 0.525488481690338 1.4008405503392
-0.663055576164395 0.525488481690338 1.4008405503392
-0.999902099579771 0.638908228874681 0.69458379590751
-0.999902099579771 0.638908228874681 0.69458379590751
-0.999902099579771 0.638908228874681 0.69458379590751
-0.609166712359387 0.935027513982837 1.03569993445946
-1.15528595390397 0.544512608897092 1.24917159930294
-1.15528595390397 0.544512608897092 1.24917159930294
-1.15528595390397 0.544512608897092 1.24917159930294
-0.669879633469638 1.62472873981711 2.27945345058771
-0.669879633469638 1.62472873981711 2.27945345058771
-0.669879633469638 1.62472873981711 2.27945345058771
1.0967186902701 0.423869858560536 0.114192890146444
1.0967186902701 0.423869858560536 0.114192890146444
1.0967186902701 0.423869858560536 0.114192890146444
1.0967186902701 0.423869858560536 0.114192890146444
1.0967186902701 0.423869858560536 0.114192890146444
0.487734436149762 1.33374750609913 1.16816048368125
0.487734436149762 1.33374750609913 1.16816048368125
-0.580791762889553 2.79075022577851 1.2689833054481
-0.626741260027316 3.08693507751259 2.04453696042642
-0.626741260027316 3.08693507751259 2.04453696042642
-0.626741260027316 3.08693507751259 2.04453696042642
-0.750990626803868 3.97957387975135 2.18489091587463
-0.886075292978454 3.55315727421054 1.6442154237633
-1.29590750021444 3.22869381249892 1.78844562170629
-1.00021096841937 3.32240058016141 2.22714647279721
