0.399143052597795 1.02637220161336 0.97105108144131
-0.246253150191447 0.718987303782292 0.244024626183128
-0.246253150191447 0.718987303782292 0.244024626183128
-0.491979180266073 1.42643837601526 0.848551914721301
-1.81514902419607 1.00022078963035 0.882592419756961
-1.81514902419607 1.00022078963035 0.882592419756961
-1.81514902419607 1.00022078963035 0.882592419756961
-1.81514902419607 1.00022078963035 0.882592419756961
-2.01494604207365 1.30310639802535 1.22712398371553
-2.01494604207365 1.30310639802535 1.22712398371553
-2.01494604207365 1.30310639802535 1.22712398371553
-2.01494604207365 1.30310639802535 1.22712398371553
-2.01494604207365 1.30310639802535 1.22712398371553
-1.59521176183753 0.73111271732537 0.68422235578532
-1.59521176183753 0.73111271732537 0.68422235578532
3.73153347198527 3.94117591006571 2.30528802288366
3.7209773616686 3.87775182882017 1.88912720235088
1.87372539772814 2.68922038367964 0.979423787510379
1.55026912129794 3.16633574706065 1.41130572079796
2.66186727331415 3.54168614731917 1.06873930466624
2.66186727331415 3.54168614731917 1.06873930466624
2.08960799856242 3.33299676878654 1.85257524700434
3.05004432149981 3.36408071889328 1.58921466846841
3.37291481796143 3.36857719241107 1.76598097161557
3.37291481796143 3.36857719241107 1.76598097161557
2.05634805830846 3.98611452348115 2.139085852943
2.05634805830846 3.98611452348115 2.139085852943
2.05634805830846 3.98611452348115 2.139085852943
2.80474274210973 3.36924874455327 2.52001714729835
2.80474274210973 3.36924874455327 2.52001714729835
