0.942812621941397 1.35076218826971 1.86232446734482
1.39371775636937 1.65456889734284 2.1292210642646
1.39371775636937 1.65456889734284 2.1292210642646
1.39371775636937 1.65456889734284 2.1292210642646
1.13812026045698 1.52121489629499 1.96989460738254
1.13812026045698 1.52121489629499 1.96989460738254
0.285848868481099 1.68649191467813 2.11669262896566
0.285848868481099 1.68649191467813 2.11669262896566
-0.99208300169106 1.48143647648863 2.34244226538283
0.124361408608267 1.25025076999455 1.74366444079438
1.28790957766473 1.72724298060038 2.2343621641894
1.28790957766473 1.72724298060038 2.2343621641894
1.28790957766473 1.72724298060038 2.2343621641894
2.12005107897886 0.407362037955018 2.01295101375965
1.19578575185811 -0.673597532351066 1.6119276786558
4.04120465555976 0.947163687306689 2.47265864860555
3.66874367553316 -0.935122809425873 2.39227569936604
3.66874367553316 -0.935122809425873 2.39227569936604
3.66874367553316 -0.935122809425873 2.39227569936604
0.424744407639658 -0.997084119513671 1.63946745573601
0.424744407639658 -0.997084119513671 1.63946745573601
0.424744407639658 -0.997084119513671 1.63946745573601
-1.23486671136966 -0.50720439108303 1.24331858420454
-1.23486671136966 -0.50720439108303 1.24331858420454
-1.23486671136966 -0.50720439108303 1.24331858420454
0.451373078440731 -0.593238841526163 1.36500677532571
0.451373078440731 -0.593238841526163 1.36500677532571
-0.724198359154546 -0.268743066719374 1.43266215895526
1.1584357274829 0.393895432639254 1.51274318305118
1.1584357274829 0.393895432639254 1.51274318305118
