2.34210941613016 1.35114011780381 0.103436300624633
2.27729065216824 0.296403288216417 0.387524119589757
3.20017344923787 1.64824191317635 1.31627166659481
3.20017344923787 1.64824191317635 1.31627166659481
2.53198705859082 0.962232894625329 1.20202436400162
1.72062415477266 0.545952608033901 1.19447600510172
1.72062415477266 0.545952608033901 1.19447600510172
1.72062415477266 0.545952608033901 1.19447600510172
1.72062415477266 0.545952608033901 1.19447600510172
1.72062415477266 0.545952608033901 1.19447600510172
1.72062415477266 0.545952608033901 1.19447600510172
1.72062415477266 0.545952608033901 1.19447600510172
1.72062415477266 0.545952608033901 1.19447600510172
1.72062415477266 0.545952608033901 1.19447600510172
1.84596963451074 0.519564348225743 1.69351947939367
1.36414553027333 -1.09568410756779 2.0859997597526
1.98269883728913 0.784339817912542 2.51746368557544
1.98269883728913 0.784339817912542 2.51746368557544
1.98269883728913 0.784339817912542 2.51746368557544
2.60074726560662 0.815651568917049 2.52799433624621
2.00216251399163 0.770308022717951 2.60170096428794
1.51171876230723 1.73196308875793 1.77680755234145
1.86395460723903 1.77349679651837 0.938744007072736
1.86395460723903 1.77349679651837 0.938744007072736
1.86395460723903 1.77349679651837 0.938744007072736
0.915916341665411 -0.208218829697718 0.486995741834739
1.53308000578958 1.01802697713091 0.96827381313341
1.04202755237172 -0.607414324170367 0.863840595391448
1.04202755237172 -0.607414324170367 0.863840595391448
1.04202755237172 -0.607414324170367 0.863840595391448
