0.750974857877061 0.456200257779163 2.27088626020803
0.750974857877061 0.456200257779163 2.27088626020803
0.750974857877061 0.456200257779163 2.27088626020803
0.750974857877061 0.456200257779163 2.27088626020803
0.750974857877061 0.456200257779163 2.27088626020803
0.750974857877061 0.456200257779163 2.27088626020803
0.467405767647212 1.08597832438669 2.60227207988719
0.22065553637338 1.03428506204398 1.9150544291692
-0.0280106766688525 1.22120035350641 1.87307810687347
-0.271634417735221 0.202121452180125 2.3857169410866
-0.271634417735221 0.202121452180125 2.3857169410866
-0.271634417735221 0.202121452180125 2.3857169410866
-0.271634417735221 0.202121452180125 2.3857169410866
-0.271634417735221 0.202121452180125 2.3857169410866
-0.348439449254433 -1.11262958676473 1.51902767791965
0.0710183800145877 0.659296997895635 1.89138781925488
0.0710183800145877 0.659296997895635 1.89138781925488
0.0710183800145877 0.659296997895635 1.89138781925488
0.0303879454961979 0.949545363995667 2.03256008686378
-0.254138616078859 0.855599528336067 2.03969648575746
-0.254138616078859 0.855599528336067 2.03969648575746
-0.788150236019849 0.523507535497724 2.21779762962973
-0.788150236019849 0.523507535497724 2.21779762962973
-0.788150236019849 0.523507535497724 2.21779762962973
-0.788150236019849 0.523507535497724 2.21779762962973
-0.788150236019849 0.523507535497724 2.21779762962973
-1.12452763386187 -0.239931456390775 2.69341676411806
-0.476715272730517 -0.524126014127752 1.16047735872006
-0.647377591391146 -0.538305755493505 1.11660479812248
-1.12160737631104 0.0705444797157933 1.04410298228984
