0.265439171400831 2.31312167814117 0.160496208923473
1.03286999552243 2.95022908444842 1.6026490897237
1.03286999552243 2.95022908444842 1.6026490897237
1.03286999552243 2.95022908444842 1.6026490897237
1.35757005899555 2.67092857342097 0.989799332134393
2.22183542870102 2.79749633374597 1.12365469699248
2.22183542870102 2.79749633374597 1.12365469699248
2.22183542870102 2.79749633374597 1.12365469699248
1.45859857787717 2.69463764082194 1.09134344638082
1.45859857787717 2.69463764082194 1.09134344638082
1.06391280562321 1.34293559146548 0.619087396220864
0.205363211560056 0.976085916402481 -0.136122618472088
0.127477151254875 1.44294148723631 -0.154932180478978
0.249552197185415 1.35728123568484 0.959130956678768
0.249552197185415 1.35728123568484 0.959130956678768
2.83366983244975 2.28790870743685 1.90933627518203
2.83366983244975 2.28790870743685 1.90933627518203
1.83735831784018 1.41381844440827 1.15095529053314
1.83735831784018 1.41381844440827 1.15095529053314
1.83735831784018 1.41381844440827 1.15095529053314
1.83735831784018 1.41381844440827 1.15095529053314
1.70084931821977 1.27108151756496 0.697468181873008
1.70084931821977 1.27108151756496 0.697468181873008
1.70084931821977 1.27108151756496 0.697468181873008
1.7592186615944 1.17092010276521 0.939085022916962
1.7592186615944 1.17092010276521 0.939085022916962
1.46847546068485 1.96651067855815 0.844573469335877
1.90982366018326 2.03242521894653 1.50346298147706
2.1108913698812 2.83042090029979 1.69446378818362
1.10341170861085 1.34871498021283 1.66942451568801
