1.26194064299745 0.0851065394171688 2.39964998134421
1.26194064299745 0.0851065394171688 2.39964998134421
1.26194064299745 0.0851065394171688 2.39964998134421
1.26194064299745 0.0851065394171688 2.39964998134421
1.26194064299745 0.0851065394171688 2.39964998134421
1.26194064299745 0.0851065394171688 2.39964998134421
1.26194064299745 0.0851065394171688 2.39964998134421
0.905541757881224 1.13433737367001 2.69430818897202
0.905541757881224 1.13433737367001 2.69430818897202
0.905541757881224 1.13433737367001 2.69430818897202
0.905541757881224 1.13433737367001 2.69430818897202
-0.59227594252051 0.205406364411722 1.17042067811115
-0.59227594252051 0.205406364411722 1.17042067811115
-0.59227594252051 0.205406364411722 1.17042067811115
-0.59227594252051 0.205406364411722 1.17042067811115
1.27438369389888 2.89292577804697 -0.040177025481304
0.0124246444747036 2.26646500369681 1.3849668938258
0.821618177665677 1.4774868875729 0.882283157277832
0.821618177665677 1.4774868875729 0.882283157277832
0.821618177665677 1.4774868875729 0.882283157277832
0.821618177665677 1.4774868875729 0.882283157277832
0.821618177665677 1.4774868875729 0.882283157277832
1.07294861890865 0.878519948583942 1.51170656888281
1.07294861890865 0.878519948583942 1.51170656888281
-0.907200410634408 1.05738465278798 1.75027376184382
-2.34983501305046 0.69143178214404 2.28019862293051
-1.99170126977728 2.18157063780418 2.01814202834388
-1.35842813714192 2.45030020160274 1.49314151256435
-1.35842813714192 2.45030020160274 1.49314151256435
-1.35842813714192 2.45030020160274 1.49314151256435
