0.135357075852365 1.68600042836077 1.73573440376085
0.135357075852365 1.68600042836077 1.73573440376085
-0.584401426423132 1.36478961967672 1.66872359721221
0.191278425631151 1.246446797119 1.70824604674922
0.502612052858453 1.31994828722278 1.88231854437926
0.502612052858453 1.31994828722278 1.88231854437926
-0.0138248516557447 0.342039407829885 2.15811225587698
-0.0138248516557447 0.342039407829885 2.15811225587698
-0.0138248516557447 0.342039407829885 2.15811225587698
-0.0138248516557447 0.342039407829885 2.15811225587698
-0.15967352814508 -0.104999397652931 2.08781025164881
0.0758174377314875 0.490148111895913 1.79487157104434
0.0758174377314875 0.490148111895913 1.79487157104434
0.0758174377314875 0.490148111895913 1.79487157104434
-0.0827377265562248 0.0171572238101627 2.22986814503068
-0.343515691197747 0.247035464633139 1.70234674590766
0.810524813872572 1.56787728623457 1.53165263054122
0.902975156595635 1.95962409873328 1.81483317018971
1.13445638743046 1.15392353800483 1.53585253911014
0.148205971668977 1.29243671310912 1.75177535955799
0.148205971668977 1.29243671310912 1.75177535955799
0.272048149827606 0.595907515236043 1.22349870239163
0.272048149827606 0.595907515236043 1.22349870239163
0.266476324958347 0.940266347699674 1.41020748467703
0.260607186456543 0.469240886308496 1.38229001717745
0.260607186456543 0.469240886308496 1.38229001717745
-0.370311584620869 0.704716824930087 1.52555101190382
0.0110633332515261 1.34108513802247 0.999350973172279
0.0110633332515261 1.34108513802247 0.999350973172279
-0.477477820017394 0.236227012298799 0.795018703833983
