0.335308997499631 1.60238437440466 2.28361429528335
-1.05547222542968 1.05414074249521 1.20985078731805
-1.05547222542968 1.05414074249521 1.20985078731805
-1.05547222542968 1.05414074249521 1.20985078731805
-1.05547222542968 1.05414074249521 1.20985078731805
-1.05547222542968 1.05414074249521 1.20985078731805
-1.05547222542968 1.05414074249521 1.20985078731805
-1.05547222542968 1.05414074249521 1.20985078731805
-1.05547222542968 1.05414074249521 1.20985078731805
-1.05547222542968 1.05414074249521 1.20985078731805
-1.05547222542968 1.05414074249521 1.20985078731805
-1.05547222542968 1.05414074249521 1.20985078731805
-1.05547222542968 1.05414074249521 1.20985078731805
-1.05547222542968 1.05414074249521 1.20985078731805
-1.05547222542968 1.05414074249521 1.20985078731805
0.929237844015641 0.862220904901218 0.41460795636526
-0.103724560835939 -0.0156580040069728 1.01553048926381
-0.103724560835939 -0.0156580040069728 1.01553048926381
-0.103724560835939 -0.0156580040069728 1.01553048926381
-1.51985268534961 0.184034488022606 0.700818219577415
-1.85273643475073 0.10555757240418 1.39445837873932
-1.85273643475073 0.10555757240418 1.39445837873932
-1.85273643475073 0.10555757240418 1.39445837873932
-1.76712487269442 0.390839587420654 0.671571575805788
-1.76712487269442 0.390839587420654 0.671571575805788
-1.76712487269442 0.390839587420654 0.671571575805788
-1.76712487269442 0.390839587420654 0.671571575805788
-1.77795903234789 -0.552215116687128 1.57296035887182
-2.37165608171757 -0.160523350301951 1.52690771015204
-2.37165608171757 -0.160523350301951 1.52690771015204
