-0.529445424115525 1.59472370095742 1.68449144961927
-0.57933319349553 0.900873184542683 1.22957746256966
-0.57933319349553 0.900873184542683 1.22957746256966
-0.57933319349553 0.900873184542683 1.22957746256966
0.0387833498613943 1.11696066780323 0.793194295427896
0.0387833498613943 1.11696066780323 0.793194295427896
0.0387833498613943 1.11696066780323 0.793194295427896
0.1891069770373 1.37695311018001 1.80565885861124
0.371803664016301 1.27961813418946 2.22568482960589
1.05021247262291 1.09890031294737 1.46649287463184
1.05021247262291 1.09890031294737 1.46649287463184
1.05021247262291 1.09890031294737 1.46649287463184
0.47445634008713 0.831584646526909 1.73017864885833
0.24215092784818 0.427477101141398 1.19056851353132
0.24215092784818 0.427477101141398 1.19056851353132
0.296002355831873 1.87906080120082 1.95185275685333
0.459280790929634 1.68636560539821 2.70161249756478
0.459280790929634 1.68636560539821 2.70161249756478
0.459280790929634 1.68636560539821 2.70161249756478
0.687558930820232 0.932216453962386 2.12312504386258
2.13899609933478 1.58691590398781 1.05779608922107
2.13899609933478 1.58691590398781 1.05779608922107
2.13899609933478 1.58691590398781 1.05779608922107
0.886458804697619 1.78726599795511 2.23610994436495
0.886458804697619 1.78726599795511 2.23610994436495
0.886458804697619 1.78726599795511 2.23610994436495
0.302517147732727 2.0013575562946 2.47075748532085
-0.0367835746058768 2.80137629942036 2.32492503339504
-0.0367835746058768 2.80137629942036 2.32492503339504
-0.0367835746058768 2.80137629942036 2.32492503339504
