-1.43216947864922 -0.365105407866518 1.33260445600951
-1.43216947864922 -0.365105407866518 1.33260445600951
-1.43216947864922 -0.365105407866518 1.33260445600951
-1.43216947864922 -0.365105407866518 1.33260445600951
-1.43216947864922 -0.365105407866518 1.33260445600951
-1.43216947864922 -0.365105407866518 1.33260445600951
-1.03041651112678 -0.418747637194001 1.44664217849594
-1.03041651112678 -0.418747637194001 1.44664217849594
-1.03041651112678 -0.418747637194001 1.44664217849594
-1.03041651112678 -0.418747637194001 1.44664217849594
-0.950713008015441 -0.454515059747129 1.53852014836591
-0.364807835862003 0.57460480640209 1.95382934464542
-0.364807835862003 0.57460480640209 1.95382934464542
-0.364807835862003 0.57460480640209 1.95382934464542
-0.364807835862003 0.57460480640209 1.95382934464542
-0.675218827862474 1.12852663128919 0.802507861990386
-0.675218827862474 1.12852663128919 0.802507861990386
-0.675218827862474 1.12852663128919 0.802507861990386
-0.675218827862474 1.12852663128919 0.802507861990386
-0.675218827862474 1.12852663128919 0.802507861990386
-0.675218827862474 1.12852663128919 0.802507861990386
-0.675218827862474 1.12852663128919 0.802507861990386
-0.675218827862474 1.12852663128919 0.802507861990386
-0.675218827862474 1.12852663128919 0.802507861990386
-0.675218827862474 1.12852663128919 0.802507861990386
-0.675218827862474 1.12852663128919 0.802507861990386
-0.250339643947741 1.35531217359474 0.991227204850084
-0.250339643947741 1.35531217359474 0.991227204850084
-0.250339643947741 1.35531217359474 0.991227204850084
-0.344836653561443 1.11373107372676 1.41222798819019
