-1.95417561472878 1.13699153381289 0.994455625056358
-1.29639459033373 1.26834721057527 1.51527986516923
-1.29639459033373 1.26834721057527 1.51527986516923
-1.29639459033373 1.26834721057527 1.51527986516923
-1.29639459033373 1.26834721057527 1.51527986516923
-1.29639459033373 1.26834721057527 1.51527986516923
-1.29639459033373 1.26834721057527 1.51527986516923
-1.29639459033373 1.26834721057527 1.51527986516923
-1.29639459033373 1.26834721057527 1.51527986516923
-1.29639459033373 1.26834721057527 1.51527986516923
-1.29639459033373 1.26834721057527 1.51527986516923
-1.29639459033373 1.26834721057527 1.51527986516923
-2.56615438649564 -0.302970877542797 2.10448996811788
-2.56615438649564 -0.302970877542797 2.10448996811788
-2.56615438649564 -0.302970877542797 2.10448996811788
-1.18987197301103 0.693964027271006 1.51200035492136
-1.18987197301103 0.693964027271006 1.51200035492136
-2.15320094076185 1.80836838017949 1.28375191575674
-2.15320094076185 1.80836838017949 1.28375191575674
-2.29507362932168 0.886595291274842 0.903100259775385
-2.29507362932168 0.886595291274842 0.903100259775385
-2.58100483562318 0.470034425217257 1.24476286778895
-2.58100483562318 0.470034425217257 1.24476286778895
-2.51175396774597 1.93621203669111 1.69872762404344
-2.51175396774597 1.93621203669111 1.69872762404344
-2.51175396774597 1.93621203669111 1.69872762404344
-2.51175396774597 1.93621203669111 1.69872762404344
-2.48958223373127 1.51069874563872 1.78362816389466
-2.27955819337499 -0.0537054082424098 1.78621393122755
-2.27955819337499 -0.0537054082424098 1.78621393122755
