-0.185704023337957 0.806156153661777 1.29944710264441
-0.185704023337957 0.806156153661777 1.29944710264441
-0.185704023337957 0.806156153661777 1.29944710264441
-0.185704023337957 0.806156153661777 1.29944710264441
-0.185704023337957 0.806156153661777 1.29944710264441
-0.185704023337957 0.806156153661777 1.29944710264441
-0.185704023337957 0.806156153661777 1.29944710264441
-0.185704023337957 0.806156153661777 1.29944710264441
-0.185704023337957 0.806156153661777 1.29944710264441
-0.185704023337957 0.806156153661777 1.29944710264441
-0.600519069472444 0.489221508567257 1.59313361166889
-0.344938653318417 1.69101634047115 2.32363603792871
-0.344938653318417 1.69101634047115 2.32363603792871
-0.344938653318417 1.69101634047115 2.32363603792871
-0.344938653318417 1.69101634047115 2.32363603792871
1.79533239160133 1.74600612488337 2.76933223045853
1.79533239160133 1.74600612488337 2.76933223045853
1.79533239160133 1.74600612488337 2.76933223045853
1.79533239160133 1.74600612488337 2.76933223045853
1.79533239160133 1.74600612488337 2.76933223045853
2.37889511316717 1.35837248440843 3.05922369370523
1.6313290724234 2.07903325722931 1.93746676539097
1.15774008665453 1.6359674125435 2.12810437480963
0.406254436700596 2.09837360021772 2.29265531113176
-0.792388321970863 2.07632607901228 1.8790934856705
-0.792388321970863 2.07632607901228 1.8790934856705
-0.792388321970863 2.07632607901228 1.8790934856705
-0.792388321970863 2.07632607901228 1.8790934856705
-0.335610925005913 2.10228650802549 1.23534452710156
-0.796124817183748 0.761003774903585 0.843572724135008
