0.608424151728536 0.770352964608844 2.49116095554422
0.608424151728536 0.770352964608844 2.49116095554422
0.608424151728536 0.770352964608844 2.49116095554422
0.608424151728536 0.770352964608844 2.49116095554422
0.608424151728536 0.770352964608844 2.49116095554422
0.608424151728536 0.770352964608844 2.49116095554422
0.608424151728536 0.770352964608844 2.49116095554422
0.608424151728536 0.770352964608844 2.49116095554422
0.608424151728536 0.770352964608844 2.49116095554422
0.608424151728536 0.770352964608844 2.49116095554422
0.466274614933019 0.76935245873052 2.60206550578171
0.466274614933019 0.76935245873052 2.60206550578171
0.466274614933019 0.76935245873052 2.60206550578171
0.466274614933019 0.76935245873052 2.60206550578171
0.466274614933019 0.76935245873052 2.60206550578171
-0.575397238048085 0.137695130142695 2.09822932940367
-0.244251026635639 -0.478807073959619 1.8291831855077
-0.244251026635639 -0.478807073959619 1.8291831855077
-0.381955627394423 -0.898564331891426 0.702619159900829
-1.99939796321095 -0.540803840483994 0.927902743138148
-1.99939796321095 -0.540803840483994 0.927902743138148
-1.99939796321095 -0.540803840483994 0.927902743138148
-1.43623083623204 -0.381955246898496 0.274435008411698
-1.1718314400763 -0.423225269138348 1.44879695492868
-1.1718314400763 -0.423225269138348 1.44879695492868
-1.1718314400763 -0.423225269138348 1.44879695492868
-0.159706423645526 -0.100850805645404 0.733659886458567
-0.537105576358403 0.208695961422294 0.847161675317673
-0.537105576358403 0.208695961422294 0.847161675317673
-0.537105576358403 0.208695961422294 0.847161675317673
