2.6075093771871 1.05153528170292 0.91119909791542
2.40762845572707 0.802082549417774 1.72688084203104
1.93402837133751 0.864198497396063 2.64017114705603
0.759627693029575 1.65391366683131 1.64189652594961
0.759627693029575 1.65391366683131 1.64189652594961
0.759627693029575 1.65391366683131 1.64189652594961
-0.0932764031818273 1.66054994352686 1.47281678164119
-0.0932764031818273 1.66054994352686 1.47281678164119
-0.0932764031818273 1.66054994352686 1.47281678164119
0.594892895916713 0.966573108773354 1.74853907755572
0.223328948071955 1.41505192103265 1.67639094330141
-0.491811809944509 1.04294523436214 1.75273522832378
-0.491811809944509 1.04294523436214 1.75273522832378
-0.0323470396683527 0.332359373980632 2.15244019915143
0.159687646200252 0.175645859965298 1.7388360498527
-0.107446355697131 1.45529367577856 2.28797099452449
0.00217200904321742 0.818261887152231 3.12952988510983
0.00217200904321742 0.818261887152231 3.12952988510983
0.00217200904321742 0.818261887152231 3.12952988510983
0.00217200904321742 0.818261887152231 3.12952988510983
0.227244109582987 1.9657277935233 3.08503784305673
0.552367115801104 2.17739388434379 2.05539955404012
0.623971692774656 1.75632627023542 1.28406538347975
0.623971692774656 1.75632627023542 1.28406538347975
1.90758162461802 1.6849171811236 1.62717211930666
1.90758162461802 1.6849171811236 1.62717211930666
1.427875367222 1.07642563360722 1.09551194500041
0.987183927367601 0.305616431729345 1.4596383051813
0.987183927367601 0.305616431729345 1.4596383051813
0.761666769060857 0.621837773378303 1.8610294607679
