0.624281357699879 1.57408089721126 2.57738997214812
0.624281357699879 1.57408089721126 2.57738997214812
0.68848782516248 0.54887614373625 2.10802611638721
0.68848782516248 0.54887614373625 2.10802611638721
0.68848782516248 0.54887614373625 2.10802611638721
0.68848782516248 0.54887614373625 2.10802611638721
-0.576955823219579 0.442996344887609 1.82593957869632
-0.576955823219579 0.442996344887609 1.82593957869632
0.718910821868143 -0.0283978970811323 1.37029034809828
0.0440616411156389 0.360814454922689 2.05753415814909
0.0440616411156389 0.360814454922689 2.05753415814909
0.555737709855885 -0.351022959309169 1.73929308215285
0.555737709855885 -0.351022959309169 1.73929308215285
0.687366823188026 0.397166717456933 1.59484583131474
1.16316737411918 -0.362959847974769 2.48945486567427
1.20455329713218 0.0903276806783885 0.768325568475994
1.20455329713218 0.0903276806783885 0.768325568475994
1.20455329713218 0.0903276806783885 0.768325568475994
0.318468172279646 -0.0670439241972122 0.0566343650111714
1.47652405128532 0.585462605558811 -0.0681502836175494
1.47652405128532 0.585462605558811 -0.0681502836175494
1.80449161041775 1.06473890916875 0.305045737560837
2.72786292572293 1.31536050361155 1.3384667016334
2.27898714063804 0.760128591378512 1.28674060684904
2.27898714063804 0.760128591378512 1.28674060684904
2.27898714063804 0.760128591378512 1.28674060684904
2.27898714063804 0.760128591378512 1.28674060684904
1.89700429404358 0.139000579662923 1.54798295279589
1.89700429404358 0.139000579662923 1.54798295279589
1.89700429404358 0.139000579662923 1.54798295279589
