1.05259583532302 -0.765316151068206 0.955846617553792
1.05259583532302 -0.765316151068206 0.955846617553792
1.57828337306362 0.260433618293745 1.37703180891672
1.57828337306362 0.260433618293745 1.37703180891672
-0.373357623069011 0.827352188469074 1.32114170836412
-1.75545046499235 0.307999765555117 1.83217266894708
-2.61106277144804 0.561036777775401 2.64170061184792
-2.0631435938107 0.321636642196011 1.96597240175275
-1.63484602480864 0.47084962468962 0.864802400887967
-1.63484602480864 0.47084962468962 0.864802400887967
-0.0365987810978097 -0.180172597365053 0.863753070096802
-1.38378091136208 1.12105710679843 1.72343061700358
-1.38378091136208 1.12105710679843 1.72343061700358
-1.38378091136208 1.12105710679843 1.72343061700358
-1.38378091136208 1.12105710679843 1.72343061700358
-0.426609170739201 0.224882285020846 0.583696977729795
-0.256274513041107 -0.256564085137245 0.322176663832354
-1.50386754199636 -0.0659341711034247 0.836950305111437
-1.10192558460876 0.370660048312919 1.05173526851469
-0.149165263747441 -0.202935364893143 1.1763789074442
-0.149165263747441 -0.202935364893143 1.1763789074442
-0.469747951617003 0.321509433870677 1.6513330383627
0.344880690406149 0.297067015176351 1.06952343927648
0.344880690406149 0.297067015176351 1.06952343927648
0.345098314018903 0.293197049517519 0.896076879985217
0.345098314018903 0.293197049517519 0.896076879985217
0.345098314018903 0.293197049517519 0.896076879985217
0.592486094328422 0.919568678867898 1.18273192276808
0.592486094328422 0.919568678867898 1.18273192276808
1.81885865110487 0.28021672704711 1.5882395975155
