-0.660997451016446 -1.36081200219627 2.35903329681196
-0.533458486129202 -1.36969386473676 2.78200551723947
-0.533458486129202 -1.36969386473676 2.78200551723947
-0.777964768144795 -1.75234712125951 2.75519880886085
-1.62866987737686 -1.08130182099702 2.25966313140388
-1.62866987737686 -1.08130182099702 2.25966313140388
-1.62866987737686 -1.08130182099702 2.25966313140388
-1.62866987737686 -1.08130182099702 2.25966313140388
-1.62866987737686 -1.08130182099702 2.25966313140388
-1.62866987737686 -1.08130182099702 2.25966313140388
-1.62866987737686 -1.08130182099702 2.25966313140388
-1.62866987737686 -1.08130182099702 2.25966313140388
-1.41149203105052 -1.03259014320353 1.59940715678782
-1.41149203105052 -1.03259014320353 1.59940715678782
-0.647101943512564 -0.297106472164229 2.93787343202714
-0.908462405088924 1.05383208340831 -0.060292833214338
0.739933339737175 2.20288358072772 1.25538756123782
1.15683640302501 1.81905304569834 2.42392192927337
1.15683640302501 1.81905304569834 2.42392192927337
1.04439505559644 0.766120928735752 2.17949810167118
1.04439505559644 0.766120928735752 2.17949810167118
1.04439505559644 0.766120928735752 2.17949810167118
0.35031167321599 1.17040649308078 1.71043268891773
0.35031167321599 1.17040649308078 1.71043268891773
0.35031167321599 1.17040649308078 1.71043268891773
-0.175277661032611 0.737135304525007 2.01275699233445
-0.175277661032611 0.737135304525007 2.01275699233445
-0.837585087954989 0.600733252009923 1.7718655722783
-0.378915290272973 1.20834198527102 2.28723612945261
-0.378915290272973 1.20834198527102 2.28723612945261
