-0.0163034855328514 1.33355145769285 -0.0494282053299369
-0.133077577875325 1.42361625933875 1.00347734731968
0.442415429681011 1.72735228688878 1.721083815031
-0.103522816454468 1.65573228149496 2.04001227106924
-0.103522816454468 1.65573228149496 2.04001227106924
-0.103522816454468 1.65573228149496 2.04001227106924
-0.103522816454468 1.65573228149496 2.04001227106924
-0.103522816454468 1.65573228149496 2.04001227106924
-0.103522816454468 1.65573228149496 2.04001227106924
-0.103522816454468 1.65573228149496 2.04001227106924
-0.19469810984597 1.90017019620264 0.503261872395061
-0.407182761478135 1.6918373082513 1.03305269291274
-0.407182761478135 1.6918373082513 1.03305269291274
-1.71771671829858 0.0822606524844391 0.521424768125322
-1.71771671829858 0.0822606524844391 0.521424768125322
1.47987834893542 1.34757484247073 3.07548877629836
1.47987834893542 1.34757484247073 3.07548877629836
1.78784235031393 2.53041533815139 1.53422760356325
1.1661744571245 2.07114277321339 -0.690249510073408
1.57362170988063 2.18778332732588 -1.01639437463513
1.3052417028642 1.53111272028239 -0.533979091884829
1.3052417028642 1.53111272028239 -0.533979091884829
0.899433845292557 1.80050257066859 0.275122334619869
1.50403975428715 2.12275767557563 0.163345375593776
1.61860481915981 2.11922023231192 0.272789683002532
1.88120805504961 2.92880248673539 2.11234734993578
1.18989432413997 3.69383381854475 1.59664113291288
1.18989432413997 3.69383381854475 1.59664113291288
-0.451186407121794 2.13215903529728 0.0582776674430112
-0.451186407121794 2.13215903529728 0.0582776674430112
