1.3888253546309 2.10213862385731 1.40911790709026
1.3888253546309 2.10213862385731 1.40911790709026
1.57421422583875 1.34002023398368 1.16862846744827
1.57421422583875 1.34002023398368 1.16862846744827
2.05350539166727 0.834710397099045 0.635864714161516
1.31637862413445 0.114696411921894 1.09278472248222
1.31637862413445 0.114696411921894 1.09278472248222
0.355557298812683 -0.573892095372228 1.91631339778017
0.355557298812683 -0.573892095372228 1.91631339778017
-0.081400998075689 -0.388706414264497 2.09185226519487
-0.081400998075689 -0.388706414264497 2.09185226519487
-1.33578010513944 0.887967800956362 2.45696300011585
-1.33578010513944 0.887967800956362 2.45696300011585
0.152122018504821 1.56086478180375 2.48742785521249
0.152122018504821 1.56086478180375 2.48742785521249
0.733807563263332 0.0252177966282073 1.35915601172356
0.733807563263332 0.0252177966282073 1.35915601172356
0.0370466225078731 -0.684637437068398 1.45998206274425
0.352528654635922 -0.992312662752626 0.70562370038887
0.670809450601781 -0.962000786414347 1.07928171108125
0.670809450601781 -0.962000786414347 1.07928171108125
2.04099194101814 -1.32205922316248 0.70304543927464
2.04099194101814 -1.32205922316248 0.70304543927464
2.62703461723695 -1.90138324608423 1.31115742500713
3.5949550093888 -1.14638726455968 0.511458411372818
3.5949550093888 -1.14638726455968 0.511458411372818
4.0426424881464 -0.74146124530574 0.466158696158811
4.0426424881464 -0.74146124530574 0.466158696158811
3.52901793552112 -0.595964336464183 1.30921266245405
3.37686801554586 0.0828102905057405 2.1594559057747
