0.52918657557094 0.692028396876379 2.26966709755545
0.52918657557094 0.692028396876379 2.26966709755545
0.52918657557094 0.692028396876379 2.26966709755545
0.52918657557094 0.692028396876379 2.26966709755545
0.52918657557094 0.692028396876379 2.26966709755545
1.46064966645474 0.677718847434115 1.75945378250665
0.495083303448787 -0.0148315055767653 1.77301375173614
0.495083303448787 -0.0148315055767653 1.77301375173614
0.710067322693389 0.869066694176015 1.80926295541909
0.203684282063416 -0.0301224310779431 1.0824657145184
0.203684282063416 -0.0301224310779431 1.0824657145184
0.203684282063416 -0.0301224310779431 1.0824657145184
0.203684282063416 -0.0301224310779431 1.0824657145184
0.203684282063416 -0.0301224310779431 1.0824657145184
0.203684282063416 -0.0301224310779431 1.0824657145184
1.44564732875865 0.382670847921476 1.23947389035827
1.80092693665104 -0.243225739396539 0.810659555433059
2.8494530338515 1.26085420828625 0.704679059063046
3.12931369317448 2.06621316264608 0.666017684948439
2.48317584864212 1.07556383806398 1.28591550652577
2.48317584864212 1.07556383806398 1.28591550652577
1.21927223749048 1.08246048516115 1.80961329795474
0.243155242165113 0.779278484077405 1.8240566561132
-0.0276049417109804 0.752682246559366 1.79370284155494
0.0419526673240599 1.12634098242578 1.15201147518116
0.0419526673240599 1.12634098242578 1.15201147518116
0.0419526673240599 1.12634098242578 1.15201147518116
-0.261370274018629 1.11187252794595 1.81835747436089
0.107625677562769 1.31484888430064 1.71716021657057
0.107625677562769 1.31484888430064 1.71716021657057
