-0.336381723405379 1.03333762857677 1.22072046497214
-0.336381723405379 1.03333762857677 1.22072046497214
-0.336381723405379 1.03333762857677 1.22072046497214
-1.58645654126355 1.23197761897688 1.55401611912083
-1.58645654126355 1.23197761897688 1.55401611912083
-1.58645654126355 1.23197761897688 1.55401611912083
0.591364465864566 1.1539947502167 1.44362242388626
0.591364465864566 1.1539947502167 1.44362242388626
0.591364465864566 1.1539947502167 1.44362242388626
0.143591936188104 0.77682044782031 1.69966853382982
-0.83632453481587 0.922703284930273 2.01889475935706
-0.83632453481587 0.922703284930273 2.01889475935706
-0.122581856251625 0.828034283208538 2.28680605217449
-0.122581856251625 0.828034283208538 2.28680605217449
0.860400594143663 1.296088944179 2.08903296061187
-0.144189484473323 0.166710621686263 0.297385149746105
0.248579982324269 0.109799490421281 1.24227826714054
1.05902341247709 0.2907854643628 1.39145562345553
0.802414943029669 0.435764051483184 1.2637526646173
0.509220730173189 0.492522743773579 1.13791055446759
1.15656951775746 1.09499940366686 1.13980436019459
0.458188759614608 0.99767131144056 1.41699932943836
0.353874990741521 1.18927997501723 1.2663127546819
0.806099252027383 1.00152388006398 1.66566372667811
1.06882774673381 1.2487437700333 1.58525782776972
0.907806776115754 0.778783031009769 0.804331247227947
0.907806776115754 0.778783031009769 0.804331247227947
0.907806776115754 0.778783031009769 0.804331247227947
-0.0879843209237589 0.815273009394999 1.60535310613558
-0.0879843209237589 0.815273009394999 1.60535310613558
