-0.147600813758824 0.915415362728116 1.32915564011235
-0.147600813758824 0.915415362728116 1.32915564011235
-0.460848119898302 0.909442375215757 0.978116864683217
-0.366688958578464 0.845919761025196 1.35769488621479
-0.18515562786405 1.15862240596581 1.8054221258798
0.134458044243112 0.634310195090974 1.41924470404165
0.134458044243112 0.634310195090974 1.41924470404165
0.134458044243112 0.634310195090974 1.41924470404165
0.254982587605015 1.38525442930627 1.90027040905429
0.455969561558475 1.41350122824576 1.69746072639984
0.455969561558475 1.41350122824576 1.69746072639984
0.455969561558475 1.41350122824576 1.69746072639984
0.455969561558475 1.41350122824576 1.69746072639984
0.455969561558475 1.41350122824576 1.69746072639984
0.174304685916811 1.51259372902544 1.96244760493252
0.178306256187494 2.39447434746564 1.8703520454373
0.178306256187494 2.39447434746564 1.8703520454373
-0.287955379297836 1.35192064465005 1.87230583513121
-0.287955379297836 1.35192064465005 1.87230583513121
0.332204158102466 1.51440656994792 1.79230867556107
0.332204158102466 1.51440656994792 1.79230867556107
0.22614693919603 1.66055153275784 1.4224467991179
0.22614693919603 1.66055153275784 1.4224467991179
0.22614693919603 1.66055153275784 1.4224467991179
-0.749331979189915 1.66599526835774 1.31039494518276
-0.462914146286461 1.46019548642402 1.35864096099007
-0.462914146286461 1.46019548642402 1.35864096099007
0.19545699941404 2.30558953252091 1.03340737985319
0.19545699941404 2.30558953252091 1.03340737985319
0.19545699941404 2.30558953252091 1.03340737985319
