-0.354690410436621 -0.330118643486591 1.12605542095769
-0.0746706907957723 -0.401781995900494 1.36179926356633
0.566950955147468 -0.129155962227998 1.08131702199153
0.941359555347384 0.390042915965329 0.709528012258795
1.07302067749488 0.135898467622142 1.17128814707355
1.03416043299828 1.72289279553643 0.762508666958748
1.03416043299828 1.72289279553643 0.762508666958748
1.03416043299828 1.72289279553643 0.762508666958748
1.03416043299828 1.72289279553643 0.762508666958748
1.03416043299828 1.72289279553643 0.762508666958748
1.03416043299828 1.72289279553643 0.762508666958748
1.03416043299828 1.72289279553643 0.762508666958748
1.03416043299828 1.72289279553643 0.762508666958748
0.659062014485426 0.550667887471645 0.659398252064366
0.659062014485426 0.550667887471645 0.659398252064366
1.60706734636188 -0.40213071245836 1.10578514501196
1.99963023428615 0.265073510102747 1.21049108652493
1.99963023428615 0.265073510102747 1.21049108652493
1.49332110738534 -0.448969732569906 1.8295211880744
2.11252295872369 -0.225963251136083 1.43073663627199
1.80624242270352 -1.50579422620438 1.75430301947064
2.56376492347442 -1.2527444001097 1.61884572799967
2.56376492347442 -1.2527444001097 1.61884572799967
2.56376492347442 -1.2527444001097 1.61884572799967
2.29048001697191 -1.65646022234838 0.880776547839279
2.29048001697191 -1.65646022234838 0.880776547839279
1.99440709662795 -1.10124561660102 0.248222627125391
1.99440709662795 -1.10124561660102 0.248222627125391
1.3613686818762 -0.486438116439705 0.191420608727269
1.3613686818762 -0.486438116439705 0.191420608727269
