-0.299252000327059 0.0131604783876744 1.66376699059034
-0.299252000327059 0.0131604783876744 1.66376699059034
-0.299252000327059 0.0131604783876744 1.66376699059034
0.237940068599355 0.293029010978439 2.59376708089766
0.704696261345851 0.618495323655785 1.75211050740281
0.704696261345851 0.618495323655785 1.75211050740281
-0.902095059883643 0.900067182343622 1.12756992234605
-2.43906336049952 1.30830383004736 2.38532369626372
-2.43906336049952 1.30830383004736 2.38532369626372
-2.43906336049952 1.30830383004736 2.38532369626372
-2.43906336049952 1.30830383004736 2.38532369626372
-2.43906336049952 1.30830383004736 2.38532369626372
-2.43906336049952 1.30830383004736 2.38532369626372
-2.43906336049952 1.30830383004736 2.38532369626372
0.595909639224827 0.230897638718448 2.39459541582409
1.17506008834775 0.0261158061036065 2.64531413051534
1.17506008834775 0.0261158061036065 2.64531413051534
1.17506008834775 0.0261158061036065 2.64531413051534
1.57828810764903 -0.092120885349273 2.79696803366382
1.69619243448971 -0.25500492704458 2.15924176150187
1.69619243448971 -0.25500492704458 2.15924176150187
1.69619243448971 -0.25500492704458 2.15924176150187
1.69619243448971 -0.25500492704458 2.15924176150187
1.69619243448971 -0.25500492704458 2.15924176150187
1.69619243448971 -0.25500492704458 2.15924176150187
-0.150843505720985 1.11565726106111 2.57127555502866
0.28345038860147 1.24370888729409 1.67279642980518
0.28345038860147 1.24370888729409 1.67279642980518
-0.544235020527728 0.979260310791822 3.45536853712006
-0.544235020527728 0.979260310791822 3.45536853712006
