1.77073851373068 1.73032930638728 2.45665009083356
1.77073851373068 1.73032930638728 2.45665009083356
1.20248466238541 1.01989366972518 1.77600796888647
1.20248466238541 1.01989366972518 1.77600796888647
1.20248466238541 1.01989366972518 1.77600796888647
1.20248466238541 1.01989366972518 1.77600796888647
1.20248466238541 1.01989366972518 1.77600796888647
1.40176178113438 1.41987806004763 1.4423617349965
1.40176178113438 1.41987806004763 1.4423617349965
1.11541138046347 0.943836042540022 1.99434444421445
1.69642227071848 -0.148291530502931 1.67070999987295
1.69642227071848 -0.148291530502931 1.67070999987295
1.69642227071848 -0.148291530502931 1.67070999987295
1.69642227071848 -0.148291530502931 1.67070999987295
1.69642227071848 -0.148291530502931 1.67070999987295
2.78577592078787 0.649022864003357 1.6040802674102
2.78577592078787 0.649022864003357 1.6040802674102
2.78577592078787 0.649022864003357 1.6040802674102
2.1962672481234 -0.346245775951379 0.627659754125008
1.76496103610247 -1.17518805525833 0.983250877297789
0.780507837015992 -1.52198103987401 1.2118044650772
0.396715492553503 -1.3065054457424 1.40622940233266
0.396715492553503 -1.3065054457424 1.40622940233266
0.396715492553503 -1.3065054457424 1.40622940233266
1.04065727766917 -1.10861806139222 0.141732074710249
1.72543099771252 -0.961686599792367 0.0909420416649968
1.72543099771252 -0.961686599792367 0.0909420416649968
1.72543099771252 -0.961686599792367 0.0909420416649968
1.0536907707441 -1.4548912038992 0.140918063498881
1.0536907707441 -1.4548912038992 0.140918063498881
