0.758124057393607 1.15984817008859 2.82849100440299
0.758124057393607 1.15984817008859 2.82849100440299
0.758124057393607 1.15984817008859 2.82849100440299
0.758124057393607 1.15984817008859 2.82849100440299
-0.902932283971951 0.399432380003312 1.56438401622708
-0.902932283971951 0.399432380003312 1.56438401622708
-1.88662192586941 1.31698217169673 1.72589328444867
-2.06131026908714 0.53655975101675 1.09511899422319
-2.06131026908714 0.53655975101675 1.09511899422319
-1.71764286842116 1.06124318388413 2.40648888700798
-0.865192840845662 1.07178502051175 2.64653325081854
-0.552543720516351 0.275346416920764 1.66945210759485
-0.552543720516351 0.275346416920764 1.66945210759485
-0.552543720516351 0.275346416920764 1.66945210759485
-1.10152510770297 0.653603088365086 0.62470388353229
0.383634054944916 0.282936474578024 0.44753546378561
0.383634054944916 0.282936474578024 0.44753546378561
0.383634054944916 0.282936474578024 0.44753546378561
0.356155473213898 0.472965695046654 0.492137197539534
0.395346188197738 0.2071567363203 1.38588344707428
0.395346188197738 0.2071567363203 1.38588344707428
0.395346188197738 0.2071567363203 1.38588344707428
0.649570373970837 -0.135029734128973 1.64208437409473
-0.425171216835698 0.143633435650244 0.952692569260576
-0.425171216835698 0.143633435650244 0.952692569260576
0.195910289371388 0.602763013012532 1.47722916789627
-0.447861059034744 0.862547890118646 0.843361963212406
-0.447861059034744 0.862547890118646 0.843361963212406
0.10875444953755 1.7753703224725 1.52762464722647
-0.491494434110782 2.1509928295422 1.41608554731499
