-2.30535621601748 1.17449889279318 1.82584761596235
-2.30535621601748 1.17449889279318 1.82584761596235
-2.30535621601748 1.17449889279318 1.82584761596235
-2.30535621601748 1.17449889279318 1.82584761596235
-2.30535621601748 1.17449889279318 1.82584761596235
-2.34917000603851 1.19508586300152 1.27209898081832
-2.34917000603851 1.19508586300152 1.27209898081832
-2.34917000603851 1.19508586300152 1.27209898081832
-2.34917000603851 1.19508586300152 1.27209898081832
-2.34917000603851 1.19508586300152 1.27209898081832
-2.34917000603851 1.19508586300152 1.27209898081832
-2.34917000603851 1.19508586300152 1.27209898081832
-2.34917000603851 1.19508586300152 1.27209898081832
-2.34917000603851 1.19508586300152 1.27209898081832
-2.34917000603851 1.19508586300152 1.27209898081832
0.0131472185094226 0.801529226730047 1.02087448070308
0.0131472185094226 0.801529226730047 1.02087448070308
0.400023852471154 -0.0345179056496302 1.09139085203226
0.400023852471154 -0.0345179056496302 1.09139085203226
-0.133122518069463 0.638243286296907 2.05484910981554
-0.133122518069463 0.638243286296907 2.05484910981554
-0.133122518069463 0.638243286296907 2.05484910981554
-0.133122518069463 0.638243286296907 2.05484910981554
-0.133122518069463 0.638243286296907 2.05484910981554
-0.735251818952636 0.985064661750831 2.15624617735744
-0.0524234560481811 0.381875993138262 2.29486494776373
0.39732740003824 0.298079104671135 1.98590801442404
0.39732740003824 0.298079104671135 1.98590801442404
0.39732740003824 0.298079104671135 1.98590801442404
0.39732740003824 0.298079104671135 1.98590801442404
