0.58660292575069 1.65261481340318 1.26268097716714
0.58660292575069 1.65261481340318 1.26268097716714
0.58660292575069 1.65261481340318 1.26268097716714
0.845277440859451 0.893164153423349 1.55840846021422
0.845277440859451 0.893164153423349 1.55840846021422
0.845277440859451 0.893164153423349 1.55840846021422
0.858959817850045 0.458413345499229 1.1158902821807
0.761328154081693 0.561187146894951 2.41230923000531
-0.172677244523833 0.781628092659257 2.23675779214353
0.212859053710142 -0.464312608079443 1.85901715982909
0.212859053710142 -0.464312608079443 1.85901715982909
0.212859053710142 -0.464312608079443 1.85901715982909
0.156604551547402 0.178820118013578 1.50106173344029
0.156604551547402 0.178820118013578 1.50106173344029
0.156604551547402 0.178820118013578 1.50106173344029
-0.0023110221835323 -0.0235163674278873 3.09717814248289
-0.00434956028364102 0.032157064005272 3.23834705902231
0.137487001322647 0.717636092472955 2.9898646382681
0.137487001322647 0.717636092472955 2.9898646382681
0.137487001322647 0.717636092472955 2.9898646382681
0.137487001322647 0.717636092472955 2.9898646382681
1.49075264449104 0.870759914631798 2.21790309174162
1.49075264449104 0.870759914631798 2.21790309174162
0.898228447868577 2.10902577261308 1.9262472900998
0.898228447868577 2.10902577261308 1.9262472900998
0.898228447868577 2.10902577261308 1.9262472900998
0.898228447868577 2.10902577261308 1.9262472900998
0.898228447868577 2.10902577261308 1.9262472900998
0.898228447868577 2.10902577261308 1.9262472900998
0.898228447868577 2.10902577261308 1.9262472900998
