0.344673882466414 -0.149969488448449 2.23410486909148
0.344673882466414 -0.149969488448449 2.23410486909148
0.344673882466414 -0.149969488448449 2.23410486909148
-1.07775953699447 0.696257852680853 1.84941797680849
-1.07775953699447 0.696257852680853 1.84941797680849
-1.07775953699447 0.696257852680853 1.84941797680849
-0.665025264734905 0.271859763054484 1.67013243620528
-0.419042436807772 -0.297318777909 1.21293684839635
-0.419042436807772 -0.297318777909 1.21293684839635
-0.968081362877652 -0.246486253583307 2.26482264504818
-1.43367704074933 -1.0940469718854 1.19281321638437
-1.43367704074933 -1.0940469718854 1.19281321638437
-0.501877086896713 -1.1637915278653 1.59654064778887
-0.501877086896713 -1.1637915278653 1.59654064778887
-0.699436647940324 -0.484756776341963 0.316069375505789
2.78854781171292 5.0771099138092 2.89591843465708
2.78854781171292 5.0771099138092 2.89591843465708
3.46791224696239 5.34669370931746 2.30304815545104
3.46791224696239 5.34669370931746 2.30304815545104
1.94760004085946 2.21557707175286 1.73229689783062
1.94760004085946 2.21557707175286 1.73229689783062
1.94760004085946 2.21557707175286 1.73229689783062
1.94760004085946 2.21557707175286 1.73229689783062
1.94760004085946 2.21557707175286 1.73229689783062
1.94760004085946 2.21557707175286 1.73229689783062
0.596400160587994 2.15818063909705 1.10955359737315
-0.19202511547554 1.68927576313572 1.97747901277093
-0.19202511547554 1.68927576313572 1.97747901277093
-0.19202511547554 1.68927576313572 1.97747901277093
1.06934420125712 0.771901907455953 1.22301438041467
