0.330858357050088 0.455083142887278 1.92406405853967
0.330858357050088 0.455083142887278 1.92406405853967
0.330858357050088 0.455083142887278 1.92406405853967
0.330858357050088 0.455083142887278 1.92406405853967
0.330858357050088 0.455083142887278 1.92406405853967
-0.591956121136845 0.181962864706787 1.60262406656581
-0.591956121136845 0.181962864706787 1.60262406656581
-0.591956121136845 0.181962864706787 1.60262406656581
1.03269912968039 0.351145426899703 1.65724477906418
0.270003810735497 0.573865068916939 2.10879645950774
1.03819616393885 -0.289818618720105 2.52359888393403
1.03819616393885 -0.289818618720105 2.52359888393403
0.266800914085157 -0.086495886179811 1.50846940549366
0.266800914085157 -0.086495886179811 1.50846940549366
0.266800914085157 -0.086495886179811 1.50846940549366
0.879780509334486 2.19278477703015 -0.138976595329527
0.879780509334486 2.19278477703015 -0.138976595329527
0.879780509334486 2.19278477703015 -0.138976595329527
0.879780509334486 2.19278477703015 -0.138976595329527
0.879780509334486 2.19278477703015 -0.138976595329527
0.879780509334486 2.19278477703015 -0.138976595329527
-0.00125624112137523 1.51631855609349 0.0586333847154276
-0.00125624112137523 1.51631855609349 0.0586333847154276
-0.252660911229254 0.485677176337936 -0.431915551486842
-0.252660911229254 0.485677176337936 -0.431915551486842
-0.252660911229254 0.485677176337936 -0.431915551486842
-0.244606300554131 0.0994216427170176 0.427994188596616
-0.244606300554131 0.0994216427170176 0.427994188596616
-0.244606300554131 0.0994216427170176 0.427994188596616
1.12617134663344 1.18650338486868 2.62091864025312
