-0.387106586929935 1.21455473373396 2.40483632966815
-0.387106586929935 1.21455473373396 2.40483632966815
-0.490489464089773 1.90718262944047 2.70131196561387
-0.490489464089773 1.90718262944047 2.70131196561387
-0.490489464089773 1.90718262944047 2.70131196561387
-0.490489464089773 1.90718262944047 2.70131196561387
-0.490489464089773 1.90718262944047 2.70131196561387
-0.192512900796229 1.37443802007271 2.81028643734191
-0.192512900796229 1.37443802007271 2.81028643734191
-0.926454076590245 0.984919524642416 2.20293213998169
-0.926454076590245 0.984919524642416 2.20293213998169
-0.757781549416902 1.25743897960776 2.15343972015049
-0.732854086400285 1.24376909844649 1.20762861596865
-0.764377093391147 1.3500985932041 1.30254931662986
-0.343863488432343 0.773709816066603 1.25152935391576
1.9188811517331 0.855619594974523 3.94395871059831
1.9188811517331 0.855619594974523 3.94395871059831
2.04259841729677 1.31025777885356 4.25947022447035
1.22202798485937 0.705643021936264 2.88343034696754
1.80242456091976 1.29750334315362 2.3698034188603
1.95508862748466 1.43131366254914 1.82376327919907
2.25725534405859 1.98722903518126 2.18866009502806
1.35394904149718 1.1849928958574 2.77634575891892
1.35394904149718 1.1849928958574 2.77634575891892
1.35394904149718 1.1849928958574 2.77634575891892
1.79372533239963 1.03134179333002 2.71149016819561
1.52085408628504 0.810784416632378 2.32859050379138
1.52085408628504 0.810784416632378 2.32859050379138
1.52085408628504 0.810784416632378 2.32859050379138
1.47495709712425 0.935568152510222 2.49988595596696
