0.259132838392309 -0.12396081637759 1.66826450746548
0.347938050258212 0.0107195416702288 1.89999581698759
0.347938050258212 0.0107195416702288 1.89999581698759
0.347938050258212 0.0107195416702288 1.89999581698759
0.347938050258212 0.0107195416702288 1.89999581698759
-0.0901198440145698 -0.121695217616925 2.10721496196677
-0.0901198440145698 -0.121695217616925 2.10721496196677
-0.966827890810961 0.179897659151731 2.06191803345426
-0.966827890810961 0.179897659151731 2.06191803345426
-0.966827890810961 0.179897659151731 2.06191803345426
-0.966827890810961 0.179897659151731 2.06191803345426
0.202306295206037 0.381332547839198 1.59483169898419
0.0318406678377087 -0.0327955925735751 1.72975971885606
-1.32486794738512 1.2922065439761 1.43360038123844
-1.32486794738512 1.2922065439761 1.43360038123844
1.00911170556581 2.65470462603397 2.98745870304605
1.00911170556581 2.65470462603397 2.98745870304605
1.00911170556581 2.65470462603397 2.98745870304605
1.00911170556581 2.65470462603397 2.98745870304605
0.274915085459207 2.0450000114279 2.83491563353655
-1.36317935734301 1.76373512011747 2.32200406762456
-1.10272666335811 1.23282398268117 1.43085821444062
-2.14165029911497 1.31798223073311 1.67707552055796
-2.14165029911497 1.31798223073311 1.67707552055796
-0.925184536806535 0.861264296217601 2.55695260392188
-1.72906214499907 0.45966428605104 3.06616861372122
-1.72906214499907 0.45966428605104 3.06616861372122
-1.72906214499907 0.45966428605104 3.06616861372122
-1.72906214499907 0.45966428605104 3.06616861372122
-2.05436092361491 0.444422300097677 2.37838438931456
