0.762268975382113 1.61344564260134 2.16769709503954
0.762268975382113 1.61344564260134 2.16769709503954
0.762268975382113 1.61344564260134 2.16769709503954
-0.173751709031818 0.635140569021477 1.2726912686668
-0.173751709031818 0.635140569021477 1.2726912686668
-0.173751709031818 0.635140569021477 1.2726912686668
-0.104420898181892 0.760382617446396 1.34487924729968
-0.104420898181892 0.760382617446396 1.34487924729968
-0.104420898181892 0.760382617446396 1.34487924729968
-0.104420898181892 0.760382617446396 1.34487924729968
0.390197284984312 0.456568274177512 0.761573154720039
0.390197284984312 0.456568274177512 0.761573154720039
0.390197284984312 0.456568274177512 0.761573154720039
0.390197284984312 0.456568274177512 0.761573154720039
0.390197284984312 0.456568274177512 0.761573154720039
2.72936703656124 0.862534946295195 0.539264141760213
2.75385345914852 1.46955598489674 1.01300934231719
2.00769771198374 0.965527357530242 0.197433798344121
2.00769771198374 0.965527357530242 0.197433798344121
1.8401975470494 2.03502458421347 1.75363679671983
2.58344966926425 2.02076912423865 1.59974646262622
2.94315644834109 1.20288815212954 1.34175089406791
2.45725654788235 1.62735344495252 1.55624723771623
2.45725654788235 1.62735344495252 1.55624723771623
2.68910223277237 1.40455111718249 1.80640509344755
2.68910223277237 1.40455111718249 1.80640509344755
2.68910223277237 1.40455111718249 1.80640509344755
2.28476478684686 0.225432756332512 1.26066174834691
2.28476478684686 0.225432756332512 1.26066174834691
2.13009433158782 1.19030400377278 1.35351524843111
