0.374186702839444 0.732804595760318 2.41341078873496
0.374186702839444 0.732804595760318 2.41341078873496
-0.00492333275589463 1.05757530707573 2.22878739071606
-0.00492333275589463 1.05757530707573 2.22878739071606
-0.00492333275589463 1.05757530707573 2.22878739071606
-0.197073007616913 1.14361791138611 1.4514635577135
-0.197073007616913 1.14361791138611 1.4514635577135
-0.233072755838061 1.54121063300956 2.47334411783844
-0.0924430518903353 1.0058335717187 1.95473573590117
-0.0924430518903353 1.0058335717187 1.95473573590117
-0.796189731389081 0.555884520956185 1.29011472318194
0.00642176104466907 1.17361162449373 2.31729944937686
0.505261119730779 0.19725247701346 3.096559969686
0.0325209015583986 0.617154328279223 2.8662937522563
0.0325209015583986 0.617154328279223 2.8662937522563
0.846591901325477 1.64013928741217 2.6245274818452
2.21244975356705 1.37629931330469 2.73894559733147
2.21244975356705 1.37629931330469 2.73894559733147
2.06926063827093 2.04746392643672 2.65641746446832
2.06926063827093 2.04746392643672 2.65641746446832
2.06926063827093 2.04746392643672 2.65641746446832
2.06926063827093 2.04746392643672 2.65641746446832
2.06926063827093 2.04746392643672 2.65641746446832
2.06926063827093 2.04746392643672 2.65641746446832
2.06926063827093 2.04746392643672 2.65641746446832
2.06926063827093 2.04746392643672 2.65641746446832
2.06926063827093 2.04746392643672 2.65641746446832
1.952577806062 1.6820185472629 2.34300561821471
1.952577806062 1.6820185472629 2.34300561821471
1.87208912168137 0.432718155826512 2.28242865891462
