0.570985618442299 0.212292461395708 1.78699431093202
0.594989004975596 1.09965645786131 2.02033190506996
0.326514512226636 0.339942089767195 1.75371134798224
0.326514512226636 0.339942089767195 1.75371134798224
0.326514512226636 0.339942089767195 1.75371134798224
0.378499775225523 0.736194241769311 2.31213579688124
0.0570253422972319 1.01822254472309 2.15162724863705
0.0570253422972319 1.01822254472309 2.15162724863705
0.0570253422972319 1.01822254472309 2.15162724863705
0.0570253422972319 1.01822254472309 2.15162724863705
-0.509850140468144 1.54747477949476 3.60805588129205
-0.272034266840079 1.0887556726946 2.76621204386455
-0.545219673851251 0.0317732715082368 2.0168992117306
-0.545219673851251 0.0317732715082368 2.0168992117306
-0.545219673851251 0.0317732715082368 2.0168992117306
1.65939714336717 -1.18053785122526 1.41223413508648
2.52153584090421 -1.13397089590183 0.206109661099332
2.3699252760028 -0.912772015828397 0.705905440862931
3.71841917048315 0.235750172904992 1.17605809109231
3.71841917048315 0.235750172904992 1.17605809109231
2.11487896207406 0.290478145659885 1.59780212358463
2.11487896207406 0.290478145659885 1.59780212358463
2.11487896207406 0.290478145659885 1.59780212358463
2.11487896207406 0.290478145659885 1.59780212358463
2.11487896207406 0.290478145659885 1.59780212358463
2.11487896207406 0.290478145659885 1.59780212358463
2.11487896207406 0.290478145659885 1.59780212358463
2.11487896207406 0.290478145659885 1.59780212358463
2.11487896207406 0.290478145659885 1.59780212358463
2.52465423698814 0.528112187307201 1.53387955117143
