-0.166890514298872 1.7671909747615 2.65415235990438
-0.166890514298872 1.7671909747615 2.65415235990438
-0.166890514298872 1.7671909747615 2.65415235990438
-0.166890514298872 1.7671909747615 2.65415235990438
-0.166890514298872 1.7671909747615 2.65415235990438
-0.476445221528395 0.535203636508881 2.60799099575793
-0.476445221528395 0.535203636508881 2.60799099575793
-1.2666789232945 0.671187425044424 2.87600390177279
-1.2666789232945 0.671187425044424 2.87600390177279
0.345667731964242 1.44605592949622 2.21587516857304
0.43818675359521 2.17877434731123 2.35018846855647
0.496254982736856 1.94566409709353 2.82650738853322
0.496254982736856 1.94566409709353 2.82650738853322
0.496254982736856 1.94566409709353 2.82650738853322
0.496254982736856 1.94566409709353 2.82650738853322
0.884776981278449 2.44667722946962 1.42247997924899
0.884776981278449 2.44667722946962 1.42247997924899
0.884776981278449 2.44667722946962 1.42247997924899
-0.82827398184931 1.20937017409754 0.782448315167566
-0.156930570637387 1.34930537337372 2.29379415026568
-0.073956443349685 1.5100481258085 2.20616907290354
-0.073956443349685 1.5100481258085 2.20616907290354
-0.073956443349685 1.5100481258085 2.20616907290354
-0.073956443349685 1.5100481258085 2.20616907290354
-0.073956443349685 1.5100481258085 2.20616907290354
-0.073956443349685 1.5100481258085 2.20616907290354
-0.073956443349685 1.5100481258085 2.20616907290354
0.117596286100507 1.47988651082369 2.34718625154576
0.117596286100507 1.47988651082369 2.34718625154576
0.117596286100507 1.47988651082369 2.34718625154576
