-0.93798017993423 0.43936232776062 1.01130076033203
-0.93798017993423 0.43936232776062 1.01130076033203
-0.93798017993423 0.43936232776062 1.01130076033203
0.321564520670834 0.165396928833852 0.43042233291363
1.26534137744578 0.262764561429036 0.511315315328008
1.07541168059943 0.59959419254537 0.250261266590703
1.07541168059943 0.59959419254537 0.250261266590703
0.55690443518378 1.33909426310916 1.42235552630358
0.55690443518378 1.33909426310916 1.42235552630358
0.25777591459347 1.96683814523282 1.96128337895919
-0.163141752194023 -0.00197406875139472 1.91916209170632
-0.163141752194023 -0.00197406875139472 1.91916209170632
-0.677772723647123 0.906246244231166 2.23005854648945
-0.677772723647123 0.906246244231166 2.23005854648945
-0.677772723647123 0.906246244231166 2.23005854648945
0.897948612048515 0.364095034550668 0.913403616370838
0.897948612048515 0.364095034550668 0.913403616370838
0.897948612048515 0.364095034550668 0.913403616370838
0.897948612048515 0.364095034550668 0.913403616370838
0.508543422276729 0.581348252888019 0.627417480464862
0.508543422276729 0.581348252888019 0.627417480464862
0.508543422276729 0.581348252888019 0.627417480464862
-0.0659373506075982 0.561015577969392 0.693855211409885
-0.142935526733678 0.440951328831586 1.25696586843708
-0.142935526733678 0.440951328831586 1.25696586843708
-0.142935526733678 0.440951328831586 1.25696586843708
0.895656024000058 0.297933202353295 1.08725864674704
2.39593664076523 0.804712476676295 0.329081457408055
2.39593664076523 0.804712476676295 0.329081457408055
1.79131673292675 -0.584428937897086 0.444964031425033
