0.869613798775448 1.92714032366251 2.3260550604544
0.869613798775448 1.92714032366251 2.3260550604544
2.28630397444443 1.91329085387454 0.371798532475268
2.28630397444443 1.91329085387454 0.371798532475268
1.06552167928808 1.39876769225893 1.11828182687653
0.0607939730379838 1.59515824180183 2.29891303868335
0.0607939730379838 1.59515824180183 2.29891303868335
-0.156851970783135 1.43640181696872 2.18782300476845
-0.156851970783135 1.43640181696872 2.18782300476845
-0.156851970783135 1.43640181696872 2.18782300476845
-0.156851970783135 1.43640181696872 2.18782300476845
-0.156851970783135 1.43640181696872 2.18782300476845
-0.156851970783135 1.43640181696872 2.18782300476845
-0.156851970783135 1.43640181696872 2.18782300476845
-0.156851970783135 1.43640181696872 2.18782300476845
1.87634854963552 1.67586540496633 0.350866319771427
1.87634854963552 1.67586540496633 0.350866319771427
1.87634854963552 1.67586540496633 0.350866319771427
0.520461910388388 1.56570477870007 0.431869779093125
0.520461910388388 1.56570477870007 0.431869779093125
0.520461910388388 1.56570477870007 0.431869779093125
0.520461910388388 1.56570477870007 0.431869779093125
0.520461910388388 1.56570477870007 0.431869779093125
0.520461910388388 1.56570477870007 0.431869779093125
0.520461910388388 1.56570477870007 0.431869779093125
0.520461910388388 1.56570477870007 0.431869779093125
0.520461910388388 1.56570477870007 0.431869779093125
0.366820921869496 0.793858698361541 2.49320712276501
0.366820921869496 0.793858698361541 2.49320712276501
0.999502365652445 -0.0102836920340454 0.278218454141569
