0.323535271049852 -0.526811701690107 1.00257855322052
0.239650623729812 0.782693154448389 1.26537794321972
0.239650623729812 0.782693154448389 1.26537794321972
0.239650623729812 0.782693154448389 1.26537794321972
0.239650623729812 0.782693154448389 1.26537794321972
0.239650623729812 0.782693154448389 1.26537794321972
0.239650623729812 0.782693154448389 1.26537794321972
0.239650623729812 0.782693154448389 1.26537794321972
0.239650623729812 0.782693154448389 1.26537794321972
1.10967578505323 1.64058575082597 2.00509293222974
0.465358243215138 0.673434877826408 1.05238799482995
0.465358243215138 0.673434877826408 1.05238799482995
0.465358243215138 0.673434877826408 1.05238799482995
0.465358243215138 0.673434877826408 1.05238799482995
0.465358243215138 0.673434877826408 1.05238799482995
1.90536476214423 0.742760023115603 1.91246636651467
1.90536476214423 0.742760023115603 1.91246636651467
1.90536476214423 0.742760023115603 1.91246636651467
1.90536476214423 0.742760023115603 1.91246636651467
1.90536476214423 0.742760023115603 1.91246636651467
1.90536476214423 0.742760023115603 1.91246636651467
1.95452554537201 1.0066796827965 2.39391686051495
1.90813921330917 1.49967128858618 2.70644683398614
2.3689238615871 2.07365571374769 2.48075859367608
2.33478619741437 1.98481725457517 2.78678296440357
2.78989598035838 3.80126702588031 2.88104491979424
3.44294979278511 3.6462349189695 1.3426593235866
3.19398824130155 3.46789324468062 2.50368521646681
3.19398824130155 3.46789324468062 2.50368521646681
3.19398824130155 3.46789324468062 2.50368521646681
