0.663830972423748 1.60210681978368 1.68308037757314
-1.00269627575404 0.990610462026055 2.19950382122462
-1.00269627575404 0.990610462026055 2.19950382122462
-1.00269627575404 0.990610462026055 2.19950382122462
-1.00269627575404 0.990610462026055 2.19950382122462
-1.00269627575404 0.990610462026055 2.19950382122462
-1.00269627575404 0.990610462026055 2.19950382122462
-1.00269627575404 0.990610462026055 2.19950382122462
-0.521319250547255 1.46526583365904 1.19457602696773
-0.521319250547255 1.46526583365904 1.19457602696773
-0.521319250547255 1.46526583365904 1.19457602696773
-0.521319250547255 1.46526583365904 1.19457602696773
-0.521319250547255 1.46526583365904 1.19457602696773
-0.521319250547255 1.46526583365904 1.19457602696773
-0.521319250547255 1.46526583365904 1.19457602696773
2.112383487709 1.03690134560549 2.18923595187406
1.95122400503617 1.45146789150813 1.32921345718595
2.32370768477453 0.876189740663293 1.74824924572871
2.32370768477453 0.876189740663293 1.74824924572871
1.94747120193638 0.890337922614884 2.2854674873401
1.94747120193638 0.890337922614884 2.2854674873401
1.56942490152959 0.82044224650835 1.61258057218186
1.56942490152959 0.82044224650835 1.61258057218186
1.72363781090051 0.3492640713595 1.15575906842779
1.46310612019158 2.32012558215912 1.79890072806175
1.46310612019158 2.32012558215912 1.79890072806175
1.18706280651905 1.48497104535162 1.57539409522366
1.18706280651905 1.48497104535162 1.57539409522366
1.18706280651905 1.48497104535162 1.57539409522366
1.66138934300408 1.3520366799474 1.32600563296786
