-0.20424137411384 -0.597722513127187 1.58724601490758
-0.20424137411384 -0.597722513127187 1.58724601490758
-0.20424137411384 -0.597722513127187 1.58724601490758
-0.20424137411384 -0.597722513127187 1.58724601490758
-0.20424137411384 -0.597722513127187 1.58724601490758
-0.20424137411384 -0.597722513127187 1.58724601490758
0.700487350237577 -0.489156857959316 1.20794356447537
-1.07463800486076 -0.0975313970335481 2.83077508255488
-0.946955474950421 -1.28118219490232 2.09643308232376
-0.946955474950421 -1.28118219490232 2.09643308232376
-0.946955474950421 -1.28118219490232 2.09643308232376
-0.946955474950421 -1.28118219490232 2.09643308232376
0.532902387921896 0.400438161683248 2.16123303093205
0.532902387921896 0.400438161683248 2.16123303093205
0.00447292474973349 -0.0204820923552705 2.25475876664862
5.86818695745279 -0.485746012025556 2.1213166602424
5.86818695745279 -0.485746012025556 2.1213166602424
5.33913607249664 0.259137111446076 1.5291203720222
5.33913607249664 0.259137111446076 1.5291203720222
2.7855042158264 -0.854993673348119 1.79326056135323
3.53278629885726 0.0887278937949978 1.49107265662485
3.53278629885726 0.0887278937949978 1.49107265662485
3.53278629885726 0.0887278937949978 1.49107265662485
3.53278629885726 0.0887278937949978 1.49107265662485
3.53278629885726 0.0887278937949978 1.49107265662485
3.67783700206781 1.74541220706512 1.82698028671667
3.36984808311433 0.968702934740764 1.73538923452255
1.86191439942977 -0.140462099238771 1.364750652883
1.86191439942977 -0.140462099238771 1.364750652883
1.86191439942977 -0.140462099238771 1.364750652883
