-0.0516499432402024 2.21223235708445 2.17792635490658
-0.0516499432402024 2.21223235708445 2.17792635490658
0.440466067799791 2.04470958253507 2.86445909643844
0.440466067799791 2.04470958253507 2.86445909643844
0.440466067799791 2.04470958253507 2.86445909643844
0.516029900690686 2.87282899693724 2.56780168216538
0.744832202778496 2.69228415117169 3.16522091667198
0.744832202778496 2.69228415117169 3.16522091667198
0.744832202778496 2.69228415117169 3.16522091667198
0.744832202778496 2.69228415117169 3.16522091667198
0.744832202778496 2.69228415117169 3.16522091667198
-0.0456657783879029 2.5059751726307 2.73708500700999
-0.537962267587296 2.20942736771234 2.52529915206268
-0.590387555354628 1.96687047090055 2.74575606021728
-0.590387555354628 1.96687047090055 2.74575606021728
-0.260058547125805 0.971644958735611 0.6112099023223
-0.508663616303645 1.07330230499588 0.304788554468668
-0.508663616303645 1.07330230499588 0.304788554468668
-0.508663616303645 1.07330230499588 0.304788554468668
-0.508663616303645 1.07330230499588 0.304788554468668
-0.425166375144051 0.85700516947207 1.06112437209563
0.115493136877917 0.684004417805156 1.18237827074595
-0.0549311182644341 1.00276428623345 0.625742231090912
-0.0549311182644341 1.00276428623345 0.625742231090912
-0.0549311182644341 1.00276428623345 0.625742231090912
-0.0549311182644341 1.00276428623345 0.625742231090912
-0.0549311182644341 1.00276428623345 0.625742231090912
-0.0549311182644341 1.00276428623345 0.625742231090912
-0.0549311182644341 1.00276428623345 0.625742231090912
1.52989365402565 0.547836790745973 1.93305023925691
