-0.436155905211176 1.49857625678885 1.07723773048541
-0.800755335507839 1.62050450538883 1.27783028897362
-0.829106542655304 1.87514795478596 1.35542183627998
-0.829106542655304 1.87514795478596 1.35542183627998
-0.829106542655304 1.87514795478596 1.35542183627998
-0.845373839076165 1.65464148865489 0.577051327216187
0.606067289991489 1.4256800464959 0.439523218689215
0.606067289991489 1.4256800464959 0.439523218689215
-0.255753544942336 1.98696980783765 0.624085759718462
-0.255753544942336 1.98696980783765 0.624085759718462
-0.255753544942336 1.98696980783765 0.624085759718462
-0.538176633751207 1.32851323440488 2.02644584051386
-0.430647202838466 1.71909871903846 0.905374685583143
-0.631640963022451 1.66322350514565 0.923902672807921
-0.631640963022451 1.66322350514565 0.923902672807921
1.45766790544575 0.352419634516529 2.38151558773506
2.04153830720308 0.49758655285967 1.61946208343105
1.34484710531546 0.705540155256965 1.63451725161585
1.14202414847185 0.626684029455949 1.55072029234802
1.14202414847185 0.626684029455949 1.55072029234802
0.6741473709729 0.206605471119614 1.84266064969847
0.6741473709729 0.206605471119614 1.84266064969847
0.6741473709729 0.206605471119614 1.84266064969847
0.6741473709729 0.206605471119614 1.84266064969847
0.654890448171089 0.309344380997987 2.3084296782507
0.0413386583307399 0.402004010190615 1.49692877419353
-0.607044192749599 0.565859328844461 1.63996971089466
-0.607044192749599 0.565859328844461 1.63996971089466
-0.954365001704371 0.534347805570692 2.43199786912774
-0.954365001704371 0.534347805570692 2.43199786912774
