0.464604867061175 1.49260366724336 0.447016742555742
0.464604867061175 1.49260366724336 0.447016742555742
2.30255396945818 1.4055165824736 0.897013550016882
2.30255396945818 1.4055165824736 0.897013550016882
2.65945392408844 2.38310544812956 1.32665122254661
1.84381209731972 1.27706768306997 1.2958846498084
1.84381209731972 1.27706768306997 1.2958846498084
1.84381209731972 1.27706768306997 1.2958846498084
1.84381209731972 1.27706768306997 1.2958846498084
2.27091015996766 0.289302122877197 1.88409074212287
2.32783222528478 0.185269425917977 1.74824708809179
1.59416738987376 0.900178921900441 0.35920778301853
0.461264793449644 0.199167103861545 0.668678121664498
0.461264793449644 0.199167103861545 0.668678121664498
-0.192794150887162 0.984522331182736 0.402992810247469
0.503911143660304 0.952899569921657 1.35689302138813
0.503911143660304 0.952899569921657 1.35689302138813
0.503911143660304 0.952899569921657 1.35689302138813
0.503911143660304 0.952899569921657 1.35689302138813
0.503911143660304 0.952899569921657 1.35689302138813
1.6832972132307 0.595060161456351 1.00867263405468
1.6832972132307 0.595060161456351 1.00867263405468
0.14433883216198 0.152576021544674 0.904543892535137
0.308106062567408 0.390759631872524 0.846831340815384
-0.0737412326577675 -0.0974352244612561 1.53824504345768
-0.0737412326577675 -0.0974352244612561 1.53824504345768
0.727894094854362 -0.892109784772184 0.50721529093466
0.727894094854362 -0.892109784772184 0.50721529093466
0.727894094854362 -0.892109784772184 0.50721529093466
0.727894094854362 -0.892109784772184 0.50721529093466
