0.562434892894672 0.586790542049661 0.699562921542974
0.793821587188235 1.15921393987426 1.03530399097007
0.305796771046174 0.598797411380283 2.18093900563951
0.305796771046174 0.598797411380283 2.18093900563951
0.305796771046174 0.598797411380283 2.18093900563951
0.305796771046174 0.598797411380283 2.18093900563951
0.305796771046174 0.598797411380283 2.18093900563951
0.305796771046174 0.598797411380283 2.18093900563951
0.305796771046174 0.598797411380283 2.18093900563951
0.305796771046174 0.598797411380283 2.18093900563951
0.0564858295373582 0.253445408294167 2.20826258838148
0.0564858295373582 0.253445408294167 2.20826258838148
0.0564858295373582 0.253445408294167 2.20826258838148
0.0564858295373582 0.253445408294167 2.20826258838148
0.0564858295373582 0.253445408294167 2.20826258838148
-0.202221013049442 1.87817209387414 1.70094485650015
-0.62728895321871 0.262669470896936 2.17653895588944
-0.62728895321871 0.262669470896936 2.17653895588944
-0.0217411115812296 1.87192130442542 1.90513904852364
0.0160835440602186 2.4948941538465 1.86699718477462
0.0160835440602186 2.4948941538465 1.86699718477462
-0.643159802949425 -0.0214629526887058 1.52182070128334
-0.643159802949425 -0.0214629526887058 1.52182070128334
-0.643159802949425 -0.0214629526887058 1.52182070128334
-0.956295742753358 0.297701671033237 2.13827373111706
-0.956295742753358 0.297701671033237 2.13827373111706
-0.956295742753358 0.297701671033237 2.13827373111706
-1.21238191575012 0.199094127711932 1.26457540918827
-1.21238191575012 0.199094127711932 1.26457540918827
-0.995556300346144 1.99320120165472 1.5840832270154
