-0.294104574483818 1.22733682265015 1.78065485846419
-0.294104574483818 1.22733682265015 1.78065485846419
-0.294104574483818 1.22733682265015 1.78065485846419
-0.294104574483818 1.22733682265015 1.78065485846419
-0.294104574483818 1.22733682265015 1.78065485846419
-1.5360430261165 0.316406526103908 1.62388000482501
-1.5360430261165 0.316406526103908 1.62388000482501
-1.5360430261165 0.316406526103908 1.62388000482501
-1.5360430261165 0.316406526103908 1.62388000482501
-1.5360430261165 0.316406526103908 1.62388000482501
-1.84727205902633 0.535573710604185 2.05998402404763
-1.84727205902633 0.535573710604185 2.05998402404763
-1.84727205902633 0.535573710604185 2.05998402404763
-1.73631534184878 0.0669001494931543 1.47825259750301
-0.653625094342634 0.690170631601046 1.72905522184105
-0.0863711472870385 1.26693888611527 2.14221715484096
0.605995320428517 0.89176127579701 2.13105197793418
0.605995320428517 0.89176127579701 2.13105197793418
0.605995320428517 0.89176127579701 2.13105197793418
0.605995320428517 0.89176127579701 2.13105197793418
0.605995320428517 0.89176127579701 2.13105197793418
0.0766031647719938 0.340618930548821 2.17796318779915
0.0766031647719938 0.340618930548821 2.17796318779915
0.0766031647719938 0.340618930548821 2.17796318779915
0.0766031647719938 0.340618930548821 2.17796318779915
0.191383591018145 -0.143245524099941 2.58719216468116
0.211539423156877 0.460205904416154 2.80237569796447
-0.401944117071392 0.271837846400422 2.55846579894728
0.00274850886919242 0.391749918549888 2.16538338474305
0.00274850886919242 0.391749918549888 2.16538338474305
