1.47320541200537 0.545228558193041 2.90755067141809
1.47320541200537 0.545228558193041 2.90755067141809
1.47320541200537 0.545228558193041 2.90755067141809
1.47320541200537 0.545228558193041 2.90755067141809
0.941829421328718 0.943810126202661 2.47946524626169
0.941829421328718 0.943810126202661 2.47946524626169
0.430361878430085 0.591456407221705 1.10633091169594
0.430361878430085 0.591456407221705 1.10633091169594
0.430361878430085 0.591456407221705 1.10633091169594
0.430361878430085 0.591456407221705 1.10633091169594
0.430361878430085 0.591456407221705 1.10633091169594
0.430361878430085 0.591456407221705 1.10633091169594
0.430361878430085 0.591456407221705 1.10633091169594
1.04455732713981 0.527612065376428 1.86045052928999
1.04455732713981 0.527612065376428 1.86045052928999
1.25470211107076 1.39744346152525 2.19912091627352
1.25470211107076 1.39744346152525 2.19912091627352
0.985593931422919 1.08639280531855 0.81224030194833
0.985593931422919 1.08639280531855 0.81224030194833
1.77230274286249 -0.452334231158916 0.777203591529143
1.77230274286249 -0.452334231158916 0.777203591529143
0.15278108837619 -0.235625361516406 1.13376651609765
0.15278108837619 -0.235625361516406 1.13376651609765
0.15278108837619 -0.235625361516406 1.13376651609765
0.15278108837619 -0.235625361516406 1.13376651609765
-0.234472574120955 -1.11583791146112 1.70503408070556
0.638817865803421 0.0906730572934706 -0.757339381065116
0.638817865803421 0.0906730572934706 -0.757339381065116
0.638817865803421 0.0906730572934706 -0.757339381065116
0.638817865803421 0.0906730572934706 -0.757339381065116
