0.169576527560705 1.12576006040466 0.923222017854033
0.169576527560705 1.12576006040466 0.923222017854033
0.0160196531690986 1.27318094765626 1.49145423252479
0.0160196531690986 1.27318094765626 1.49145423252479
0.0160196531690986 1.27318094765626 1.49145423252479
-0.188242601008664 0.117065220617123 1.49528859221774
0.121116604742346 -0.0498922853306708 1.30113047752713
1.68014761563231 0.494613733684877 1.96821884404231
0.156181075721156 1.41663311174131 2.17027964585121
0.156181075721156 1.41663311174131 2.17027964585121
0.156181075721156 1.41663311174131 2.17027964585121
0.156181075721156 1.41663311174131 2.17027964585121
0.156181075721156 1.41663311174131 2.17027964585121
0.156181075721156 1.41663311174131 2.17027964585121
0.156181075721156 1.41663311174131 2.17027964585121
1.0346831369929 2.03454435048077 3.38457282135711
1.25647890694449 1.86910823672158 2.89588569650415
1.25647890694449 1.86910823672158 2.89588569650415
0.155887415213437 1.32889741714666 1.903824336985
0.155887415213437 1.32889741714666 1.903824336985
0.155887415213437 1.32889741714666 1.903824336985
0.155887415213437 1.32889741714666 1.903824336985
0.142296052390054 1.3098442064841 1.92616129055011
0.142296052390054 1.3098442064841 1.92616129055011
0.932636097835176 1.09124630848461 1.22265039952943
0.932636097835176 1.09124630848461 1.22265039952943
-0.517110979148769 1.38277947473331 0.338882669054202
-0.517110979148769 1.38277947473331 0.338882669054202
-0.517110979148769 1.38277947473331 0.338882669054202
-0.396634617503909 1.14437069528665 1.20276734118944
