-0.392805140171572 -0.532185283610529 0.827107663812521
-0.392805140171572 -0.532185283610529 0.827107663812521
-0.392805140171572 -0.532185283610529 0.827107663812521
-0.560139686572027 -0.182730670958185 0.999261199030953
-1.01228314055817 -0.623136935945836 1.44880964288695
-1.01228314055817 -0.623136935945836 1.44880964288695
-1.01228314055817 -0.623136935945836 1.44880964288695
-0.825744293212662 -0.920319949624779 1.51616514910685
-0.825744293212662 -0.920319949624779 1.51616514910685
-0.825744293212662 -0.920319949624779 1.51616514910685
-0.547728883333535 -0.966867650580709 0.902614803279287
-0.547728883333535 -0.966867650580709 0.902614803279287
-0.264503706754451 -0.434762777343063 1.04477822206354
0.0315675263959956 -0.160469460020764 0.583463214403355
0.0315675263959956 -0.160469460020764 0.583463214403355
3.48539467444702 2.46253404528207 1.18559031410248
2.59242111445658 2.15055344825416 2.49923106968963
2.59242111445658 2.15055344825416 2.49923106968963
2.41347048725059 2.215795453946 2.49020089844705
2.7324089063752 1.72452656186262 2.57793143910476
2.7324089063752 1.72452656186262 2.57793143910476
2.37769044691098 1.97496918987231 1.67307630923298
2.37769044691098 1.97496918987231 1.67307630923298
2.260041867174 1.75584862832257 2.43799124354981
2.260041867174 1.75584862832257 2.43799124354981
2.67774390854996 1.3596509859241 2.12063060663109
2.81054737935397 1.76546698844245 1.08908442543209
2.78952395409305 0.966440991934773 1.74689684032192
3.000909495776 2.16550762434907 1.64297352872805
3.49199311183949 1.9511943705632 1.18629610713065
