0.298447812387477 0.989513355783306 1.73583630757429
-0.47817446788096 0.806538705572343 1.98280473656272
0.116369310487131 1.24083962415521 2.61695072620045
0.157876947187107 1.16599137355178 2.13201966423582
0.157876947187107 1.16599137355178 2.13201966423582
0.157876947187107 1.16599137355178 2.13201966423582
-0.905757831399388 0.588180109822534 1.9815159815673
-0.905757831399388 0.588180109822534 1.9815159815673
-0.306992878844534 1.14538816537373 1.07922756187842
-0.306992878844534 1.14538816537373 1.07922756187842
-0.306992878844534 1.14538816537373 1.07922756187842
-0.306992878844534 1.14538816537373 1.07922756187842
-0.306992878844534 1.14538816537373 1.07922756187842
-0.306992878844534 1.14538816537373 1.07922756187842
-0.306992878844534 1.14538816537373 1.07922756187842
3.40464980689922 -0.948219085637821 0.212360942228452
2.25369500497998 -0.498084106748497 1.99725725036193
1.8475384909967 0.413705009636438 2.42213071618277
1.8475384909967 0.413705009636438 2.42213071618277
1.22438317663826 0.865048921613871 1.55147255726323
0.716414822421667 1.90690633617553 0.976431435233485
0.716414822421667 1.90690633617553 0.976431435233485
0.716414822421667 1.90690633617553 0.976431435233485
-0.215878899501406 2.07156165112387 1.41793070625232
-0.215878899501406 2.07156165112387 1.41793070625232
-0.215878899501406 2.07156165112387 1.41793070625232
0.559084983116678 2.94410647505966 0.590240244309797
0.559084983116678 2.94410647505966 0.590240244309797
0.559084983116678 2.94410647505966 0.590240244309797
2.15334791724496 0.962878393635907 -0.79323040282611
