-0.826431015998614 0.310477417683639 0.990663270795208
-0.826431015998614 0.310477417683639 0.990663270795208
-0.826431015998614 0.310477417683639 0.990663270795208
-0.826431015998614 0.310477417683639 0.990663270795208
-0.826431015998614 0.310477417683639 0.990663270795208
-0.324308196874535 0.493607353654315 0.76966409842743
-0.299489562235678 1.89324929729226 1.21870064171523
-1.34043340366055 0.825629075285149 1.82419074729385
-1.34043340366055 0.825629075285149 1.82419074729385
-0.310636638996663 0.856495343742687 1.55106835432537
-0.310636638996663 0.856495343742687 1.55106835432537
-0.310636638996663 0.856495343742687 1.55106835432537
-0.620021186495573 0.436573954571384 1.68422654784143
-0.620021186495573 0.436573954571384 1.68422654784143
0.357768060885794 1.42423530833997 1.73458128296176
2.03659224542089 0.433542394668402 1.48986560032437
1.35095927749952 0.775753512339593 2.1076769391347
2.10467762574495 2.04214094602968 1.75420286648324
0.573697480283132 1.87758268869245 2.39931036658498
0.330939769064867 1.19212085341254 2.16465776172951
0.330939769064867 1.19212085341254 2.16465776172951
-0.700360662240943 1.26072001630963 1.95825285069789
-0.700360662240943 1.26072001630963 1.95825285069789
-0.973824971290499 0.673234943312717 2.01251053121325
1.5378562334238 1.04225446423032 1.88165834830874
2.65327911606358 0.859567510524867 1.1662598698795
2.65327911606358 0.859567510524867 1.1662598698795
2.65327911606358 0.859567510524867 1.1662598698795
2.3696119597315 0.171960190160246 1.21531948178462
0.829392544964016 -0.579551906905509 1.58882013248077
