0.0737312635108538 2.5123703439322 2.16415093359473
-0.481165699361102 2.5507234236252 2.98328973950097
-0.915670509635543 1.80371785166317 1.49744944084576
-0.915670509635543 1.80371785166317 1.49744944084576
-0.915670509635543 1.80371785166317 1.49744944084576
-0.915670509635543 1.80371785166317 1.49744944084576
-0.915670509635543 1.80371785166317 1.49744944084576
-1.41930292096006 1.49108510676125 2.33385887024883
-1.41930292096006 1.49108510676125 2.33385887024883
-1.41930292096006 1.49108510676125 2.33385887024883
-0.390658941258725 1.31109721599619 1.65698637456587
-0.390658941258725 1.31109721599619 1.65698637456587
-0.390658941258725 1.31109721599619 1.65698637456587
-0.390658941258725 1.31109721599619 1.65698637456587
0.381811909547854 1.39275410596482 1.77879836566017
-0.716220771273174 -1.55733317473997 1.82405223212088
-0.716220771273174 -1.55733317473997 1.82405223212088
-0.716220771273174 -1.55733317473997 1.82405223212088
-0.793144913876632 -1.02328604498928 1.73139177558141
-0.793144913876632 -1.02328604498928 1.73139177558141
-0.810282858122373 -0.985981774408815 2.10801648762568
-0.810282858122373 -0.985981774408815 2.10801648762568
-0.810282858122373 -0.985981774408815 2.10801648762568
-0.907988882193223 -0.540834627355698 2.01309178337765
-0.615921074315998 0.627365630599642 2.37387231529035
-0.615921074315998 0.627365630599642 2.37387231529035
-0.106218479978502 -0.38658980879575 2.26719643505398
-0.106218479978502 -0.38658980879575 2.26719643505398
0.547595709688563 -0.191334210806443 1.83680068934775
0.547595709688563 -0.191334210806443 1.83680068934775
