1.07991473659351 -0.615736869668164 0.891095287555252
-0.608968504992699 -0.368934867025969 2.29527387245999
-1.44074217394606 0.854625498947136 1.82060095487794
-1.44074217394606 0.854625498947136 1.82060095487794
-1.44074217394606 0.854625498947136 1.82060095487794
-1.44074217394606 0.854625498947136 1.82060095487794
-1.44074217394606 0.854625498947136 1.82060095487794
-1.44074217394606 0.854625498947136 1.82060095487794
-2.15107960713142 0.458810897288404 2.60277432912613
-2.15107960713142 0.458810897288404 2.60277432912613
-2.15107960713142 0.458810897288404 2.60277432912613
-1.98457073531568 0.814791181261389 2.43840199321337
-2.66460559156209 1.39008913661357 2.29076613136735
-2.66460559156209 1.39008913661357 2.29076613136735
-2.35868230207412 0.954926258032028 2.63948935222223
1.02388694773991 0.185386618697569 0.701874316884536
0.696594111587693 0.360102305889976 0.744917536430092
0.69410973406848 1.02500309845016 0.241993584849949
0.69410973406848 1.02500309845016 0.241993584849949
-0.773183521578043 0.322109851661244 1.92830476785523
-0.773183521578043 0.322109851661244 1.92830476785523
-0.773183521578043 0.322109851661244 1.92830476785523
-0.515845866319702 0.465275790539652 2.44131609087648
0.542236057197529 1.06463752355667 1.389983640086
0.866284121480849 1.49744516682685 2.08283656508672
0.866284121480849 1.49744516682685 2.08283656508672
0.866284121480849 1.49744516682685 2.08283656508672
0.866284121480849 1.49744516682685 2.08283656508672
0.866284121480849 1.49744516682685 2.08283656508672
1.46631414656871 0.82875240184537 1.87062204054608
