-0.563336467239362 1.50383191098758 1.12550444504294
-0.80430158805244 1.26811842956927 1.0378548723766
-0.80430158805244 1.26811842956927 1.0378548723766
-0.80430158805244 1.26811842956927 1.0378548723766
-0.80430158805244 1.26811842956927 1.0378548723766
-0.80430158805244 1.26811842956927 1.0378548723766
0.00464992630682248 1.46972826978111 2.38058223594459
0.00464992630682248 1.46972826978111 2.38058223594459
-1.55358609012 1.74216998931431 1.79874189266714
-1.55358609012 1.74216998931431 1.79874189266714
-0.213463933330694 1.43797095013405 1.7649668330856
-0.213463933330694 1.43797095013405 1.7649668330856
-0.213463933330694 1.43797095013405 1.7649668330856
-0.120471018583943 1.58073109527528 1.58941733861461
-0.120471018583943 1.58073109527528 1.58941733861461
0.0354710758175682 1.72797300917816 0.606984284887525
1.0072495077258 1.63691801053171 1.02910893750038
0.376174029967695 1.6834564775456 1.12218658504258
-0.472728754886147 1.70055110519217 0.0415510188156063
-0.472728754886147 1.70055110519217 0.0415510188156063
-0.467870034970761 0.96952640127505 0.250008952005948
-0.252852635065456 1.22994568419654 0.541406408669382
-0.252852635065456 1.22994568419654 0.541406408669382
-0.00102130143846874 0.623821371859179 1.34861123572711
1.22647001693926 0.769265198360436 1.50488070232623
1.22647001693926 0.769265198360436 1.50488070232623
1.28631189070269 0.886606468559399 2.47114332460375
1.45312711047432 0.680201990036896 1.57993941254779
0.440832483079277 0.373673356660628 1.61553359976564
-0.0409478223684443 0.248485493092676 1.48571869682986
