-0.163223190519281 1.26339238953811 1.39695510947812
0.376406654728787 1.57804574226941 1.9072667896415
1.02901036656563 0.379817422846011 1.81718775799566
1.65032541659163 1.34898757426624 1.49671615702547
1.65032541659163 1.34898757426624 1.49671615702547
0.953741366266915 0.485227393491983 1.5501670933445
1.20879536379094 1.59725861741466 1.72477102217258
0.796209482477054 1.73193058995769 1.42767762004972
0.796209482477054 1.73193058995769 1.42767762004972
0.796209482477054 1.73193058995769 1.42767762004972
-0.217167514685395 1.64869066754382 0.712128854044127
-0.217167514685395 1.64869066754382 0.712128854044127
0.432574460919339 -0.252624905085945 0.400783007967101
-0.222237821834824 -0.907446263480777 1.3319483494597
-0.222237821834824 -0.907446263480777 1.3319483494597
0.433115603994918 0.959705523770071 2.46803384367039
0.433115603994918 0.959705523770071 2.46803384367039
0.501216875438526 0.125085769457431 1.5424040899598
0.501216875438526 0.125085769457431 1.5424040899598
0.501216875438526 0.125085769457431 1.5424040899598
0.53459385714106 -0.0050722551929106 2.10495579288884
0.855986660224267 0.683644745784092 2.15524094522634
0.771221946563919 1.65995622091659 2.21768265619947
1.05368186194687 1.35013915863256 1.83617796083819
0.794565068208207 1.79703241478236 1.57234464220137
0.807380105199575 2.71696174087603 1.76818789344084
0.807380105199575 2.71696174087603 1.76818789344084
0.807380105199575 2.71696174087603 1.76818789344084
0.807380105199575 2.71696174087603 1.76818789344084
0.807380105199575 2.71696174087603 1.76818789344084
