1.49769352050303 0.000706625902756497 1.47918264761411
0.547162029682898 -0.0634298183098765 1.54373750940511
0.547162029682898 -0.0634298183098765 1.54373750940511
0.547162029682898 -0.0634298183098765 1.54373750940511
0.547162029682898 -0.0634298183098765 1.54373750940511
0.812627117354423 0.247956851717474 1.78085442624225
1.48569055774864 0.27651067119409 2.13486964261327
1.48569055774864 0.27651067119409 2.13486964261327
1.48569055774864 0.27651067119409 2.13486964261327
1.48569055774864 0.27651067119409 2.13486964261327
1.48569055774864 0.27651067119409 2.13486964261327
0.794833106445481 0.786252500104631 2.1591231065907
1.38608744782276 0.848947664133752 1.7768024920075
1.38608744782276 0.848947664133752 1.7768024920075
1.38608744782276 0.848947664133752 1.7768024920075
-0.0807491031396934 0.914243562678189 0.231075796507341
-0.0807491031396934 0.914243562678189 0.231075796507341
-0.169540324383584 -0.344642753266695 0.372321751776263
-0.169540324383584 -0.344642753266695 0.372321751776263
-0.233890567166776 -1.0547819802226 0.837145214932079
0.459684239015032 -0.833496095912629 0.804690512673614
0.861248563629715 -0.0859664641728128 0.570266342495698
0.859452967632822 0.212009182683129 0.429726379139092
1.25824829025629 0.748827778463224 0.179720532072369
1.25824829025629 0.748827778463224 0.179720532072369
1.25824829025629 0.748827778463224 0.179720532072369
0.695210268462683 0.0317828954533422 0.833354592306654
0.695210268462683 0.0317828954533422 0.833354592306654
0.695210268462683 0.0317828954533422 0.833354592306654
0.695210268462683 0.0317828954533422 0.833354592306654
