-0.0680283021795072 0.881988697048819 1.38298972454
-0.0680283021795072 0.881988697048819 1.38298972454
-0.739466360169379 0.75019855194449 1.04209726368913
-0.739466360169379 0.75019855194449 1.04209726368913
-0.522893659689146 0.977311571138168 1.43239389179019
-0.374209660879928 0.553070536046537 1.00871952891645
-0.281920949746274 0.602647740471682 1.27752445301303
-0.281920949746274 0.602647740471682 1.27752445301303
-0.281920949746274 0.602647740471682 1.27752445301303
-0.281920949746274 0.602647740471682 1.27752445301303
-0.281920949746274 0.602647740471682 1.27752445301303
-0.281920949746274 0.602647740471682 1.27752445301303
-0.281920949746274 0.602647740471682 1.27752445301303
-0.281920949746274 0.602647740471682 1.27752445301303
-0.281920949746274 0.602647740471682 1.27752445301303
2.73630660850516 -1.21484898281641 0.331806885932805
2.73630660850516 -1.21484898281641 0.331806885932805
2.73630660850516 -1.21484898281641 0.331806885932805
2.3952908350784 -0.6172063320489 0.55787294229619
2.3952908350784 -0.6172063320489 0.55787294229619
2.3952908350784 -0.6172063320489 0.55787294229619
3.32531829788911 -0.323530055199551 0.876918970874802
3.32531829788911 -0.323530055199551 0.876918970874802
1.96842860644766 0.237985968640994 1.01067035177067
2.5318448761608 -0.315177219720959 0.39374712105785
2.71072952647456 -0.0306330856184231 1.06711062002826
3.20421599257857 0.0118892284728617 1.18819283035656
3.20421599257857 0.0118892284728617 1.18819283035656
3.20421599257857 0.0118892284728617 1.18819283035656
3.20421599257857 0.0118892284728617 1.18819283035656
