-1.21926820309849 1.24337073852414 0.385232958164686
-1.21926820309849 1.24337073852414 0.385232958164686
-1.02947588853253 1.37016830514815 0.331284084332005
0.563971991576443 1.50872648022129 1.36308915410475
-0.176591741724158 0.443861654939546 0.661887927934238
0.701872849604736 1.09762441396589 1.85255426845929
0.701872849604736 1.09762441396589 1.85255426845929
0.701872849604736 1.09762441396589 1.85255426845929
0.271099950632064 1.01794977949152 1.65277410949689
0.271099950632064 1.01794977949152 1.65277410949689
0.271099950632064 1.01794977949152 1.65277410949689
0.271099950632064 1.01794977949152 1.65277410949689
-0.754381405223152 1.04754047438309 1.55945397342317
-0.787106467935606 1.24513239262328 2.42468643433953
-0.787106467935606 1.24513239262328 2.42468643433953
0.760608001252412 0.875954020365817 1.13961277662321
0.313136812894322 0.337902939351905 1.61666443115875
0.454585409974126 0.683093962221241 1.58716890525029
0.718744359313298 0.08100239529111 1.81253938472676
0.718744359313298 0.08100239529111 1.81253938472676
1.39700508547193 -0.364201756363414 1.96278143222727
1.46802612566276 -0.303273252457453 2.34439316286129
0.558896169187976 0.0656400093219334 2.01420494734659
0.558896169187976 0.0656400093219334 2.01420494734659
0.558896169187976 0.0656400093219334 2.01420494734659
0.558896169187976 0.0656400093219334 2.01420494734659
0.465766911312927 0.228862577024481 2.10258844749738
0.465766911312927 0.228862577024481 2.10258844749738
0.465766911312927 0.228862577024481 2.10258844749738
0.755177264388214 0.111412688850193 2.48290587459337
