0.88683189273225 0.475371534561549 2.31782027580267
0.88683189273225 0.475371534561549 2.31782027580267
0.88683189273225 0.475371534561549 2.31782027580267
0.88683189273225 0.475371534561549 2.31782027580267
0.88683189273225 0.475371534561549 2.31782027580267
0.88683189273225 0.475371534561549 2.31782027580267
0.88683189273225 0.475371534561549 2.31782027580267
0.88683189273225 0.475371534561549 2.31782027580267
-0.663878116984595 -0.647229077488779 2.34896881553511
-0.663878116984595 -0.647229077488779 2.34896881553511
-0.663878116984595 -0.647229077488779 2.34896881553511
-0.663878116984595 -0.647229077488779 2.34896881553511
0.192137283206847 1.08936581960088 0.902066571254583
-0.888337955752195 0.687396471760743 0.0161673105055468
-0.888337955752195 0.687396471760743 0.0161673105055468
0.0789006891106547 0.703310424024747 1.34513241529928
-1.09493726863313 0.390775687091472 3.06501039371075
-2.27958883319747 0.69862137141011 2.02226142614486
-2.27958883319747 0.69862137141011 2.02226142614486
-2.27958883319747 0.69862137141011 2.02226142614486
-1.29430788507711 0.78299451067722 1.76188347401407
-0.321165458602792 0.529985212998232 0.780443629618932
-0.321165458602792 0.529985212998232 0.780443629618932
-0.951670066043278 0.95298196998988 1.25299520080932
-0.951670066043278 0.95298196998988 1.25299520080932
-0.951670066043278 0.95298196998988 1.25299520080932
-0.951670066043278 0.95298196998988 1.25299520080932
-0.951670066043278 0.95298196998988 1.25299520080932
-0.951670066043278 0.95298196998988 1.25299520080932
-0.951670066043278 0.95298196998988 1.25299520080932
