1.97585658681276 1.90337759824842 0.451194551995428
1.97585658681276 1.90337759824842 0.451194551995428
2.55407956320403 1.57829347540749 1.39745711656322
2.79415227793211 1.28772103811355 0.909565636409925
2.79415227793211 1.28772103811355 0.909565636409925
2.03268098965285 0.868627549632558 0.490894718608299
2.24377196287609 1.24842776484495 1.5449709238829
1.92783909275472 1.43083178563375 1.16755136654751
1.92783909275472 1.43083178563375 1.16755136654751
1.92783909275472 1.43083178563375 1.16755136654751
1.49218289845148 1.2559997932656 0.543844683160696
1.80956771962685 1.12541623801535 1.33074480363723
1.55552222194504 0.816690000977468 0.963602654549999
1.55552222194504 0.816690000977468 0.963602654549999
1.55552222194504 0.816690000977468 0.963602654549999
1.122056769804 1.0975564221114 0.837777598377617
2.27687524548965 1.24105402492175 0.971275272553191
2.27687524548965 1.24105402492175 0.971275272553191
2.27687524548965 1.24105402492175 0.971275272553191
2.27687524548965 1.24105402492175 0.971275272553191
2.27687524548965 1.24105402492175 0.971275272553191
2.27687524548965 1.24105402492175 0.971275272553191
2.66471891363102 1.04399746504387 1.65660752016316
2.35000483724303 0.281382067375171 1.44792672436315
2.73885119748217 1.00927171488662 1.69658996827671
1.43160267396616 -0.00954372867918152 1.00203047720023
1.7788473913611 -0.18724258988547 1.41999090312004
3.1199898140394 0.487716360970661 1.27288358310176
3.1199898140394 0.487716360970661 1.27288358310176
3.1199898140394 0.487716360970661 1.27288358310176
