0.696261524792841 2.72780399199518 1.94952632929004
-0.391941801244476 2.16829932042815 1.69515272584456
-1.13771092903472 1.60553578041312 1.37184118273762
-1.13771092903472 1.60553578041312 1.37184118273762
-1.09591707552674 1.81623441219113 1.82160507325542
-0.369252619741171 1.88778809996055 2.07345074734409
-0.369252619741171 1.88778809996055 2.07345074734409
-0.53441321805937 1.60721931715829 2.36187057982359
-0.53441321805937 1.60721931715829 2.36187057982359
-1.21758537202399 1.73061507558224 1.86268901360732
-1.21758537202399 1.73061507558224 1.86268901360732
-1.21758537202399 1.73061507558224 1.86268901360732
-1.21758537202399 1.73061507558224 1.86268901360732
-1.21758537202399 1.73061507558224 1.86268901360732
-0.363592437142792 1.48073246631548 0.719312831170321
2.74624752852043 1.52547464981849 1.88760679352378
1.20970792066868 1.00889270797988 1.23481056461865
1.4887465704423 1.81158803570035 0.679878916152247
0.947377018242654 1.84613601394643 0.420015147859552
0.947377018242654 1.84613601394643 0.420015147859552
0.947377018242654 1.84613601394643 0.420015147859552
0.947377018242654 1.84613601394643 0.420015147859552
1.74103730218805 1.74848050122455 0.964519792786871
1.74103730218805 1.74848050122455 0.964519792786871
1.75165873444381 2.11847097791763 1.24246900085726
1.75165873444381 2.11847097791763 1.24246900085726
-0.264094405590525 2.16972992230346 1.98429920942167
-0.40037347687722 2.82523097154102 1.71027719549137
-0.40037347687722 2.82523097154102 1.71027719549137
-1.32877449592743 2.40135542728035 1.84312183311136
