-0.263482078189514
-0.290601418500192
-0.205981159423529
-0.281518505302967
-0.253687338356852
-0.263221548495406
-0.285008461049245
-0.275519383889296
-0.224551630883431
-0.289642512819561
-0.280702348924717
-0.298871568403419
-0.240316211154285
-0.284427543701319
-0.344789993991721
-0.305809637995495
-0.284939122442076
-0.204837861783103
-0.273492086190187
-0.316077681569196
-0.235021720863242
-0.282867376724995
-0.289730637808544
-0.270070248569329
-0.225044969166599
-0.263701962852563
-0.201247644166882
-0.310144344115061
-0.181384274838183
-0.280334983100699
