0.789656271212267
0.784648645998863
0.727400260144452
0.772701861562759
0.860372246924901
0.847496409474077
0.78154704909191
0.789341071225957
0.836184854306509
0.766066318286504
0.808837590704741
0.851127946391466
0.789920366349734
0.749625274401811
0.741741930003003
0.735789267163119
0.669619957919997
0.696637675238195
0.693553734335703
0.682867667711749
0.723787090488461
0.737425747290411
0.711303196101945
0.681317428229468
0.691073569792284
0.650653456482189
0.67314583575813
0.731757113344236
0.736739424778283
0.627985597392568
