3.94184805929454
4.05709119237662
4.02574230687395
4.10334928528236
4.15512832169251
4.33597283434419
4.16685631541831
3.83097098531497
3.51466103752135
3.64893827049213
3.68296705929839
3.71366419938816
3.70256045337258
3.63142383499836
3.50239052432515
5.30177897524246
5.25307067217737
5.25836299251458
5.25085560163067
5.25505165313886
5.27279262606104
5.30069752291516
5.25791648883387
5.2378670426324
5.25827430431382
5.24173123107955
5.33345857459816
5.39593559643554
5.42438956256789
5.38990691154766
