1.00000014131813
1.00000032829859
1.00000009127795
1.00000020362014
1.00000005696829
1.00000024959783
1.0000000942599
1.00000006751256
1.00000011198468
1.00000017719775
1.00000055782694
1.00000103560111
1.00000277191652
1.0000041588046
1.00000525024575
1.03787992579165
1.03243751258326
1.03867987609164
1.02882950741106
1.01791381984708
1.04831310646427
1.03535346823457
1.02925830386282
1.1056833567335
1.08077707570148
1.04899653282299
1.03535454062558
1.03236054894101
1.07316464449818
1.13939852569818
