1.00008744029568
1.00004087871942
1.00002238228842
1.00001692478442
1.00001033632776
1.00001079715952
1.0000057791827
1.0000046542505
1.00000343506758
1.00000902118091
1.00000771441723
1.00000150304503
1.00000541406748
1.00000513076027
1.00000923578952
2.49836146195402
2.49597955651661
2.49772194561472
2.49892421480611
2.49830398956841
2.49826511299687
2.49818490213835
2.49956945228247
2.49989056331096
2.49991167827154
2.49989117585555
2.49994666942683
2.49994089531492
2.4999151905846
2.49982303396333
