1.04624919902404
1.03514485652256
1.10611809640984
1.07442869516778
1.09724238686098
1.06349094385475
1.11125151894027
1.0491376452477
1.2641823529188
1.57089084752774
1.36588912300815
1.29977308785306
1.15375264320953
1.03814471104025
1.04896868924712
2.4993434399207
2.49974545212745
2.49952363021285
2.49919506346459
2.4983332714061
2.4985893656843
2.49405581825378
2.49129702034543
2.47830643015364
2.37677201889058
2.46016140919845
2.47384450528607
2.37256751343738
2.41068323851069
2.42500349309868
