1.00003045781366
1.0000329869558
1.00000819816353
1.00000647290848
1.00003146789935
1.00002929966745
1.00001647935255
1.00000822103317
1.00000409080058
1.0000048008394
1.00000636537734
1.00001397337111
1.00000952861446
1.00001128112379
1.00002210061882
2.49275844169797
2.49156034012736
2.48660455839191
2.49636722120997
2.49890098902206
2.49708042392021
2.49830637115656
2.49860610968358
2.49864413471335
2.49642759490572
2.49171492670832
2.46985682847825
2.48179180861769
2.47793275211025
2.39341503680892
