1.13100360113793
1.02631281616958
1.02569208724492
1.06918440847284
1.13054990432609
1.08762793831635
1.12727366510017
1.12887370571588
1.19348889328314
1.25428234476657
1.20675787537585
1.2818393482514
1.1211559962808
1.09885382804752
1.31077644496833
2.36125584517488
2.40568136106408
2.42913647013923
2.37510132201432
2.41228360418855
2.41603039214378
2.44412987254793
2.29225807626799
1.8304996086174
1.92157662085258
2.32106756291078
2.32647215523623
2.41116088934408
2.24495344375243
2.33352117480133
