1.00204665486563
1.00280764160707
1.00225374084584
1.00223124221827
1.00091875507936
1.00024567077651
1.00048527706485
1.00058643008671
1.00031587912369
1.00009659920354
1.0000791283895
1.00021970809278
1.00012608377892
1.00026482015108
1.00007308748242
2.49995679280135
2.49998108848151
2.49996162958895
2.49995792827034
2.49991854204633
2.49988719078946
2.49980228143442
2.49989159199496
2.49970180213851
2.49928977971005
2.49938690656845
2.49851492007568
2.49334930208633
2.49606887110468
2.49496508668986
