2.21885798169543
1.73688219370341
1.84628719298134
1.87018715043723
2.01017828423525
2.36262652635151
2.01406852751608
1.58264865971727
1.65069922599952
1.77128802361777
1.83948508525463
1.28737261527502
1.07136220272025
1.12320219308231
1.05496638821349
2.45296066741859
2.44230680036612
2.19617117666419
2.28144386250008
2.41044195703961
2.40009135235652
2.37899860612757
2.37815781883824
2.38295817350879
2.42366168612369
2.28841936321986
2.30661120505553
2.40812250256387
2.42669005506345
2.26488019091472
