1.07317807665153
1.01535315315183
1.01505781656353
1.05677472512032
1.06127910074549
1.00945409187419
1.00418694215346
1.00284181560829
1.01144366300127
1.01156316406436
1.01462544377033
1.01702116254255
1.04883713787839
1.01926234284029
1.1029298581934
1.9401227887748
2.35006218145932
2.33475734149875
2.28037610095253
2.26150260728056
2.34863334297967
2.28583487453081
2.39979821243385
2.32684073704416
2.3201124798985
2.38963497994483
2.44536106538336
2.42414467322961
2.39823260686049
2.44066944364153
