1.94548253052728
1.90753298831444
1.31654342160381
1.25890361924333
1.56479500179306
1.4058512235568
1.17957336501586
1.2396878915896
1.05058608554866
1.15139916554875
1.40082705081374
1.14530714418333
1.48172667255838
1.38254321051181
1.32423093577575
1.00892232351312
1.02601377480281
1.03274008811429
1.05676566694178
1.01802315317539
1.0417097330817
1.04083789617972
1.17657535436208
1.03739921378103
1.06849371652619
1.05317278580159
1.06859128009805
1.05898434663795
1.13085771717584
1.04906499968443
