2.49251574693165
2.4914534537937
2.49034845992501
2.49250700599753
2.49297195200494
2.45933960537553
2.45918114103204
2.45730194335659
2.48209493621552
2.47337632127296
2.48309648638838
2.48166017655556
2.47968694069394
2.48434590348138
2.48008399554981
1.55493965564739
1.93440431964445
2.00353619889928
2.0470931540022
1.70123210113117
1.92017053983532
1.99196768539364
1.72530024712859
1.3237916771227
1.41226300158955
1.53770539994871
1.73625601956998
1.54058035183715
1.52048719678874
1.4921938242342
