1.00066380277744
1.00065822504646
1.00176693526481
1.00261763060579
1.00363741351304
1.00898573240443
1.01717114745944
1.01043988530778
1.01320867089903
1.03448392744954
1.09007248703265
1.16225901997402
1.10802886139961
1.11138414278582
1.13785188613281
2.49999658618524
2.49999750291703
2.49998573200688
2.49999275072141
2.49999314497828
2.49999778907525
2.49999005337555
2.49998986019405
2.49999216540174
2.49999303456687
2.49998886469727
2.49998747914902
2.49998380570948
2.4999924575642
2.49996990008497
