1.0000055184272
1.00000281666
1.00000565216972
1.00000595198532
1.00000492641497
1.00001333024482
1.00001483024972
1.00000431986994
1.0000043173983
1.00000762145204
1.00000762351458
1.00000898336591
1.00001378538133
1.00000725463963
1.00001931220236
2.49726579324743
2.49915216328969
2.49791471098639
2.49628816890072
2.49737097431662
2.49506260314871
2.49128676599934
2.44975100014953
2.43101740285996
2.48495934450546
2.49001745764608
2.46931342711323
2.4766831018564
2.4954212939862
2.48603106664304
