2.47122797278685
2.4613269281053
2.48677818027144
2.48947109844246
2.4857279233969
2.47878742878791
2.44444531189892
2.44526468951057
2.45944585290594
2.46767598784616
2.44791654524901
2.45080720653843
2.43066800209249
2.48609922563934
2.49041299545224
2.29560686662313
2.44481925559398
2.48053481935255
2.49376298214498
2.49724853608136
2.4970557461994
2.49337174321465
2.49654571005576
2.49646831789407
2.49163063734431
2.49551739802219
2.49882832969906
2.49743554426234
2.49680538569165
2.49938846549321
