1.0001461513184
1.00015384556141
1.00015799751778
1.00010274311552
1.00003208586872
1.00006842362104
1.00007776405317
1.00010249763338
1.00015200291506
1.00008437847659
1.00002033296632
1.00001578658977
1.00003560362406
1.00008947556935
1.0001729058826
2.49994428746433
2.49993865928018
2.4999810250917
2.49999498809463
2.49999271175905
2.49999496576145
2.49999056941248
2.49999142229309
2.49999214613888
2.49998410917789
2.49997937487082
2.49997325332822
2.49999596021828
2.49999694234922
2.49999798948536
