2.08670728881872
1.872012828119
2.26515428032274
1.9618625249195
2.09391122303474
2.11236728636842
2.15494134685683
2.22220521924969
2.20725466788533
2.33998204556624
2.17631816177091
2.15242876687948
1.82657896392748
1.80597636175978
1.59421065558194
2.02768695537362
2.13791577648423
2.4286018721792
2.2999170830495
2.23936888125535
2.04727016948626
1.62355290172592
1.63740968875782
1.27864716544919
1.19149016566468
1.32881778169003
1.2234151769532
1.15793865380221
1.15989591620912
1.16143424395495
