1.46342900904409
1.16022982820543
1.37368601334788
1.1088334368798
1.06294738824208
1.02974777499025
1.04369190080288
1.01140227233699
1.00434122798348
1.00417621297777
1.00311456441514
1.00237003184089
1.00074439268159
1.00049360731003
1.00018522306395
1.72982989909032
1.90047650694581
2.23403581193818
1.74409701533735
1.53011997161773
1.57374716281387
1.86664008725057
1.71015738777257
1.62827567319223
1.75420773811984
1.87340620949993
1.34548383995222
1.42084655725406
1.37274060154435
1.24193573999848
