1.1171871598669
1.02601627510967
1.08215356786469
1.29270026877419
1.57336456781994
1.63040751770438
1.67380037774776
1.4687402278401
1.60366798486077
1.73705810798273
1.81829669165947
1.83205964093331
1.67307612387311
1.64832755362344
1.81933522832915
1.11000581842482
1.22432511304046
1.45636069562314
1.39545985660716
1.45314204551376
1.51675645896011
1.43507975131858
1.47605422176874
1.88009104760421
1.92987697964817
1.74472681017451
1.81372285789835
1.77465486304255
1.67912175869612
2.04204911267647
