1.03891932462112
1.03103476531045
1.02928414817242
1.07031128351025
1.16625327085278
1.13439622560946
1.22534099459349
1.05267422887403
1.05522149036268
1.04662142770894
1.09927221314185
1.24496612138549
1.34108555871872
1.38387126485037
1.41228017334033
2.34138217816511
2.31682557433796
2.29130052780071
1.96942303527358
2.23153325876425
2.24583077716411
2.1116196363155
2.062268553449
2.22249057395454
2.29569067867481
1.97515450851416
2.15036903117465
2.33118990002435
2.43823422755822
2.43759298029692
