1.01308881991761
1.00996496534843
1.00961909211873
1.01295488653535
1.08487892888514
1.07369140305385
1.10845223230547
1.05549478039758
1.17082117623457
1.12117914532567
1.03457599047945
1.0318825078257
1.0382477867673
1.01751533092244
1.04228412241608
2.49997488078054
2.49998792118287
2.49996006405816
2.49998706621152
2.49999490300463
2.49999170974382
2.49999316428604
2.49999259178038
2.49999506484318
2.499996916664
2.4999955777026
2.49999844582882
2.49999889300546
2.49999709457327
2.4999965873864
