2.34105248961623
2.43568031792559
2.44420000437946
2.39063071576175
2.1135168004696
2.24409398952053
2.18649912151123
2.05316214796885
1.99324825961157
1.97665925190499
2.16767079994787
1.50043436916103
1.34824694560525
1.1419015392583
1.15971826402996
1.93467142582607
1.98922723746734
2.16492895043125
2.25253713536382
2.29744609001482
2.31751565884579
2.44801116620927
2.48413718042532
2.46534224496746
2.48825462683249
2.48325444468156
2.47616955964054
2.42923828775037
2.45230632375771
2.4450643816459
