2.14972605420537
2.28744552563214
2.03699370935678
1.96015804164334
1.91489771878613
1.9850679389519
2.03439837273772
2.13830847354903
2.17690887337054
2.24786878948791
2.33329141303042
2.36302419714906
2.43947596214833
2.39730814137104
2.35842529776193
1.22614903188551
1.21703497896782
1.1944697466901
1.13140429950465
1.05050447908007
1.0961298253542
1.03579119433123
1.16320148870578
1.15287798915153
1.07737905245964
1.13960061889225
1.34123166899679
1.21514276753089
1.33172963187184
1.69907353394999
