1.76592873965969
1.45110625698314
1.16116868636171
1.10082062601614
1.04368517784058
1.12196438181032
1.05846220137863
1.02548948887694
1.00409119978933
1.00617797042344
1.01901356508571
1.01051024446409
1.01682414345495
1.0088472709006
1.0350376402043
1.62966879667002
1.67100713510741
1.60031127263668
1.57728267180751
1.88435818250055
1.90727805341175
2.20084649722364
2.07215839241099
2.15429600479509
2.147466487011
2.12719585155878
2.2335690637481
2.19390440042836
2.39221016556691
2.22675694721675
