2.44161029685235
2.40228585119762
2.45608757786981
2.47832372390931
2.47706426919246
2.47774218191589
2.47694329860928
2.48525756071725
2.44246861018956
2.39109521748018
2.38302437517209
2.34294884702299
2.31244092623964
2.35241915720425
2.34617924839658
1.86875608738572
1.78058466744455
2.02520560003506
2.11475065851533
2.30866493405115
2.10838902328845
2.21908513348138
2.11604245328816
2.18977764768573
1.68535221372135
1.60666028023489
1.44053018278659
1.52911333995476
1.35823596603701
1.74059028570783
