1.87001161590647
1.99713725073864
2.04891928287705
2.13507794982838
2.15213002466305
1.52915689221351
1.61365004837005
1.49598239255595
1.98726129959731
2.02462306795968
1.42486626248265
1.28147147665649
1.23447204357532
1.16286044737024
1.38178319600323
2.46852550242048
2.45639069626054
2.44430415901033
2.48193681502318
2.49269862112875
2.49387886317868
2.49025476524743
2.47409465831105
2.36406312937418
2.23056225317597
2.09516062043601
2.20530665608951
2.28589782254278
2.44419209269143
2.348672075947
