1.00253519309679
1.00626232998442
1.00364212558213
1.00178922812344
1.00191238463042
1.00036202805949
1.00025986807268
1.00059903599345
1.00059271489965
1.00060539092044
1.00021018353767
1.00010986900232
1.00008836929453
1.00021449486588
1.00055842223408
2.4996957903061
2.4996162600686
2.49940431922214
2.49979218437298
2.49957095698094
2.49961047031636
2.49936285046712
2.4996683062603
2.49969061975456
2.49968956110407
2.4999033365503
2.49994371762086
2.4999414684057
2.49994799969387
2.49994208848353
