1.0000628100087
1.00006480620586
1.00009646451623
1.00008633197297
1.00032719523161
1.00043868607321
1.00175278388514
1.0055852571002
1.00299056481194
1.0075529579844
1.0020650726711
1.00280474761727
1.00261717882125
1.00735679135831
1.01404519396741
2.49999183765498
2.49998031918743
2.49995143280979
2.49995328050053
2.49996718597833
2.49996348460421
2.49995884571207
2.49989690618426
2.4999733787921
2.49998871445913
2.49999366989822
2.49998861204096
2.49998908630393
2.49996606162449
2.49993929128744
