1.00005052282264
1.00005204021231
1.00006183493637
1.00010655082117
1.00003674078627
1.00002900115868
1.00004636340892
1.00006440474762
1.00007238056511
1.0000554489164
1.00008045268133
1.00018580089771
1.00007708278389
1.00016140507751
1.00030662323003
2.49983593041494
2.49907854282556
2.49845908435746
2.49927947078566
2.49828520336734
2.49771714622135
2.49801149582189
2.49835739763507
2.49887045787167
2.49963631524745
2.49990951531217
2.49996553077594
2.49996431618761
2.49999037144141
2.49995028845865
