2.20193848357915
2.06077300884707
1.8986913957563
2.1975168463079
2.34134291437127
2.42154861714168
2.43730842420335
2.46930366009087
2.47493307433046
2.46920450733015
2.46771006202107
2.39961787934824
2.37547363931784
2.00196378535567
1.96462094057064
2.00829336006958
1.85581921955866
1.70234209752726
2.15237800665924
2.23372175023753
2.2655338143701
2.41906625023625
2.3780583715177
2.2759321273453
2.23238181209304
2.26441737764138
2.17711596804088
2.19525945310646
2.21685562981203
2.42192206477784
