1.51381865158357
1.74318751822962
1.6998857121352
1.64691568350979
1.21616026994443
1.32520363512781
1.39215538120705
1.4016582863684
1.28029225519325
1.46254544176135
1.17504380960873
1.43195253557226
1.23894814824715
1.33432705825222
1.54051362277742
1.89691349224514
2.06109236010195
1.91625758163971
2.02370188129731
2.30436505527469
2.35771347165755
2.31001736633123
2.31940165036172
2.30245937551512
2.41381309096458
2.34094528499872
2.28468694729015
2.33722259412485
2.38265345749416
2.04778764648759
