1.00000012030495
1.00000023057381
1.00000039337262
1.00000026385531
1.00000006742142
1.00000004909564
1.00000005632885
1.00000005732585
1.00000008122597
1.00000020444886
1.00000014613683
1.00000047355986
1.00000034533079
1.00000035016394
1.00000032716544
2.49997723983722
2.49988586251383
2.49991426532908
2.49968483651407
2.49914278387066
2.49940535631149
2.49783464676719
2.48734957282137
2.49738035071303
2.49542657111404
2.49140662980425
2.49656435060745
2.49783323986475
2.49750848686792
2.49832088348038
