1.00006301570012
1.00006814718683
1.00022585447993
1.00019038281316
1.00007054113573
1.00025783904195
1.00018792119298
1.00036979207493
1.00016198105078
1.00039032686986
1.00007042906625
1.00002884436888
1.00003257822753
1.00006929250178
1.00011780399186
2.49119393992441
2.49646795516202
2.4896687746869
2.4752117637809
2.41264050802708
2.23419523017964
2.37913091268469
2.09812822021394
2.19519980907784
2.18577920984576
2.30421659889027
2.3355096907332
2.3930350870471
2.38220665458797
2.38341983744808
