1.00000034721604
1.00000038477289
1.00000066224603
1.00000025802064
1.00000061295633
1.00000042929064
1.00000068580181
1.00000072930348
1.0000005599374
1.00000060324535
1.00000045047663
1.00000228132837
1.00000383080394
1.00000959820515
1.00000787017168
2.49986541510351
2.49961221104674
2.49936702064426
2.49896542230165
2.49858096791661
2.49877727016816
2.49973013406563
2.49982259445999
2.49981335553426
2.49967100451502
2.49980329057372
2.49966707456492
2.49877098153184
2.49980850242755
2.49980360253293
