1.65579759651242
1.55177860504737
1.52825440573912
1.89646059681207
2.20739228222675
2.09551486274692
1.92058994464225
1.7409841482243
1.84011616368203
1.96636797342767
1.67035107324196
1.86082730941532
1.5392911041923
1.81679571527803
1.85582471741222
2.205059997579
1.69613145985431
1.63587812171288
1.85669336423436
2.0893717044395
2.07132079100686
2.13268639262424
2.03103620694675
2.39270176890448
2.46618683461763
2.45707034812419
2.47410976760404
2.49216449319238
2.49037555690204
2.49139831787531
