2.15916717340236
1.96285989756846
2.11751961251266
1.79024453133775
2.31455601997344
2.37066399377071
2.30255648941873
2.29517094351506
2.26737690022119
1.78796516418464
1.61105639299223
1.93398873025748
2.0680962255393
2.11242666441743
2.1520578186008
1.25245392883476
1.21263239197655
1.31846563522713
1.2463198504163
1.20162599625826
1.17664015907215
1.40314350698424
1.38820415935487
1.61608070851636
1.44068008427575
1.26489783159182
1.21630949287309
1.22101063515042
1.17142034678006
1.37696932689669
