1.81450125945906
2.00239293102212
2.33236524105857
2.13823424123379
1.87307960692861
1.78490108810172
1.94903046582947
1.66586009078278
1.91572268283017
2.0009012605936
2.29939611856881
1.91194543106144
2.14385994640562
2.27661117768173
1.80036607461747
2.2530728819791
2.03862930377417
2.07647141049754
1.8120163353857
1.83883094914557
1.88340007072225
2.10515723782136
2.34882817418201
2.42698771809822
2.41817077271423
2.46071778388017
2.36584875375288
2.32345555096632
2.31531127644973
2.32220898210266
