1.076283822187
1.03950794454938
1.02201601611069
1.01646747336638
1.0057143381686
1.0020546822836
1.00168377435182
1.00402388113179
1.00196440808999
1.00408982933051
1.00685333699259
1.008507916708
1.00536655904683
1.00324454415637
1.00357164772236
2.39551872297398
2.45679801645407
2.4112085775461
2.43635020583983
2.38445909340256
2.44201102336576
2.45462098743582
2.48988791145736
2.48353750910768
2.47360481657766
2.47782295191071
2.44548292642236
2.46007262871594
2.44399895594665
2.41492692763831
