1.33170641622324
1.39962857518453
1.39990667161683
1.12468635284404
1.09810005583716
1.13224803940513
1.17320857308954
1.20887086553772
1.07632505710903
1.09887717178454
1.09981781237022
1.25350835754686
1.3469320331958
1.15412709495617
1.16754702277911
1.52812979681082
1.55097561654174
1.39039154938866
1.27838578211169
1.46706017397876
1.76618847817227
2.28242731515382
2.39467273274314
2.42739804816218
2.28720169621954
2.18881663642567
2.09772152943138
2.29249865994042
2.33413952680746
2.44276109807117
