1.00000590074167
1.00001137772377
1.00001854754344
1.00004152053216
1.00002885713208
1.00009094952677
1.00008623592159
1.0000919024765
1.00014529846908
1.0002448830061
1.00011044435863
1.00009183954261
1.00055455049204
1.0005074853807
1.00102254148558
2.49999775277729
2.49999452863816
2.4999980088211
2.49999834395946
2.49999934218146
2.49999888002041
2.49999907769224
2.49999971450836
2.49999954724299
2.49999944443893
2.49999848085103
2.49999788774406
2.49999756471791
2.49999354362679
2.49996874706069
