1.11234668851546
1.22079405564676
1.25882713149117
1.17697466988689
1.1489308488169
1.15705446326328
1.31122044896049
1.2525965813107
1.16066091769265
1.19608759619749
1.29261011846506
1.24029912278194
1.09326908123934
1.10312213511519
1.40364387693459
1.62281712037674
1.65285910019475
1.52027004429396
2.07668982007183
2.12012228263
1.9601629766176
1.76381107862181
1.23926729220769
1.39168958465305
1.75470714206768
1.61949523860795
1.84196920229175
2.03029340383121
1.6863776147292
2.03564783451539
