1.00015772189197
1.00027070457439
1.00036166942163
1.00060967365787
1.00061455252872
1.00024170693476
1.00012315027848
1.00004264594326
1.0000134981579
1.0000169108531
1.00001190142534
1.00001445049418
1.00000797387467
1.000009013524
1.00001028199654
2.49994862359597
2.49972826374678
2.49988679435613
2.49947914859271
2.49941602370776
2.49924040542098
2.49670517029313
2.49559119306214
2.49720549952943
2.49857958677801
2.4986848997352
2.49371161302939
2.49163506315936
2.4958771560405
2.49453737454117
