2.27571022525888
2.20898442394272
2.3946210853802
2.21816595584251
2.1659201233362
2.01683201692683
2.01444669352557
1.96120114823831
1.96087384930616
1.50370148330456
1.40795845389781
1.20391127960315
1.26341588770353
1.1736000851617
1.3989927600026
1.87761001778757
1.67816340370552
1.82050680202351
1.80881910881464
1.53989399899146
1.6653768773152
1.61351081485119
1.4501962777237
1.42589076225075
1.61745050394448
1.60015020036075
1.89116663732932
1.85549018948548
2.14418365661429
2.02330931199066
