1.00858873715568
1.00460981313583
1.00174963667188
1.00098192983064
1.00082349077185
1.00083008504691
1.0009388233381
1.00042636259256
1.00035237828771
1.00126358267404
1.0028555530807
1.00170294720874
1.0036123039123
1.0033423308156
1.0029626462697
2.49828377701368
2.49954767006545
2.49969891701261
2.49950165876071
2.49976697776294
2.49936781464849
2.49862254650867
2.49937149056796
2.49686529134102
2.49650588998094
2.48324184469685
2.41307100734714
2.46092408488299
2.45371479252825
2.48140694798872
