2.46973904267584
2.36388667642356
2.11113825086921
1.67422737187995
1.9846450477808
1.96522260354603
2.08277857457593
2.10416231031383
2.33742443698374
2.34892868921001
2.44010810785579
2.44116855146201
2.39384050757858
2.42831188117974
2.41766502990219
2.17338477920103
2.32282277639208
2.19487017527883
2.20635752065709
2.34769173101189
2.17157112030158
2.18022520183809
2.17853868129588
2.29037847707688
1.96725200463273
2.32207563457629
2.24640765781819
2.39862038011084
2.29881852690462
1.94422138383023
