2.4101221473184
2.34863803153376
2.25246574783742
1.97659887460476
2.11627493617602
2.13435383173005
2.16386607445977
1.70692830585864
1.62102508583976
1.54145010529332
1.67928869355622
1.48274347433821
1.28465069542525
1.55833775370088
1.71372876114693
2.41868287862978
2.3637710765412
2.43027666267064
2.44775418537771
2.22227970760039
1.95167600873639
2.00537992502241
2.0225706876775
1.99181993687075
1.83272942493722
2.14073805285803
2.23021314136232
2.35173610233291
2.27992961384053
2.29640558541611
