1.58336453362484
1.56439357886371
1.32185518108214
1.65311455038087
1.54816681470805
1.4604286840582
1.34494011717323
1.4706829299703
1.58801020287989
1.81865752813157
1.80159995604851
1.86241378065532
1.50995518671328
1.42344945465131
1.34286183350129
1.77630027240397
1.65989263465086
1.39216650875007
1.59059093932712
1.36924476109257
1.21583041685818
1.18096292611214
1.14149349657374
1.14091245240638
1.11199721953914
1.03298896577488
1.03797259948558
1.01279746122553
1.01645883692985
1.01765492160505
