1.00000924277842
1.00001033737943
1.00001582822171
1.00002633313314
1.00001585505377
1.00002828019141
1.00006724213802
1.00006177223123
1.00003787132177
1.0000281438612
1.00008456594538
1.00024497060906
1.00018426567858
1.00042390436434
1.00017566434351
2.49979990443021
2.49990985706256
2.49996279578141
2.49994005436888
2.49981258203581
2.49967563273294
2.49926904740063
2.49936352291346
2.49774147325955
2.49749411541384
2.49767949660848
2.49878953161863
2.4997747250799
2.49965332049365
2.49965541644781
