1.90619509655538
1.62961027824763
1.57103111325473
1.74099682889628
1.72008582496052
1.62911851049243
1.90908268308792
1.7438295327387
1.77788746771479
1.80965534768623
2.11310988560727
2.34571358251018
2.3363622559372
2.20370967196692
2.25854149834757
1.0002031014354
1.00031769216111
1.00061842709559
1.00078658792409
1.00072073646208
1.00214330371207
1.00212351856442
1.00364777395559
1.00343710226218
1.00512556423777
1.01496644347858
1.00943804170122
1.00476141022148
1.00418181773465
1.00737615957976
