6.48986568129986
8.20651927130685
7.72542216814046
8.07236824233052
7.47655932694268
8.08813720427477
7.63321750967068
5.89886928598211
7.19227063509051
5.88860367534097
5.90490735293347
7.25312481563176
7.83690974522196
8.52715599938873
8.69801609309535
5.98006641480272
6.83536962350461
6.82645334184868
8.386984800923
8.35053882786153
8.29065850494358
7.51966552034906
8.34627592951945
7.1690431253245
8.14246674973572
7.8857578315554
8.16500180924865
8.47273935957826
8.20886159910311
8.09362503645855
