7.1025231140824
7.00403062106794
6.87695886116866
6.86339677640135
6.83510551558674
8.26117859016039
5.80225565379925
5.55999956436146
7.23456263726696
6.35427617599221
5.88026840450443
5.53603252718001
8.11190197111089
6.83526120758201
8.21342641937793
6.07072352504065
6.99658722266063
8.6484590320073
8.67396112869481
8.37762345477835
8.70572796718229
7.43342517531954
7.86229458007754
7.09071000711429
7.41224289452093
7.54984363378056
7.38268016017087
7.11710471709629
6.98001589151257
8.05945716693124
