8.11142560388324
7.38897738829617
5.7734998368245
5.89905530175677
5.79040055764558
5.90399453144166
7.44598580210345
6.39108190298048
6.84936623659236
6.75992213455641
7.00435213335471
8.01423423553305
8.04623950544228
8.13691794214397
7.38515351173095
7.43627708562108
7.77077013782835
8.76081800695518
8.20185317338044
8.68698518504876
7.78490292168439
7.96289651597126
7.81914815870502
8.34338659070259
8.68657574333706
7.51925280464911
6.64008497556004
8.08739947429677
8.22074848446876
8.33927597870126
