5.83251348605333
6.03319699958745
8.01575968670125
7.56227780109669
7.6871780941641
7.5938772361117
8.4809514663505
8.34595809244922
7.01621361506497
6.09693682466023
5.65205336378504
6.23841252303703
6.58812839842473
6.33820021192285
5.72023138644838
6.22654299989392
5.86433412476815
6.43959860184666
5.72639566441209
7.47657777290003
7.1125249948767
7.56512038352968
8.45065989738165
8.79767096427743
8.36361669594542
7.85127111637296
5.62349477822469
6.16745957399295
6.12320020421765
7.0905485801845
