7.68405328208575
8.77999714762572
7.49164746390608
6.17380931261225
8.01098525929494
6.76514707768978
6.04376050518129
6.01270871318606
6.86435042198037
7.5803175252858
7.22707056503506
7.43753136014078
5.96359576708977
5.83788443910646
6.23078761479515
7.63500104716696
7.91454994428652
6.91910757421106
6.84547627258954
7.56007890420258
6.38045481619691
6.97778634546137
7.47789418136747
6.0615535024087
6.37555812907077
6.32751911565609
5.74815433401859
5.50800213504124
5.76955548905147
6.69828550572998
