6.09618976650963
5.52388288023996
7.80216403222839
6.8233979909872
7.3903067908487
6.79737719964334
8.02382602290064
7.51299142188037
6.61189279451611
6.78733846876216
6.8277547681096
6.75172461896253
8.66696825497036
8.43378007722
7.97303039415136
6.88157591537981
7.410465170978
8.3874755898537
8.25830358240469
7.88252565636717
8.10940237518197
8.49640208271023
8.25401412505726
6.22727666753036
5.89354236502313
5.85172864131401
6.49343578058483
7.69340635505525
6.23806869639037
5.94674077918483
