5.68859458139778
5.77536338248845
7.07939441256313
7.66308573040725
6.6451661942631
6.09342632688875
6.57632021032868
6.97422114537154
6.2960341378503
6.92569864874161
7.56085117371117
6.70765218097644
6.07187761697846
5.74355148596084
6.14256748377212
7.17107313197714
6.99045627908007
7.48835741220053
8.28738069603429
7.39198281267189
6.46268561631517
6.3742337565411
6.03083508864789
5.59354666783188
6.7946060975176
7.42216356898848
7.8441098336164
7.01583217980069
6.7176137617494
7.73259852453222
