7.67222230478855
7.42482138559404
6.56946609273676
7.74434141104233
8.59284720869512
6.20104601114766
5.58316344943057
5.59750778796174
5.80657184112072
6.40515969044654
6.33141559226219
7.24671690479247
7.04339514090192
7.4843932194092
8.17806206610391
8.31145245726345
5.74525966724632
5.59067115810689
7.24183446778949
6.50237267812749
7.67741754763099
8.07123665916575
7.50461975321087
8.43348771588791
6.97662224943961
6.83793445789564
7.05123925300118
7.93824689760599
8.08369257115881
8.34150671949264
