7.10588300068043
6.41988381759586
8.10919404367815
7.34944399011511
8.43910657645393
8.3529787831742
6.57518728572822
6.57130605104676
6.39863095022094
6.8418353738852
7.48444430781682
7.67610211994937
7.7686325861861
8.58581893224236
8.49944415719677
8.64928665440012
7.69472324390841
6.15904192955274
5.78603558883712
7.15676486607364
6.55963791643752
6.26978447140822
5.76383781119293
6.19597199457252
6.91036037979944
7.49984957416795
5.77514105448379
6.97968883517226
6.62249035398523
6.15559725164742
