7.09798997896086
6.37042067600917
5.8486545010837
6.72631952432135
7.2749401182118
8.124501534398
8.37591642774422
7.67773471009915
5.75707879880649
8.28954397779164
6.98282985603552
8.56757965007735
8.53042366574456
8.29332332910138
8.27303408774093
5.80203143248367
5.88945852965777
6.19737022696947
6.55201521794296
6.10649087523209
7.50032331269333
7.0731056204699
7.02989775331943
6.52294499699432
8.53871773222867
8.42881100354736
7.67079431679777
6.76268780088848
7.94951945817153
6.88693770647431
