6.45945400544228
5.9821621564514
7.66201241103947
7.82320936058468
8.16752702386402
8.01768742868095
5.93763247402637
6.19689530658112
8.1858842346123
8.52855269100819
7.06365662873952
6.9391209171847
7.46757877081854
6.80389425879565
6.12037052093854
8.66366582837997
8.7425153026238
8.2318342462421
8.44053093862212
7.47862311125223
6.12529454246347
7.97075392353853
8.20323841643291
7.5603645832589
8.31552811790683
7.68496961401803
8.30932762162915
8.5574724590144
7.30050072157368
6.16380052892557
