5.74819490645691
6.5663612264599
6.06873395911595
8.38183736859997
8.42723326924838
7.94550424476042
7.76221627048131
7.66514544093329
8.11642770001012
6.88433683863027
8.14821931279321
8.69267186053514
8.37809951192367
7.79751499494205
7.21536060685923
7.92236648718774
7.68817630238744
8.15400867841617
8.14756727413875
7.99848337620946
8.29319434425845
7.58688327406104
7.9995030399394
8.43612638854609
6.19546824001046
5.98915756334545
7.22799018088066
8.25339629726811
7.58510416471656
7.9820543022852
