5.71934090355232
6.68633467175099
6.35932172803483
6.28895027179737
6.4139046947647
6.15476732226055
6.08204218220574
7.24476278154585
7.63544960296015
6.12927434546175
7.01835920853526
6.33238182070951
5.6340426377187
7.64072280965952
8.65321098417528
5.64759613234511
5.59467782762591
6.68930371223199
7.38624488097469
6.50454221826811
6.71640997429678
5.60557083645345
8.43048113659045
8.49842270373715
8.64406445647516
8.453654062447
7.20861329698649
6.48963134834745
6.14323362836764
7.58780163352528
