5.77318625300941
6.57754867586314
7.10467830069961
7.5233668805486
7.88008578092143
6.30883300430961
7.37264943482243
7.24980294598155
7.15068859997693
7.85249746352433
8.77358782489909
8.47730128135226
8.05970821070686
8.73043615847084
8.35814237508236
6.98204765916358
6.36818818755001
6.89333828173131
7.54604408017793
7.69329656781784
8.2571626759008
8.53643015859561
8.52470513658021
8.06382520372402
8.02071425380539
7.69287395003328
6.4620946141992
7.30234042905391
6.70502542101867
7.27836094410699
