5.74744724607395
6.20740260881949
7.45500517891463
5.59562261177942
6.50688643882738
5.66613426515078
6.74876700909467
6.79105687961888
6.51094768133229
5.70654677868932
5.83710338771929
6.3035316273826
6.11390206631134
5.7684683422602
6.85092991927044
5.53541990696004
5.73684736819165
5.68119948227134
5.85679644081591
5.55484908440044
5.93505227391174
6.09154598632895
5.57206558591499
6.73193935949638
7.68328565256923
7.2788073884047
7.15415892868334
7.37613670543674
7.26815943899864
6.31623646196816
