7.22291198921114
7.52923236976542
6.36773352862159
6.18949179675563
7.57482085103153
7.5821575522604
7.45737053697128
6.2446091162147
6.99717473760476
8.02111307002784
8.19305472286915
7.60883277568881
8.62089338809492
8.39805779361599
5.95180676855936
7.4821279971789
8.15854342911694
8.67404635118821
7.51910297121739
7.43275814120091
7.80255699129243
7.78721820354823
8.4584293987331
8.68169219067391
7.10227203984523
8.02605348315727
7.29710747838852
8.58993933406217
8.14171498365313
8.33346795310124
