6.59422246912455
7.7908123909315
8.07121405794817
7.77131723179082
7.93118383344008
7.77262618489887
6.93091840723414
8.00161525498028
8.40450992147611
8.56968246233608
8.27305559707275
7.56788230644386
6.44696901492531
6.03093063203183
5.90853564198844
7.84255047476339
8.3118271828073
6.94089084739981
6.69066873488201
6.57121064446799
5.9462076098847
5.71673366456993
6.02383725872584
5.96379322733108
7.14620079597032
7.04168442191151
7.76452177889025
7.33522924594902
8.01919601007736
8.76602208985927
