5.70526934448272
6.44986887393897
8.64385396383149
8.25130032053981
8.69380901244286
8.06533465242945
7.32024356674172
7.36962654774058
8.44031513346474
7.26473564451027
8.15873708872598
8.33054174179725
6.09750646609881
7.6608989546997
8.04021635172229
6.05676509100358
6.2610084704128
5.52742799730278
5.52011486399198
5.55910859265987
6.68853468474583
5.77880235773988
5.82883233005561
6.8966418851577
7.57285491236861
6.92671511605811
8.42548525477258
7.21684576204129
8.31440427653699
7.80977391712189
