8.46350792917583
8.73731899026087
8.35852255155447
7.92716030866168
7.25328433648654
5.99432370679374
5.85543791285385
7.04212181286585
7.34727098371727
8.12957777213224
8.23661285097937
7.23573349758332
7.65915699810628
7.45022834105348
6.60557542520804
6.75388734672473
6.25974855972243
7.17357832419378
7.82017285872227
5.80718576963947
7.12680677349744
7.22291935633939
6.75687509122083
5.61471210693829
5.54353352992568
5.51930295950027
5.6604170773093
6.36385456744942
6.0646529885616
7.19948739973693
