6.95413041271254
6.15938003496328
8.23408439257023
8.10355672215956
8.01711374264124
8.52772083798238
8.37051517735063
7.47802595848112
7.83258987572276
7.00858580129046
7.36600006421841
7.27505287477527
7.30186284958166
7.79879806442827
8.53405793771625
7.10869633202914
7.46694578744995
8.15877956832527
8.63103749793812
7.34151177647443
7.09299760310441
5.83357745012824
7.2502406300008
8.65577604409247
6.578386270602
7.76468474762933
7.82100163303163
7.91732641519805
7.93594880615662
7.94862360870682
