7.62649299517751
7.10287124269989
7.38641486214295
7.37694766637813
7.30133492020083
7.08705581195822
6.11158179515952
6.80896273500086
8.36897226187551
8.69562009720556
8.23966168397437
8.40096181298738
8.60049268559792
7.03179215609987
7.0528451509272
8.76502531810155
8.41491948260829
8.28005470983407
7.77361429056606
7.92122387161617
7.60137598883163
7.62483997958501
6.04675877169072
5.60266991112758
5.70843770006178
5.63898502897217
8.19043284571773
7.01219849687928
6.31088831343333
6.16098583254608
