6.7418739206473
7.38470285094594
7.06952533416701
7.96820159741615
8.44350923469058
8.26229919259097
7.66820651318849
5.99165553765342
6.43043719584546
5.8928628812918
6.11505347828226
6.72611727251517
6.75676388675493
5.73010179648712
6.25693324191173
5.64386847141298
5.56884654700337
5.54304415007078
5.64578340968057
6.15629565835823
6.03655355227485
5.54777919074121
5.73716153628664
6.61376389002047
6.97547247101771
6.67177610048214
7.05429950279662
7.27279369050436
7.14026088297167
6.96163796440457
