7.06521674804271
7.78112067188949
5.97386322341446
5.57376827540923
6.73980458191289
6.9012310124423
6.91626661100296
7.42268799110677
7.33104440600916
7.20819564483237
8.114333422433
7.37337192030192
8.60627930716865
8.58615105958553
8.71430300871072
6.09476714535625
6.50895557923282
8.77937908876996
8.61418148449321
8.1751520657831
7.83440519455693
8.15150882783833
8.3344805555082
6.98719905331601
6.15957877298495
6.43402081009839
6.95414860319109
5.95006273545833
6.85177768570017
6.1659513143794
